0	6	-1.9586557103830053e-05
6	0	-1.9586557103830053e-05
2	31	-0.0001587933788794589
31	2	-0.0001587933788794589
8	2	-0.0001845812378614781
2	8	-0.0001845812378614781
0	9	-1.6179041902620065e-05
9	0	-1.6179041902620065e-05
2	32	-0.00015877233106149463
32	2	-0.00015877233106149463
8	5	-0.00016845579204157282
5	8	-0.00016845579204157282
0	3	-0.0001975638261703528
3	0	-0.0001975638261703528
2	9	-0.00015876945362332736
9	2	-0.00015876945362332736
8	19	-0.00017526789848854078
19	8	-0.00017526789848854078
0	8	-1.676581701387706e-05
8	0	-1.676581701387706e-05
2	33	-0.00015877656509072282
33	2	-0.00015877656509072282
0	7	-0.00018954152373609003
7	0	-0.00018954152373609003
0	2	-0.00012104352224611618
2	0	-0.00012104352224611618
1	6	-1.9586557103830053e-05
6	1	-1.9586557103830053e-05
1	8	-1.676581701387706e-05
8	1	-1.676581701387706e-05
2	6	-0.00019020518138705507
6	2	-0.00019020518138705507
6	19	-1.9280206798579837e-07
19	6	-1.9280206798579837e-07
1	9	-1.6179041902620065e-05
9	1	-1.6179041902620065e-05
