11	9	-4.7796794654628024e-05
9	11	-4.7796794654628024e-05
1	9	-1.6179041902620065e-05
9	1	-1.6179041902620065e-05
9	0	-1.0741272632444856e-06
0	9	-1.0741272632444856e-06
1	0	-1.3116832098458593e-05
0	1	-1.3116832098458593e-05
0	31	-1.5731273893734387e-09
31	0	-1.5731273893734387e-09
2	31	-0.00015877233106149463
31	2	-0.00015877233106149463
0	2	-2.0393521319792882e-07
2	0	-2.0393521319792882e-07
19	2	-0.00015872890968376401
2	19	-0.00015872890968376401
0	34	-6.154223095166611e-10
34	0	-6.154223095166611e-10
31	34	-0.00019752245731081004
34	31	-0.00019752245731081004
2	52	-0.00012190790551490244
52	2	-0.00012190790551490244
1	3	-1.9586557103830053e-05
3	1	-1.9586557103830053e-05
3	0	-6.9319990529717086e-09
0	3	-6.9319990529717086e-09
0	50	-1.1650262260432314e-08
50	0	-1.1650262260432314e-08
2	50	-0.0001587933788794589
50	2	-0.0001587933788794589
0	49	-1.0667306494357755e-08
49	0	-1.0667306494357755e-08
19	48	-4.403431128085902e-05
48	19	-4.403431128085902e-05
0	5	-7.947299589060278e-09
5	0	-7.947299589060278e-09
0	4	-7.194576687009374e-09
4	0	-7.194576687009374e-09
3	2	-4.573930097112846e-05
2	3	-4.573930097112846e-05
0	8	-2.18405677308665e-08
8	0	-2.18405677308665e-08
19	8	-0.00017770100984303925
8	19	-0.00017770100984303925
0	7	-1.676581701387706e-05
7	0	-1.676581701387706e-05
0	6	-0.0001456496483358744
6	0	-0.0001456496483358744
1	7	-1.676581701387706e-05
7	1	-1.676581701387706e-05
0	32	-3.921418999597568e-09
32	0	-3.921418999597568e-09
2	32	-0.00015877656509072282
32	2	-0.00015877656509072282
0	11	-1.92349426625912e-07
11	0	-1.92349426625912e-07
19	11	-0.00017938937561296918
11	19	-0.00017938937561296918
0	35	-2.9631382999313507e-09
35	0	-2.9631382999313507e-09
0	10	-0.00013227296945050485
10	0	-0.00013227296945050485
10	9	-0.00019710346789510673
9	10	-0.00019710346789510673
2	8	-0.00015880576558886691
8	2	-0.00015880576558886691
0	13	-1.937642420112391e-07
13	0	-1.937642420112391e-07
19	13	-0.00018070874761744765
13	19	-0.00018070874761744765
0	36	-2.0876290987127076e-08
36	0	-2.0876290987127076e-08
0	12	-1.0890941919717343e-08
12	0	-1.0890941919717343e-08
0	46	-1.0631630988027544e-08
46	0	-1.0631630988027544e-08
0	16	-1.9424430303339487e-07
16	0	-1.9424430303339487e-07
19	16	-0.00018115642335873208
16	19	-0.00018115642335873208
0	37	-5.128502087761872e-09
37	0	-5.128502087761872e-09
0	15	-0.0001973575989196211
15	0	-0.0001973575989196211
14	0	-0.00019735714934450375
0	14	-0.00019735714934450375
2	1	-0.00012190614544649362
1	2	-0.00012190614544649362
0	20	-4.49139269139954e-09
20	0	-4.49139269139954e-09
2	20	-0.00015876945362332736
20	2	-0.00015876945362332736
0	39	-1.9510671272811287e-07
39	0	-1.9510671272811287e-07
19	39	-0.0001819606537491929
39	19	-0.0001819606537491929
0	19	-4.4017483244440444e-05
19	0	-4.4017483244440444e-05
19	18	-4.3547145980843016e-05
18	19	-4.3547145980843016e-05
10	6	-0.00016656124926458087
6	10	-0.00016656124926458087
2	24	-0.00015876131483555443
24	2	-0.00015876131483555443
0	41	-1.975920426873013e-07
41	0	-1.975920426873013e-07
19	41	-0.00018427831651190746
41	19	-0.00018427831651190746
0	43	-1.920847771134515e-07
43	0	-1.920847771134515e-07
19	43	-0.00017914257915565814
43	19	-0.00017914257915565814
0	25	-0.00019680596023281257
25	0	-0.00019680596023281257
0	42	-0.00019680564990891437
42	0	-0.00019680564990891437
0	45	-1.9021938825581662e-07
45	0	-1.9021938825581662e-07
19	45	-0.00017740302632614804
45	19	-0.00017740302632614804
0	28	-0.00019632896587613171
28	0	-0.00019632896587613171
0	44	-0.00019632863933344286
44	0	-0.00019632863933344286
1	6	-0.00018439192225336933
6	1	-0.00018439192225336933
2	6	-0.0001198967838381351
6	2	-0.0001198967838381351
2	9	-4.507852289119339e-05
9	2	-4.507852289119339e-05
2	46	-0.0001204154627192917
46	2	-0.0001204154627192917
2	14	-0.0001204730469503817
14	2	-0.0001204730469503817
2	38	-0.00012060312572025171
38	2	-0.00012060312572025171
2	40	-0.00012097252687614771
40	2	-0.00012097252687614771
2	42	-0.00012013186262311517
42	2	-0.00012013186262311517
2	44	-0.00011984417474623914
44	2	-0.00011984417474623914
3	6	-0.00013462726759915143
6	3	-0.00013462726759915143
3	9	-0.00016320021105920902
9	3	-0.00016320021105920902
6	9	-0.00016613054045599128
9	6	-0.00016613054045599128
9	46	-0.00019720071035047202
46	9	-0.00019720071035047202
1	4	-0.00012635970470355253
4	1	-0.00012635970470355253
1	10	-0.00017750686073301334
10	1	-0.00017750686073301334
2	7	-0.00011989723002045128
7	2	-0.00011989723002045128
2	10	-0.0001201837244214248
10	2	-0.0001201837244214248
2	12	-0.00012041591158693442
12	2	-0.00012041591158693442
2	15	-0.00012047358054975005
15	2	-0.00012047358054975005
2	17	-0.00012060357564985573
17	2	-0.00012060357564985573
2	21	-0.00012097297878116406
21	2	-0.00012097297878116406
2	25	-0.00012013231006687564
25	2	-0.00012013231006687564
2	28	-0.0001198446310907254
28	2	-0.0001198446310907254
3	10	-0.00016281295632110244
10	3	-0.00016281295632110244
4	6	-0.00011856798202173896
6	4	-0.00011856798202173896
4	9	-0.00014567851007753335
9	4	-0.00014567851007753335
4	10	-0.00014533283225701038
10	4	-0.00014533283225701038
7	9	-0.0001971028781894508
9	7	-0.0001971028781894508
9	12	-0.0001972001413904994
12	9	-0.0001972001413904994
0	53	-0.00019641404022062106
53	0	-0.00019641404022062106
0	51	-0.00019477763759388896
51	0	-0.00019477763759388896
0	47	-1.163430006759945e-08
47	0	-1.163430006759945e-08
0	54	-0.00019735848103518677
54	0	-0.00019735848103518677
0	26	-0.00019680683951815855
26	0	-0.00019680683951815855
0	29	-0.00019632984268276382
29	0	-0.00019632984268276382
1	34	-6.152276188718726e-10
34	1	-6.152276188718726e-10
1	5	-0.00011357291569618734
5	1	-0.00011357291569618734
1	19	-4.4017150564001116e-05
19	1	-4.4017150564001116e-05
0	48	-8.192373404902076e-09
48	0	-8.192373404902076e-09
52	19	-4.401843459485984e-05
19	52	-4.401843459485984e-05
34	6	-5.126896823932279e-09
6	34	-5.126896823932279e-09
2	53	-0.00011989850281713275
53	2	-0.00011989850281713275
2	51	-0.00012018500151667932
51	2	-0.00012018500151667932
2	47	-0.00012041719202815982
47	2	-0.00012041719202815982
2	54	-0.00012047486203782693
54	2	-0.00012047486203782693
2	18	-0.00012060485911474942
18	2	-0.00012060485911474942
2	22	-0.00012097426786987899
22	2	-0.00012097426786987899
2	26	-0.00012013358645489227
26	2	-0.00012013358645489227
2	29	-0.000119845903108403
29	2	-0.000119845903108403
3	19	-4.403271185026555e-05
19	3	-4.403271185026555e-05
4	19	-4.403304457537885e-05
19	4	-4.403304457537885e-05
5	6	-0.00010656966521102848
6	5	-0.00010656966521102848
5	9	-0.00013258758405674119
9	5	-0.00013258758405674119
5	10	-0.00013227296945050485
10	5	-0.00013227296945050485
5	19	-4.4033996052898036e-05
19	5	-4.4033996052898036e-05
48	9	-0.00019475122152228042
9	48	-0.00019475122152228042
49	9	-0.00014956394556333013
9	49	-0.00014956394556333013
6	19	-4.329162214926291e-05
19	6	-4.329162214926291e-05
7	19	-4.329194820848209e-05
19	7	-4.329194820848209e-05
53	19	-4.329288065434285e-05
19	53	-4.329288065434285e-05
9	35	-0.00014957643707891305
35	9	-0.00014957643707891305
9	47	-0.0001971985207337123
47	9	-0.0001971985207337123
9	36	-0.0001495679464323638
36	9	-0.0001495679464323638
9	19	-4.3396191660861684e-05
19	9	-4.3396191660861684e-05
10	19	-4.3396518658776534e-05
19	10	-4.3396518658776534e-05
51	19	-4.3397453784741654e-05
19	51	-4.3397453784741654e-05
46	19	-4.348948284235963e-05
19	46	-4.348948284235963e-05
12	19	-4.348981057865992e-05
19	12	-4.348981057865992e-05
47	19	-4.349074781234348e-05
19	47	-4.349074781234348e-05
14	19	-4.349969582826682e-05
19	14	-4.349969582826682e-05
15	19	-4.3500054244460385e-05
19	15	-4.3500054244460385e-05
54	19	-4.350099210168595e-05
19	54	-4.350099210168595e-05
38	19	-4.354587851129236e-05
19	38	-4.354587851129236e-05
17	19	-4.3546206895801204e-05
19	17	-4.3546206895801204e-05
19	40	-4.367706025470473e-05
40	19	-4.367706025470473e-05
19	21	-4.367738986196004e-05
21	19	-4.367738986196004e-05
19	22	-4.367833243825046e-05
22	19	-4.367833243825046e-05
19	42	-4.337353891658083e-05
42	19	-4.337353891658083e-05
19	25	-4.33738657564228e-05
25	19	-4.33738657564228e-05
19	26	-4.3374800431278985e-05
26	19	-4.3374800431278985e-05
19	44	-4.327184592123297e-05
44	19	-4.327184592123297e-05
19	28	-4.3272175577772267e-05
28	19	-4.3272175577772267e-05
19	29	-4.327310753625631e-05
29	19	-4.327310753625631e-05
1	8	-1.9547882523373337e-07
8	1	-1.9547882523373337e-07
1	11	-0.00015829389058348513
11	1	-0.00015829389058348513
1	13	-0.00015193328271828293
13	1	-0.00015193328271828293
2	4	-0.00012192681389502921
4	2	-0.00012192681389502921
2	5	-0.000121928117268966
5	2	-0.000121928117268966
2	48	-0.00012192855669642171
48	2	-0.00012192855669642171
2	11	-0.00019054430388908077
11	2	-0.00019054430388908077
3	8	-0.00015168447209637783
8	3	-0.00015168447209637783
3	11	-1.558606194577918e-07
11	3	-1.558606194577918e-07
3	13	-0.00018761649263564534
13	3	-0.00018761649263564534
4	11	-4.849708578279827e-05
11	4	-4.849708578279827e-05
5	11	-4.849805744818739e-05
11	5	-4.849805744818739e-05
48	11	-4.849837980087933e-05
11	48	-4.849837980087933e-05
6	8	-2.0945167988942985e-07
8	6	-2.0945167988942985e-07
6	11	-0.00014853300913361588
11	6	-0.00014853300913361588
6	13	-0.00014256461564315993
13	6	-0.00014256461564315993
7	8	-0.0001491627089218381
8	7	-0.0001491627089218381
7	11	-0.0001848413933853583
11	7	-0.0001848413933853583
8	9	-1.9052239052289856e-07
9	8	-1.9052239052289856e-07
8	10	-0.0001495187653591329
10	8	-0.0001495187653591329
8	11	-0.0001957126235543108
11	8	-0.0001957126235543108
9	13	-4.744742457300858e-05
13	9	-4.744742457300858e-05
9	16	-4.7330036225584445e-05
16	9	-4.7330036225584445e-05
9	39	-4.712060395789168e-05
39	9	-4.712060395789168e-05
9	41	-4.6527278668662416e-05
41	9	-4.6527278668662416e-05
9	43	-4.786271776978199e-05
43	9	-4.786271776978199e-05
9	45	-4.833258171066218e-05
45	9	-4.833258171066218e-05
10	11	-0.00017794900244556526
11	10	-0.00017794900244556526
11	46	-4.7898047932714785e-05
46	11	-4.7898047932714785e-05
11	12	-4.789838261806805e-05
12	11	-4.789838261806805e-05
11	47	-4.7899339541037725e-05
47	11	-4.7899339541037725e-05
11	13	-0.00019612966278333821
13	11	-0.00019612966278333821
1	31	-1.5726372248016973e-09
31	1	-1.5726372248016973e-09
0	33	-2.1838781049844677e-08
33	0	-2.1838781049844677e-08
34	2	-0.00015873211558844124
2	34	-0.00015873211558844124
34	8	-0.00019748620268081405
8	34	-0.00019748620268081405
34	20	-0.00019752500993229413
20	34	-0.00019752500993229413
34	24	-0.0001975295230292306
24	34	-0.0001975295230292306
31	6	-6.085422304667453e-09
6	31	-6.085422304667453e-09
31	10	-1.367472296781929e-10
10	31	-1.367472296781929e-10
31	8	-0.0001975360143709808
8	31	-0.0001975360143709808
31	20	-0.00019756909165614107
20	31	-0.00019756909165614107
31	24	-0.0001975600636249915
24	31	-0.0001975600636249915
2	49	-0.00015875291332367172
49	2	-0.00015875291332367172
2	35	-0.00015873601856905006
35	2	-0.00015873601856905006
2	36	-0.00015875266703973162
36	2	-0.00015875266703973162
2	33	-0.0001587927773606635
33	2	-0.0001587927773606635
2	37	-0.0001587315847098413
37	2	-0.0001587315847098413
2	23	-0.00015872055419963147
23	2	-0.00015872055419963147
2	27	-0.00015872099350302542
27	2	-0.00015872099350302542
2	30	-0.00015872901951782603
30	2	-0.00015872901951782603
50	9	-0.00014952617960980644
9	50	-0.00014952617960980644
6	20	-4.489956978878234e-09
20	6	-4.489956978878234e-09
9	32	-0.00014953857925339084
32	9	-0.00014953857925339084
9	33	-0.0001495305055995137
33	9	-0.0001495305055995137
8	20	-0.00019753282319020415
20	8	-0.00019753282319020415
8	24	-0.00019752379698654917
24	8	-0.00019752379698654917
20	24	-0.00019756325530603295
24	20	-0.00019756325530603295
49	11	-6.314606969513093e-05
11	49	-6.314606969513093e-05
50	11	-6.316275611264312e-05
11	50	-6.316275611264312e-05
11	36	-6.315211944565524e-05
36	11	-6.315211944565524e-05
11	33	-6.316865230999643e-05
33	11	-6.316865230999643e-05
