11	6	-0.00015024540763006463
6	11	-0.00015024540763006463
1	6	-1.6179041902620065e-05
6	1	-1.6179041902620065e-05
6	0	-1.6179041902620065e-05
0	6	-1.6179041902620065e-05
0	57	-0.0001524712851156436
57	0	-0.0001524712851156436
16	57	-0.00015877233106149463
57	16	-0.00015877233106149463
0	56	-0.0001525097897140482
56	0	-0.0001525097897140482
5	55	-2.216953603216371e-09
55	5	-2.216953603216371e-09
0	2	-1.3003523388434887e-06
2	0	-1.3003523388434887e-06
1	0	-1.3116832098458593e-05
0	1	-1.3116832098458593e-05
0	3	-2.9551983492155976e-09
3	0	-2.9551983492155976e-09
10	3	-0.00016656124926458087
3	10	-0.00016656124926458087
3	4	-0.00019098210286820096
4	3	-0.00019098210286820096
4	6	-0.00014816418343619516
6	4	-0.00014816418343619516
16	6	-6.673794829730443e-05
6	16	-6.673794829730443e-05
0	37	-1.642836267985222e-07
37	0	-1.642836267985222e-07
5	37	-1.9704419953384618e-07
37	5	-1.9704419953384618e-07
0	5	-1.214044831519836e-09
5	0	-1.214044831519836e-09
6	5	-0.000197522183860467
5	6	-0.000197522183860467
37	4	-1.9704419953384618e-07
4	37	-1.9704419953384618e-07
5	4	-4.2990421126352215e-05
4	5	-4.2990421126352215e-05
0	36	-0.000191989709841829
36	0	-0.000191989709841829
0	39	-1.681300541046136e-07
39	0	-1.681300541046136e-07
5	39	-2.0165766104771586e-07
39	5	-2.0165766104771586e-07
0	9	-0.00013681811356205795
9	0	-0.00013681811356205795
6	9	-0.00019146318467332956
9	6	-0.00019146318467332956
9	8	-0.0001908526090447948
8	9	-0.0001908526090447948
0	7	-1.7390401869762912e-05
7	0	-1.7390401869762912e-05
8	7	-0.00019757066676231959
7	8	-0.00019757066676231959
0	38	-0.00019312122947133512
38	0	-0.00019312122947133512
8	1	-0.000193114997435022
1	8	-0.000193114997435022
0	13	-0.0001649916532257883
13	0	-0.0001649916532257883
16	13	-0.00015876945362332736
13	16	-0.00015876945362332736
0	41	-1.7364862781771319e-07
41	0	-1.7364862781771319e-07
5	41	-2.0827671956898794e-07
41	5	-2.0827671956898794e-07
0	12	-0.00015849116973151476
12	0	-0.00015849116973151476
13	12	-0.00019752204713557937
12	13	-0.00019752204713557937
12	11	-0.00018307224762334446
11	12	-0.00018307224762334446
0	10	-0.00013227296945050485
10	0	-0.00013227296945050485
11	10	-0.00017794900244556526
10	11	-0.00017794900244556526
40	0	-0.00019468206991816303
0	40	-0.00019468206991816303
15	2	-0.0001910750556517115
2	15	-0.0001910750556517115
1	2	-1.9586557103830053e-05
2	1	-1.9586557103830053e-05
0	32	-6.97647798765614e-09
32	0	-6.97647798765614e-09
16	32	-0.0001587933788794589
32	16	-0.0001587933788794589
0	16	-1.6122792365317189e-07
16	0	-1.6122792365317189e-07
5	16	-1.93379144214444e-07
16	5	-1.93379144214444e-07
1	42	-0.00015249282308911878
42	1	-0.00015249282308911878
16	52	-0.00011851546033450161
52	16	-0.00011851546033450161
0	15	-4.305019841983861e-09
15	0	-4.305019841983861e-09
0	14	-4.0497804650709224e-09
14	0	-4.0497804650709224e-09
15	14	-0.00019757172195957587
14	15	-0.00019757172195957587
0	4	-1.213742179142123e-09
4	0	-1.213742179142123e-09
9	4	-0.0001656382029586221
4	9	-0.0001656382029586221
5	20	-0.00019751767141538767
20	5	-0.00019751767141538767
16	20	-6.674096681790814e-05
20	16	-6.674096681790814e-05
0	44	-1.6376682597431253e-07
44	0	-1.6376682597431253e-07
5	44	-1.964243410201934e-07
44	5	-1.964243410201934e-07
20	19	-0.00019752243452325255
19	20	-0.00019752243452325255
0	17	-0.00019183684463403944
17	0	-0.00019183684463403944
43	0	-0.00019183642247758956
0	43	-0.00019183642247758956
12	7	-0.00017765630457824185
7	12	-0.00017765630457824185
1	7	-1.7390401869762912e-05
7	1	-1.7390401869762912e-05
0	33	-6.2469116621496135e-09
33	0	-6.2469116621496135e-09
16	33	-0.00015878075811202785
33	16	-0.00015878075811202785
0	23	-1.4933069475999496e-08
23	0	-1.4933069475999496e-08
5	23	-2.5807991827223555e-08
23	5	-2.5807991827223555e-08
0	45	-5.288076838502077e-09
45	0	-5.288076838502077e-09
23	54	-0.0001492154959110826
54	23	-0.0001492154959110826
0	22	-0.00019338706205739663
22	0	-0.00019338706205739663
0	21	-0.00019338675315339784
21	0	-0.00019338675315339784
13	5	-2.234296871863733e-09
5	13	-2.234296871863733e-09
1	5	-9.501217882189541e-10
5	1	-9.501217882189541e-10
0	34	-6.9992769353282215e-09
34	0	-6.9992769353282215e-09
16	34	-0.00015878499234151728
34	16	-0.00015878499234151728
0	26	-1.6649189408737536e-07
26	0	-1.6649189408737536e-07
5	26	-1.9969282781633774e-07
26	5	-1.9969282781633774e-07
0	46	-6.040230914345138e-09
46	0	-6.040230914345138e-09
0	25	-0.00019265361247274734
25	0	-0.00019265361247274734
0	24	-0.00019265330493363337
24	0	-0.00019265330493363337
0	48	-1.777242983494309e-07
48	0	-1.777242983494309e-07
5	48	-2.1316513878115267e-07
48	5	-2.1316513878115267e-07
20	29	-0.00019752232058554387
29	20	-0.00019752232058554387
0	27	-0.0001957842010272487
27	0	-0.0001957842010272487
47	0	-0.00019578376670061973
0	47	-0.00019578376670061973
16	23	-0.00015880939718482064
23	16	-0.00015880939718482064
23	35	-0.00019756145475138413
35	23	-0.00019756145475138413
1	35	-0.00015245154852884342
35	1	-0.00015245154852884342
0	31	-1.6608384235483222e-07
31	0	-1.6608384235483222e-07
5	31	-1.9920340456355087e-07
31	5	-1.9920340456355087e-07
0	49	-1.3971335803449857e-08
49	0	-1.3971335803449857e-08
0	30	-5.606453152158979e-09
30	0	-5.606453152158979e-09
0	50	-5.349275009446423e-09
50	0	-5.349275009446423e-09
1	14	-0.00011357291569618734
14	1	-0.00011357291569618734
1	24	-0.0001926536137541234
24	1	-0.0001926536137541234
1	50	-0.00019253480948423288
50	1	-0.00019253480948423288
1	3	-2.6913370406260798e-09
3	1	-2.6913370406260798e-09
1	10	-0.00017750686073301334
10	1	-0.00017750686073301334
1	15	-0.00012635970470355253
15	1	-0.00012635970470355253
1	25	-0.00019265392129331785
25	1	-0.00019265392129331785
1	30	-0.0001925351167848928
30	1	-0.0001925351167848928
3	7	-0.0001535169253472956
7	3	-0.0001535169253472956
3	14	-7.417308079333506e-09
14	3	-7.417308079333506e-09
3	15	-7.67250258842571e-09
15	3	-7.67250258842571e-09
3	21	-2.2383240448440685e-09
21	3	-2.2383240448440685e-09
3	22	-2.496596120150398e-09
22	3	-2.496596120150398e-09
3	24	-3.9794075255225325e-09
24	3	-3.9794075255225325e-09
3	25	-4.2367034259062826e-09
25	3	-4.2367034259062826e-09
3	50	-1.5222112048254684e-08
50	3	-1.5222112048254684e-08
3	30	-1.5479266493913062e-08
30	3	-1.5479266493913062e-08
7	10	-0.0001833738685344214
10	7	-0.0001833738685344214
7	14	-0.0001954792616497318
14	7	-0.0001954792616497318
7	15	-0.0001954795673949447
15	7	-0.0001954795673949447
7	50	-0.00019697158733165127
50	7	-0.00019697158733165127
7	30	-0.00019697189578736805
30	7	-0.00019697189578736805
10	14	-2.9770682449176474e-09
14	10	-2.9770682449176474e-09
10	15	-3.232250532644133e-09
15	10	-3.232250532644133e-09
10	50	-1.0747818729996512e-08
50	10	-1.0747818729996512e-08
10	30	-1.100496076650966e-08
30	10	-1.100496076650966e-08
0	8	-0.00017433692237649805
8	0	-0.00017433692237649805
0	11	-0.0001807671137174453
11	0	-0.0001807671137174453
0	52	-3.845593496599686e-09
52	0	-3.845593496599686e-09
0	18	-0.0001918377119844493
18	0	-0.0001918377119844493
0	54	-0.00019338793746864289
54	0	-0.00019338793746864289
0	53	-1.5784173458908916e-09
53	0	-1.5784173458908916e-09
0	28	-0.00019578508901172954
28	0	-0.00019578508901172954
0	51	-6.343697573105212e-09
51	0	-6.343697573105212e-09
1	55	-0.00019756950351488474
55	1	-0.00019756950351488474
1	56	-0.00015250928132225117
56	1	-0.00015250928132225117
1	57	-0.00015247077678747013
57	1	-0.00015247077678747013
1	4	-9.49883661397444e-10
4	1	-9.49883661397444e-10
1	37	-5.0552702916942676e-05
37	1	-5.0552702916942676e-05
1	9	-0.0001710806795908503
9	1	-0.0001710806795908503
1	39	-4.939504099983363e-05
39	1	-4.939504099983363e-05
1	11	-0.0001946792481846649
11	1	-0.0001946792481846649
1	12	-0.00015251156925287547
12	1	-0.00015251156925287547
1	41	-4.782368715774783e-05
41	1	-4.782368715774783e-05
1	13	-0.00015247295890083177
13	1	-0.00015247295890083177
1	52	-0.0001910770930831761
52	1	-0.0001910770930831761
1	16	-5.1511751196628775e-05
16	1	-5.1511751196628775e-05
1	32	-0.00015245481701407654
32	1	-0.00015245481701407654
1	44	-5.0712388914686485e-05
44	1	-5.0712388914686485e-05
1	20	-0.000152475298245506
20	1	-0.000152475298245506
1	45	-0.00015250257357762043
45	1	-0.00015250257357762043
1	23	-1.9573225892619567e-07
23	1	-1.9573225892619567e-07
1	33	-0.0001524643864691249
33	1	-0.0001524643864691249
1	53	-0.0001926547928687506
53	1	-0.0001926547928687506
1	46	-0.00015250010151670058
46	1	-0.00015250010151670058
1	26	-4.9881539748412684e-05
26	1	-4.9881539748412684e-05
1	34	-0.00015246117581187426
34	1	-0.00015246117581187426
1	48	-4.672583273043047e-05
48	1	-4.672583273043047e-05
1	51	-0.00019253598768948716
51	1	-0.00019253598768948716
1	49	-0.0001524902608051276
49	1	-0.0001524902608051276
1	31	-5.000421546423835e-05
31	1	-5.000421546423835e-05
0	55	-0.00019757008413761795
55	0	-0.00019757008413761795
0	42	-5.994681611714617e-09
42	0	-5.994681611714617e-09
0	20	-0.000152475602904481
20	0	-0.000152475602904481
0	35	-1.493225100997181e-08
35	0	-1.493225100997181e-08
2	3	-3.7116052561194577e-09
3	2	-3.7116052561194577e-09
2	4	-1.9701411786036954e-09
4	2	-1.9701411786036954e-09
2	5	-1.9706248985971173e-09
5	2	-1.9706248985971173e-09
2	37	-5.055403372952564e-05
37	2	-5.055403372952564e-05
2	6	-0.00015247821000545728
6	2	-0.00015247821000545728
2	7	-0.00019311123887798403
7	2	-0.00019311123887798403
2	8	-0.00019311283573110458
8	2	-0.00019311283573110458
2	9	-0.00016840751092119638
9	2	-0.00016840751092119638
2	39	-4.9396364700541115e-05
39	2	-4.9396364700541115e-05
2	10	-0.00016281295632110244
10	2	-0.00016281295632110244
2	11	-0.00019467706104775093
11	2	-0.00019467706104775093
2	12	-0.00019508457398344928
12	2	-0.00019508457398344928
2	41	-4.78250012051423e-05
41	2	-4.78250012051423e-05
2	13	-0.00019220833008530317
13	2	-0.00019220833008530317
2	14	-0.00019107475104451242
14	2	-0.00019107475104451242
2	16	-5.151308790094217e-05
16	2	-5.151308790094217e-05
2	44	-5.071372070826995e-05
44	2	-5.071372070826995e-05
2	20	-0.00015247646811380582
20	2	-0.00015247646811380582
2	23	-1.545938505726621e-07
23	2	-1.545938505726621e-07
2	26	-4.988286643783256e-05
26	2	-4.988286643783256e-05
2	48	-4.672714003336538e-05
48	2	-4.672714003336538e-05
2	50	-0.00019253362647149043
50	2	-0.00019253362647149043
2	30	-0.00019253393377184237
30	2	-0.00019253393377184237
2	51	-0.00019253480467561546
51	2	-0.00019253480467561546
2	49	-0.00015249221816170734
49	2	-0.00015249221816170734
2	31	-5.0005542907293117e-05
31	2	-5.0005542907293117e-05
2	35	-0.0001524535056402444
35	2	-0.0001524535056402444
55	3	-3.9578788939677705e-09
3	55	-3.9578788939677705e-09
55	4	-2.216412180621954e-09
4	55	-2.216412180621954e-09
55	6	-0.00015247849707063883
6	55	-0.00015247849707063883
55	16	-0.00012253933055551432
16	55	-0.00012253933055551432
55	20	-0.000152476755178522
20	55	-0.000152476755178522
55	23	-0.00015244562591679617
23	55	-0.00015244562591679617
56	3	-5.126889728460735e-09
3	56	-5.126889728460735e-09
56	4	-2.8710582479380154e-09
4	56	-2.8710582479380154e-09
56	5	-2.8719668017651358e-09
5	56	-2.8719668017651358e-09
56	6	-0.00019752924956778075
6	56	-0.00019752924956778075
56	16	-0.00015873189591410713
16	56	-0.00015873189591410713
56	20	-0.0001975269930224365
20	56	-0.0001975269930224365
56	23	-0.0001974814395844934
23	56	-0.0001974814395844934
57	3	-6.085422304667453e-09
3	57	-6.085422304667453e-09
57	4	-3.8290297647345785e-09
4	57	-3.8290297647345785e-09
57	5	-3.830223208909254e-09
5	57	-3.830223208909254e-09
57	6	-0.0001975600636249915
6	57	-0.0001975600636249915
57	10	-1.367472296781929e-10
10	57	-1.367472296781929e-10
57	20	-0.00019756457758899847
20	57	-0.00019756457758899847
57	23	-0.00019753152349878604
23	57	-0.00019753152349878604
6	37	-6.549535259595426e-05
37	6	-6.549535259595426e-05
6	3	-0.00014816279429300856
3	6	-0.00014816279429300856
6	39	-6.399542214168421e-05
39	6	-6.399542214168421e-05
6	41	-6.195948967526557e-05
41	6	-6.195948967526557e-05
6	14	-0.00013258758405674119
14	6	-0.00013258758405674119
6	15	-0.00014567851007753335
15	6	-0.00014567851007753335
6	52	-0.0001474656806056758
52	6	-0.0001474656806056758
6	42	-0.00019754158068405547
42	6	-0.00019754158068405547
6	32	-0.00019753672032564958
32	6	-0.00019753672032564958
6	44	-6.570225055778286e-05
44	6	-6.570225055778286e-05
6	45	-0.00019753433241434247
45	6	-0.00019753433241434247
6	23	-1.9076937684926307e-07
23	6	-1.9076937684926307e-07
6	33	-0.0001975507168556857
33	6	-0.0001975507168556857
6	7	-0.0001490359888367317
7	6	-0.0001490359888367317
6	53	-0.0001486824875516697
53	6	-0.0001486824875516697
6	46	-0.00019753572299100765
46	6	-0.00019753572299100765
6	26	-6.462575667905956e-05
26	6	-6.462575667905956e-05
6	34	-0.0001975460208409342
34	6	-0.0001975460208409342
6	48	-6.0537049094339556e-05
48	6	-6.0537049094339556e-05
6	50	-0.00014859222979285154
50	6	-0.00014859222979285154
6	30	-0.00014859252565363777
30	6	-0.00014859252565363777
6	51	-0.00014859336605187317
51	6	-0.00014859336605187317
6	49	-0.0001975369334963586
49	6	-0.0001975369334963586
6	31	-6.478470208397172e-05
31	6	-6.478470208397172e-05
6	35	-0.0001975301342210306
35	6	-0.0001975301342210306
36	5	-4.298917308548791e-05
5	36	-4.298917308548791e-05
36	6	-0.00014816230702738853
6	36	-0.00014816230702738853
36	16	-0.00011906728305752613
16	36	-0.00011906728305752613
36	20	-0.00014815934498007532
20	36	-0.00014815934498007532
36	23	-0.00014812784306394639
23	36	-0.00014812784306394639
3	5	-4.2989496430379624e-05
5	3	-4.2989496430379624e-05
3	37	-2.038435636864606e-07
37	3	-2.038435636864606e-07
3	8	-0.0001545629324538704
8	3	-0.0001545629324538704
3	9	-0.00016053132594432638
9	3	-0.00016053132594432638
3	39	-2.0861622097930312e-07
39	3	-2.0861622097930312e-07
3	11	-0.00014853300913361588
11	3	-0.00014853300913361588
3	12	-3.5318264115298057e-09
12	3	-3.5318264115298057e-09
3	41	-2.1546368200793176e-07
41	3	-2.1546368200793176e-07
3	13	-4.489956978878234e-09
13	3	-4.489956978878234e-09
3	52	-8.40406413120802e-09
52	3	-8.40406413120802e-09
3	42	-1.6771672407637816e-08
42	3	-1.6771672407637816e-08
3	16	-2.000520390479156e-07
16	3	-2.000520390479156e-07
3	32	-1.7755895085080635e-08
32	3	-1.7755895085080635e-08
3	19	-1.2760026363052778e-09
19	3	-1.2760026363052778e-09
3	44	-2.0320231584103662e-07
44	3	-2.0320231584103662e-07
3	20	-2.2335571512034128e-09
20	3	-2.2335571512034128e-09
3	54	-3.2369803908672724e-09
54	3	-3.2369803908672724e-09
3	45	-9.798307925993069e-09
45	3	-9.798307925993069e-09
3	23	-2.8059426987973436e-08
23	3	-2.8059426987973436e-08
3	33	-1.0758004704240769e-08
33	3	-1.0758004704240769e-08
3	53	-4.974289204726082e-09
53	3	-4.974289204726082e-09
3	46	-1.2145429923202871e-08
46	3	-1.2145429923202871e-08
3	26	-2.0658358764687708e-07
26	3	-2.0658358764687708e-07
3	34	-1.310577586449386e-08
34	3	-1.310577586449386e-08
3	29	-1.2760019005068575e-09
29	3	-1.2760019005068575e-09
3	48	-2.2052078490849117e-07
48	3	-2.2052078490849117e-07
3	51	-1.6216446178896427e-08
51	3	-1.6216446178896427e-08
3	49	-2.709381698445496e-08
49	3	-2.709381698445496e-08
3	31	-2.0607727596536037e-07
31	3	-2.0607727596536037e-07
3	35	-2.8057889388101897e-08
35	3	-2.8057889388101897e-08
4	7	-0.0001584006578695907
7	4	-0.0001584006578695907
4	8	-0.00015947994090918308
8	4	-0.00015947994090918308
4	39	-2.0165766104771586e-07
39	4	-2.0165766104771586e-07
4	10	-0.00017185995224568417
10	4	-0.00017185995224568417
4	11	-0.00015325819162212103
11	4	-0.00015325819162212103
4	12	-1.2760147035204506e-09
12	4	-1.2760147035204506e-09
4	41	-2.0827671956898794e-07
41	4	-2.0827671956898794e-07
4	13	-2.2335826595434893e-09
13	4	-2.2335826595434893e-09
4	14	-5.733102804438974e-09
14	4	-5.733102804438974e-09
4	15	-5.9882947031615315e-09
15	4	-5.9882947031615315e-09
4	52	-6.719848849852567e-09
52	4	-6.719848849852567e-09
4	42	-1.4515700168023493e-08
42	4	-1.4515700168023493e-08
4	16	-1.93379144214444e-07
16	4	-1.93379144214444e-07
4	32	-1.549936926553894e-08
32	4	-1.549936926553894e-08
4	19	-1.2764313095166171e-09
19	4	-1.2764313095166171e-09
4	44	-1.964243410201934e-07
44	4	-1.964243410201934e-07
4	20	-2.234296871863733e-09
20	4	-2.234296871863733e-09
4	21	-5.337541953089738e-10
21	4	-5.337541953089738e-10
4	22	-7.920235967373693e-10
22	4	-7.920235967373693e-10
4	54	-1.5324002914212107e-09
54	4	-1.5324002914212107e-09
4	45	-7.542418426752808e-09
45	4	-7.542418426752808e-09
4	23	-2.5802819943449174e-08
23	4	-2.5802819943449174e-08
4	33	-8.501558802291966e-09
33	4	-8.501558802291966e-09
4	24	-2.2812982797176615e-09
24	4	-2.2812982797176615e-09
4	25	-2.538591526453969e-09
25	4	-2.538591526453969e-09
4	53	-3.276169786560974e-09
53	4	-3.276169786560974e-09
4	46	-9.88952455285187e-09
46	4	-9.88952455285187e-09
4	26	-1.9969282781633774e-07
26	4	-1.9969282781633774e-07
4	34	-1.0849303150433181e-08
34	4	-1.0849303150433181e-08
4	29	-1.276430573223731e-09
29	4	-1.276430573223731e-09
4	48	-2.1316513878115267e-07
48	4	-2.1316513878115267e-07
4	50	-1.352505225909116e-08
50	4	-1.352505225909116e-08
4	30	-1.3782204054381068e-08
30	4	-1.3782204054381068e-08
4	51	-1.451937622994215e-08
51	4	-1.451937622994215e-08
4	49	-2.4837897824269057e-08
49	4	-2.4837897824269057e-08
4	31	-1.9920340456355087e-07
31	4	-1.9920340456355087e-07
4	35	-2.580140600108152e-08
35	4	-2.580140600108152e-08
5	38	-4.324245772347072e-05
38	5	-4.324245772347072e-05
5	7	-4.324278337021878e-05
7	5	-4.324278337021878e-05
5	8	-4.3243714638544724e-05
8	5	-4.3243714638544724e-05
5	9	-0.00018253960973975837
9	5	-0.00018253960973975837
5	40	-4.359526268655899e-05
40	5	-4.359526268655899e-05
5	10	-4.359562211830229e-05
10	5	-4.359562211830229e-05
5	11	-4.359656249009469e-05
11	5	-4.359656249009469e-05
5	12	-1.2764288061242785e-09
12	5	-1.2764288061242785e-09
5	14	-5.7343530114659734e-09
14	5	-5.7343530114659734e-09
5	15	-5.9895928236297255e-09
15	5	-5.9895928236297255e-09
5	52	-6.721280668835739e-09
52	5	-6.721280668835739e-09
5	42	-1.4519437972099671e-08
42	5	-1.4519437972099671e-08
5	32	-1.550328441701365e-08
32	5	-1.550328441701365e-08
5	43	-4.2956540337938164e-05
43	5	-4.2956540337938164e-05
5	17	-4.295688936839462e-05
17	5	-4.295688936839462e-05
5	18	-4.295781318286282e-05
18	5	-4.295781318286282e-05
5	21	-5.338862381031212e-10
21	5	-5.338862381031212e-10
5	22	-7.922184959683567e-10
22	5	-7.922184959683567e-10
5	54	-1.5327716371656614e-09
54	5	-1.5327716371656614e-09
5	45	-7.54462686872495e-09
45	5	-7.54462686872495e-09
5	33	-8.504007481685429e-09
33	5	-8.504007481685429e-09
5	24	-2.281840287783421e-09
24	5	-2.281840287783421e-09
5	25	-2.5391913576715466e-09
25	5	-2.5391913576715466e-09
5	53	-3.2769316637517494e-09
53	5	-3.2769316637517494e-09
5	46	-9.892302705002988e-09
46	5	-9.892302705002988e-09
5	34	-1.0852299091909558e-08
34	5	-1.0852299091909558e-08
5	47	-4.384017102653405e-05
47	5	-4.384017102653405e-05
5	27	-4.3840529185650277e-05
27	5	-4.3840529185650277e-05
5	28	-4.384147597937909e-05
28	5	-4.384147597937909e-05
5	50	-1.352749353350393e-08
50	5	-1.352749353350393e-08
5	30	-1.3784673805308305e-08
30	5	-1.3784673805308305e-08
5	51	-1.4521923903838141e-08
51	5	-1.4521923903838141e-08
5	49	-2.4842995148059286e-08
49	5	-2.4842995148059286e-08
5	35	-2.5806577317997074e-08
35	5	-2.5806577317997074e-08
37	7	-4.9405923599481047e-05
7	37	-4.9405923599481047e-05
37	20	-6.549835692565548e-05
20	37	-6.549835692565548e-05
6	38	-0.0001490354973312144
38	6	-0.0001490354973312144
6	8	-0.00014903739004346517
8	6	-0.00014903739004346517
6	40	-0.00015024338683026085
40	6	-0.00015024338683026085
6	10	-0.00015024398969180208
10	6	-0.00015024398969180208
6	12	-0.00019752751730133205
12	6	-0.00019752751730133205
6	13	-0.00019756325530603295
13	6	-0.00019756325530603295
6	43	-0.00014804566905513104
43	6	-0.00014804566905513104
6	17	-0.00014804624536218506
17	6	-0.00014804624536218506
6	18	-0.00014804763288278397
18	6	-0.00014804763288278397
6	19	-0.00019752564815340274
19	6	-0.00019752564815340274
6	20	-0.00019756776934296374
20	6	-0.00019756776934296374
6	21	-0.00014924672675642998
21	6	-0.00014924672675642998
6	22	-0.0001492470241175278
22	6	-0.0001492470241175278
6	54	-0.00014924786874767528
54	6	-0.00014924786874767528
6	24	-0.00014868135043996446
24	6	-0.00014868135043996446
6	25	-0.0001486816465238245
25	6	-0.0001486816465238245
6	47	-0.00015109188220533155
47	6	-0.00015109188220533155
6	27	-0.00015109247709134917
27	6	-0.00015109247709134917
6	28	-0.00015109390687246597
28	6	-0.00015109390687246597
6	29	-0.00019752553421328826
29	6	-0.00019752553421328826
38	16	-0.00011976880652309383
16	38	-0.00011976880652309383
38	20	-0.0001490325103022497
20	38	-0.0001490325103022497
38	23	-0.00014900073664120373
23	38	-0.00014900073664120373
7	9	-0.00018967493414324794
9	7	-0.00018967493414324794
7	39	-4.827433325471464e-05
39	7	-4.827433325471464e-05
7	11	-0.0001959831948064307
11	7	-0.0001959831948064307
7	41	-4.673836769375337e-05
41	7	-4.673836769375337e-05
7	13	-0.0001706568482240219
13	7	-0.0001706568482240219
7	52	-0.0001954804337639862
52	7	-0.0001954804337639862
7	42	-0.00014904959308768994
42	7	-0.00014904959308768994
7	16	-5.0343373261959165e-05
16	7	-5.0343373261959165e-05
7	32	-0.00014901245599392764
32	7	-0.00014901245599392764
7	44	-4.956201332703514e-05
44	7	-4.956201332703514e-05
7	20	-0.0001490330017988509
20	7	-0.0001490330017988509
7	23	-1.7628503527367088e-07
23	7	-1.7628503527367088e-07
7	46	-0.00014905664672066194
46	7	-0.00014905664672066194
7	26	-4.874987562031977e-05
26	7	-4.874987562031977e-05
7	34	-0.0001490186104288408
34	7	-0.0001490186104288408
7	48	-4.566523792110459e-05
48	7	-4.566523792110459e-05
7	51	-0.00019697276977211696
51	7	-0.00019697276977211696
7	49	-0.00014904722428309703
49	7	-0.00014904722428309703
7	31	-4.8869788570304584e-05
31	7	-4.8869788570304584e-05
7	35	-0.0001490093965601778
35	7	-0.0001490093965601778
8	10	-0.00018451242067652702
10	8	-0.00018451242067652702
8	11	-0.00019598480445150618
11	8	-0.00019598480445150618
8	12	-0.0001765600587786665
12	8	-0.0001765600587786665
8	13	-0.000169603793262204
13	8	-0.000169603793262204
8	14	-0.00019547839383963212
14	8	-0.00019547839383963212
8	15	-0.00019547869958462083
15	8	-0.00019547869958462083
8	52	-0.00019547956595306436
52	8	-0.00019547956595306436
8	42	-0.00014905099426492621
42	8	-0.00014905099426492621
8	16	-0.00011977052296508095
16	8	-0.00011977052296508095
8	32	-0.00014901385700105723
32	8	-0.00014901385700105723
8	20	-0.00014903440298024773
20	8	-0.00014903440298024773
8	23	-4.802017412251367e-05
23	8	-4.802017412251367e-05
8	33	-0.00014902311898382247
33	8	-0.00014902311898382247
8	46	-0.00014905804795397142
46	8	-0.00014905804795397142
8	34	-0.0001490200114881705
34	8	-0.0001490200114881705
8	50	-0.00019697071293092855
50	8	-0.00019697071293092855
8	30	-0.00019697102138641767
30	8	-0.00019697102138641767
8	51	-0.0001969718953705596
51	8	-0.0001969718953705596
8	49	-0.00014904862539456961
49	8	-0.00014904862539456961
8	35	-0.00014901079749860688
35	8	-0.00014901079749860688
9	10	-0.0001910088652520708
10	9	-0.0001910088652520708
9	11	-0.00018406365961234837
11	9	-0.00018406365961234837
9	12	-0.00017055503574166418
12	9	-0.00017055503574166418
9	13	-0.00016383536130342637
13	9	-0.00016383536130342637
9	14	-1.3099100277637642e-09
14	9	-1.3099100277637642e-09
9	15	-1.5650897315961042e-09
15	9	-1.5650897315961042e-09
9	52	-2.2966091478251616e-09
52	9	-2.2966091478251616e-09
9	42	-8.590683816924836e-09
42	9	-8.590683816924836e-09
9	16	-0.00015872077385102446
16	9	-0.00015872077385102446
9	32	-9.572871474416982e-09
32	9	-9.572871474416982e-09
9	20	-0.0001975175346951851
20	9	-0.0001975175346951851
9	45	-1.6178148048578308e-09
45	9	-1.6178148048578308e-09
9	23	-1.9875819981077967e-08
23	9	-1.9875819981077967e-08
9	33	-2.575467063684251e-09
33	9	-2.575467063684251e-09
9	46	-3.9648134712182625e-09
46	9	-3.9648134712182625e-09
9	34	-4.923075183977901e-09
34	9	-4.923075183977901e-09
9	50	-9.067936376663723e-09
50	9	-9.067936376663723e-09
9	30	-9.32507578969043e-09
30	9	-9.32507578969043e-09
9	51	-1.0062212701165432e-08
51	9	-1.0062212701165432e-08
9	49	-1.8912731588664544e-08
49	9	-1.8912731588664544e-08
9	35	-1.987473085685766e-08
35	9	-1.987473085685766e-08
39	20	-6.399840934162488e-05
20	39	-6.399840934162488e-05
40	16	-0.00012073989838627402
16	40	-0.00012073989838627402
40	20	-0.00015024036516771657
20	40	-0.00015024036516771657
40	23	-0.00015020821467208172
23	40	-0.00015020821467208172
10	12	-0.00016488913963905974
12	10	-0.00016488913963905974
10	13	-0.00015839269506351592
13	10	-0.00015839269506351592
10	52	-3.963777269950097e-09
52	10	-3.963777269950097e-09
10	42	-1.0823805870130762e-08
42	10	-1.0823805870130762e-08
10	16	-0.00012074043378171153
16	10	-0.00012074043378171153
10	32	-1.1806541485114278e-08
32	10	-1.1806541485114278e-08
10	20	-0.00015024096801712625
20	10	-0.00015024096801712625
10	45	-3.8508549580418765e-09
45	10	-3.8508549580418765e-09
10	23	-2.2109570391795443e-08
23	10	-2.2109570391795443e-08
10	33	-4.8090579684723655e-09
33	10	-4.8090579684723655e-09
10	53	-4.974184266152309e-10
53	10	-4.974184266152309e-10
10	46	-6.197869334318206e-09
46	10	-6.197869334318206e-09
10	34	-7.156692628560467e-09
34	10	-7.156692628560467e-09
10	51	-1.1742105111240752e-08
51	10	-1.1742105111240752e-08
10	49	-2.114580110154301e-08
49	10	-2.114580110154301e-08
10	35	-2.2108358865999924e-08
35	10	-2.2108358865999924e-08
11	13	-0.00017585940927262775
13	11	-0.00017585940927262775
11	14	-0.0001939111798473026
14	11	-0.0001939111798473026
11	15	-0.00019391148518736295
15	11	-0.00019391148518736295
11	42	-0.00015025904367624816
42	11	-0.00015025904367624816
11	16	-0.0001207417193153895
16	11	-0.0001207417193153895
11	32	-0.00015022160171529822
32	11	-0.00015022160171529822
11	20	-0.00015024238592954703
20	11	-0.00015024238592954703
11	23	-4.841162485371436e-05
23	11	-4.841162485371436e-05
11	34	-0.0001502278275629271
34	11	-0.0001502278275629271
11	50	-0.00019539159666107263
50	11	-0.00019539159666107263
11	30	-0.0001953919047054596
30	11	-0.0001953919047054596
11	51	-0.00019539277759332793
51	11	-0.00019539277759332793
11	49	-0.00015025660764345476
49	11	-0.00015025660764345476
11	35	-0.00015021846958735896
35	11	-0.00015021846958735896
12	14	-0.00015849116973151476
14	12	-0.00015849116973151476
12	15	-0.00017413966497082886
15	12	-0.00017413966497082886
12	16	-0.00015872890968376401
16	12	-0.00015872890968376401
12	32	-0.0001974955209337647
32	12	-0.0001974955209337647
12	20	-0.0001975252607575498
20	12	-0.0001975252607575498
12	23	-6.364640575482685e-05
23	12	-6.364640575482685e-05
12	50	-0.0001486259027932315
50	12	-0.0001486259027932315
12	30	-0.00014862619866278407
30	12	-0.00014862619866278407
12	51	-0.00014862703908439636
51	12	-0.00014862703908439636
12	49	-0.0001975393054083631
49	12	-0.0001975393054083631
12	35	-0.00019748893846936527
35	12	-0.00019748893846936527
41	20	-6.196245362410447e-05
20	41	-6.196245362410447e-05
13	14	-0.0001649916532257883
14	13	-0.0001649916532257883
13	15	-0.00018128196835441045
15	13	-0.00018128196835441045
13	20	-0.00019756776934296369
20	13	-0.00019756776934296369
13	23	-6.366323675347326e-05
23	13	-6.366323675347326e-05
13	50	-0.00014858883506063398
50	13	-0.00014858883506063398
13	30	-0.00014858913092053643
30	13	-0.00014858913092053643
13	51	-0.0001485899713164151
51	13	-0.0001485899713164151
13	49	-0.00019753242073210233
49	13	-0.00019753242073210233
13	35	-0.00019753916056425603
35	13	-0.00019753916056425603
14	16	-0.00011851376952555578
16	14	-0.00011851376952555578
14	20	-0.0001474628694067753
20	14	-0.0001474628694067753
14	23	-0.00014743587780822426
23	14	-0.00014743587780822426
15	16	-0.00011851420838527712
16	15	-0.00011851420838527712
15	20	-0.00014746316274577052
20	15	-0.00014746316274577052
15	23	-4.7523974386533846e-05
23	15	-4.7523974386533846e-05
15	49	-0.00014748186499125997
49	15	-0.00014748186499125997
15	35	-0.00014744444358040696
35	15	-0.00014744444358040696
52	20	-0.00014746399603153348
20	52	-0.00014746399603153348
52	23	-0.0001474377407676898
23	52	-0.0001474377407676898
42	16	-0.00015875344430599968
16	42	-0.00015875344430599968
42	20	-0.00019753932413090123
20	42	-0.00019753932413090123
42	23	-0.00019750541127206252
23	42	-0.00019750541127206252
16	43	-0.00011897390766048532
43	16	-0.00011897390766048532
16	17	-0.00011897442097819335
17	16	-0.00011897442097819335
16	18	-0.00011897567994085672
18	16	-0.00011897567994085672
16	19	-0.0001587251529063254
19	16	-0.0001587251529063254
16	21	-0.00011994148032657141
21	16	-0.00011994148032657141
16	22	-0.00011994192673219757
22	16	-0.00011994192673219757
16	54	-0.00011994320016455188
54	16	-0.00011994320016455188
16	45	-0.00015874064945024653
45	16	-0.00015874064945024653
16	24	-0.00011948864125296302
24	16	-0.00011948864125296302
16	25	-0.00011948908525903057
25	16	-0.00011948908525903057
16	53	-0.00011949035185993771
53	16	-0.00011949035185993771
16	46	-0.00015874411321200962
46	16	-0.00015874411321200962
16	47	-0.00012142124152685189
47	16	-0.00012142124152685189
16	27	-0.00012142177080163324
27	16	-0.00012142177080163324
16	28	-0.00012142306667365957
28	16	-0.00012142306667365957
16	29	-0.00015872506138108833
29	16	-0.00015872506138108833
16	50	-0.00011942604198822459
50	16	-0.00011942604198822459
16	30	-0.00011942648562213343
30	16	-0.00011942648562213343
16	51	-0.00011942775116327963
51	16	-0.00011942775116327963
16	49	-0.0001587600314452472
49	16	-0.0001587600314452472
16	35	-0.00015880069499487067
35	16	-0.00015880069499487067
32	20	-0.00019754123375632484
20	32	-0.00019754123375632484
32	23	-0.00019755486599548557
23	32	-0.00019755486599548557
43	20	-0.0001480427103719128
20	43	-0.0001480427103719128
43	23	-0.00014801124503767342
23	43	-0.00014801124503767342
17	20	-0.00014804328666763735
20	17	-0.00014804328666763735
17	23	-0.00014801182120892926
23	17	-0.00014801182120892926
18	20	-0.00014804467416331034
20	18	-0.00014804467416331034
18	23	-0.000148013208429931
23	18	-0.000148013208429931
19	23	-0.0001974739888032946
23	19	-0.0001974739888032946
44	20	-6.570525725033531e-05
20	44	-6.570525725033531e-05
20	21	-0.00014924502176489539
21	20	-0.00014924502176489539
20	22	-0.0001492453191255473
22	20	-0.0001492453191255473
20	54	-0.00014924616375450585
54	20	-0.00014924616375450585
20	45	-0.00019753207586431225
45	20	-0.00019753207586431225
20	23	-6.366025334721259e-05
23	20	-6.366025334721259e-05
20	33	-0.00019755523060614033
33	20	-0.00019755523060614033
20	24	-0.00014867965192726904
24	20	-0.00014867965192726904
20	25	-0.00014867994801068659
25	20	-0.00014867994801068659
20	53	-0.0001486807890373518
53	20	-0.0001486807890373518
20	46	-0.00019753346645191134
46	20	-0.00019753346645191134
20	26	-6.462875107765378e-05
26	20	-6.462875107765378e-05
20	34	-0.0001975505344840975
34	20	-0.0001975505344840975
20	47	-0.00015108883603041383
47	20	-0.00015108883603041383
20	27	-0.00015108943090451354
27	20	-0.00015108943090451354
20	28	-0.0001510908606594285
28	20	-0.0001510908606594285
20	48	-6.0539996798380915e-05
48	20	-6.0539996798380915e-05
20	50	-0.00014859053242674276
50	20	-0.00014859053242674276
20	30	-0.0001485908282870871
30	20	-0.0001485908282870871
20	51	-0.00014859166868414416
51	20	-0.00014859166868414416
20	49	-0.00019753467711423046
49	20	-0.00019753467711423046
20	31	-6.478769829778125e-05
31	20	-6.478769829778125e-05
20	35	-0.00019753464734109086
35	20	-0.00019753464734109086
21	23	-0.0001492135997306825
23	21	-0.0001492135997306825
22	23	-0.0001492140921380866
23	22	-0.0001492140921380866
45	23	-0.0001974911919361757
23	45	-0.0001974911919361757
23	33	-0.00019754086928455827
33	23	-0.00019754086928455827
23	24	-0.0001486497198604928
24	23	-0.0001486497198604928
23	25	-0.00014865020951999435
25	23	-0.00014865020951999435
23	53	-0.0001486516054745486
53	23	-0.0001486516054745486
23	46	-0.00019749492916972753
46	23	-0.00019749492916972753
23	34	-0.0001975455651389244
34	23	-0.0001975455651389244
23	47	-0.00015105641878882485
47	23	-0.00015105641878882485
23	27	-0.0001510570135319377
27	23	-0.0001510570135319377
23	28	-0.00015105844299802146
28	23	-0.00015105844299802146
23	29	-0.00019747387490841835
29	23	-0.00019747387490841835
23	50	-0.00014856908514557856
50	23	-0.00014856908514557856
23	30	-0.0001485695743764677
30	23	-0.0001485695743764677
23	51	-0.0001485709691113056
51	23	-0.0001485709691113056
23	49	-0.0001975110879612062
49	23	-0.0001975110879612062
