2	0	-5.602764441361547e-09
0	2	-5.602764441361547e-09
0	4	-0.00015078047751121434
4	0	-0.00015078047751121434
1	4	-1.7550507331476697e-08
4	1	-1.7550507331476697e-08
4	31	-0.00019755612096135792
31	4	-0.00019755612096135792
2	1	-1.7626703704364258e-07
1	2	-1.7626703704364258e-07
13	1	-0.00015872077385102446
1	13	-0.00015872077385102446
1	50	-4.66076176342607e-05
50	1	-4.66076176342607e-05
1	0	-4.660666027578678e-05
0	1	-4.660666027578678e-05
0	5	-1.807017848933998e-05
5	0	-1.807017848933998e-05
5	2	-0.0001480854876201098
2	5	-0.0001480854876201098
1	32	-6.10552740145951e-05
32	1	-6.10552740145951e-05
13	4	-1.9704419953384618e-07
4	13	-1.9704419953384618e-07
4	54	-0.00014815037410510732
54	4	-0.00014815037410510732
0	3	-1.8790418437020857e-05
3	0	-1.8790418437020857e-05
3	2	-0.00015398786893409207
2	3	-0.00015398786893409207
8	3	-0.00017683265151520044
3	8	-0.00017683265151520044
2	33	-0.00014815936207099412
33	2	-0.00014815936207099412
1	33	-5.014301666569434e-09
33	1	-5.014301666569434e-09
1	7	-0.00018451242067652702
7	1	-0.00018451242067652702
13	7	-0.00017185995224568417
7	13	-0.00017185995224568417
7	52	-4.777502797781947e-05
52	7	-4.777502797781947e-05
0	6	-0.00013681811356205795
6	0	-0.00013681811356205795
13	10	-0.00018311302780577642
10	13	-0.00018311302780577642
0	9	-0.0001649916532257883
9	0	-0.0001649916532257883
0	8	-0.0001720481745498189
8	0	-0.0001720481745498189
9	8	-0.00019757171109164424
8	9	-0.00019757171109164424
0	11	-0.00011529487701907426
11	0	-0.00011529487701907426
7	11	-4.69899225351047e-05
11	7	-4.69899225351047e-05
11	12	-0.00018439192225336933
12	11	-0.00018439192225336933
1	14	-6.103808949892645e-05
14	1	-6.103808949892645e-05
13	39	-6.722436534101641e-05
39	13	-6.722436534101641e-05
0	13	-4.377322482109402e-05
13	0	-4.377322482109402e-05
14	13	-0.00019752204713557943
13	14	-0.00019752204713557943
39	12	-1.853078474968934e-07
12	39	-1.853078474968934e-07
13	12	-4.269911261907807e-05
12	13	-4.269911261907807e-05
0	38	-0.00019342981539307582
38	0	-0.00019342981539307582
13	41	-0.0001805180216592698
41	13	-0.0001805180216592698
0	15	-0.00019686611928735484
15	0	-0.00019686611928735484
0	40	-0.00019686580835676304
40	0	-0.00019686580835676304
0	12	-1.3902511765987186e-08
12	0	-1.3902511765987186e-08
1	12	-2.114172781263422e-07
12	1	-2.114172781263422e-07
14	21	-0.00019756325530603295
21	14	-0.00019756325530603295
1	21	-0.00015876945362332736
21	1	-0.00015876945362332736
13	43	-0.00018151707800039923
43	13	-0.00018151707800039923
1	20	-0.0001587296602195505
20	1	-0.0001587296602195505
0	18	-0.00019713932615561113
18	0	-0.00019713932615561113
0	42	-0.00019713901472712762
42	0	-0.00019713901472712762
13	23	-0.00017699225898133283
23	13	-0.00017699225898133283
0	22	-0.0001959012899574897
22	0	-0.0001959012899574897
0	49	-0.0001959009808360283
49	0	-0.0001959009808360283
6	13	-4.3411779166950864e-05
13	6	-4.3411779166950864e-05
12	27	-0.00014715699362929634
27	12	-0.00014715699362929634
1	27	-0.00015876538418296818
27	1	-0.00015876538418296818
0	24	-0.00019343198417687873
24	0	-0.00019343198417687873
0	45	-0.0001934316795583739
45	0	-0.0001934316795583739
13	47	-0.00017762741892292667
47	13	-0.00017762741892292667
1	30	-0.00015872944054980514
30	1	-0.00015872944054980514
0	28	-0.00019607838636606837
28	0	-0.00019607838636606837
0	46	-0.00019607807689091497
46	0	-0.00019607807689091497
48	2	-5.341764686496658e-09
2	48	-5.341764686496658e-09
2	8	-0.0001720481745498189
8	2	-0.0001720481745498189
2	49	-5.279680523454071e-09
49	2	-5.279680523454071e-09
5	8	-0.00019661054712510518
8	5	-0.00019661054712510518
48	3	-0.00019412807427957106
3	48	-0.00019412807427957106
48	11	-0.00019279288910505773
11	48	-0.00019279288910505773
2	6	-0.00017554283532468602
6	2	-0.00017554283532468602
2	9	-0.0001947575130974099
9	2	-0.0001947575130974099
2	11	-0.00010656966521102848
11	2	-0.00010656966521102848
2	22	-5.53764681594838e-09
22	2	-5.53764681594838e-09
3	5	-0.00019571131831460294
5	3	-0.00019571131831460294
3	6	-0.00019571075648621222
6	3	-0.00019571075648621222
3	9	-0.00019475807295684898
9	3	-0.00019475807295684898
3	11	-0.0001409648400683985
11	3	-0.0001409648400683985
3	49	-0.00019641096887246034
49	3	-0.00019641096887246034
3	22	-0.0001964104061626158
22	3	-0.0001964104061626158
5	11	-0.00014717935287804855
11	5	-0.00014717935287804855
6	8	-0.0001966108575672324
8	6	-0.0001966108575672324
6	11	-0.00016053132594432638
11	6	-0.00016053132594432638
8	11	-0.00012459790534199346
11	8	-0.00012459790534199346
9	11	-0.0001305662988324494
11	9	-0.0001305662988324494
11	49	-0.00019506019729607652
49	11	-0.00019506019729607652
11	22	-0.0001950596401695366
22	11	-0.0001950596401695366
0	54	-0.00019476098734665063
54	0	-0.00019476098734665063
0	52	-0.00019661177171770297
52	0	-0.00019661177171770297
0	16	-0.00019686700028910133
16	0	-0.00019686700028910133
0	19	-0.0001971402085561289
19	0	-0.0001971402085561289
0	51	-0.0001959021658751947
51	0	-0.0001959021658751947
0	25	-0.0001934328474414009
25	0	-0.0001934328474414009
0	29	-0.00019607926327825956
29	0	-0.00019607926327825956
48	12	-1.3641509818284624e-08
12	48	-1.3641509818284624e-08
48	13	-4.3772894499821104e-05
13	48	-4.3772894499821104e-05
50	2	-6.350964167405511e-09
2	50	-6.350964167405511e-09
50	3	-0.0001941259201929872
3	50	-0.0001941259201929872
50	11	-0.0001927907563811504
11	50	-0.0001927907563811504
50	12	-1.465071733960394e-08
12	50	-1.465071733960394e-08
50	13	-4.377416943526546e-05
13	50	-4.377416943526546e-05
34	2	-1.385674250569286e-08
2	34	-1.385674250569286e-08
34	3	-0.00014819830149217687
3	34	-0.00014819830149217687
34	8	-0.00015033949765679792
8	34	-0.00015033949765679792
34	11	-0.00014717672704309947
11	34	-0.00014717672704309947
34	12	-2.472790397808676e-08
12	34	-2.472790397808676e-08
2	12	-2.274094260937134e-09
12	2	-2.274094260937134e-09
2	13	-4.3001183972013984e-05
13	2	-4.3001183972013984e-05
2	51	-6.27715060662133e-09
51	2	-6.27715060662133e-09
2	44	-1.3856705741978883e-08
44	2	-1.3856705741978883e-08
3	12	-2.5305717142914976e-09
12	3	-2.5305717142914976e-09
3	13	-4.3001507351893134e-05
13	3	-4.3001507351893134e-05
3	51	-0.0001964088033276162
51	3	-0.0001964088033276162
3	44	-0.00014819869472481256
44	3	-0.00014819869472481256
54	11	-0.00019621191753515097
11	54	-0.00019621191753515097
54	12	-3.2658076490953134e-09
12	54	-3.2658076490953134e-09
54	13	-4.3002432147428024e-05
13	54	-4.3002432147428024e-05
35	11	-0.0001471785261571347
11	35	-0.0001471785261571347
35	12	-9.892336942483938e-09
12	35	-9.892336942483938e-09
5	12	-4.03902343506594e-09
12	5	-4.03902343506594e-09
5	13	-4.3411452069843435e-05
13	5	-4.3411452069843435e-05
6	12	-4.2979363201838945e-09
12	6	-4.2979363201838945e-09
52	11	-0.00019436311929102294
11	52	-0.00019436311929102294
52	12	-5.04015374550722e-09
12	52	-5.04015374550722e-09
52	13	-4.341271457594847e-05
13	52	-4.341271457594847e-05
36	11	-0.00014717602587947183
11	36	-0.00014717602587947183
36	12	-1.2194429856550616e-08
12	36	-1.2194429856550616e-08
8	12	-4.058780644151737e-09
12	8	-4.058780644151737e-09
8	13	-4.362374905104649e-05
13	8	-4.362374905104649e-05
8	44	-0.00015033989656697286
44	8	-0.00015033989656697286
9	12	-4.318960028078894e-09
12	9	-4.318960028078894e-09
9	13	-4.362407808317258e-05
13	9	-4.362407808317258e-05
53	11	-0.00019341694397908307
11	53	-0.00019341694397908307
53	12	-5.064808088107669e-09
12	53	-5.064808088107669e-09
53	13	-4.3625019016979096e-05
13	53	-4.3625019016979096e-05
37	11	-0.0001471754315393256
11	37	-0.0001471754315393256
37	12	-1.2194479095978306e-08
12	37	-1.2194479095978306e-08
38	13	-4.2697874762260716e-05
13	38	-4.2697874762260716e-05
11	13	-4.269819546557355e-05
13	11	-4.269819546557355e-05
11	20	-0.00014718923466246181
20	11	-0.00014718923466246181
11	51	-0.0001950580532698363
51	11	-0.0001950580532698363
11	44	-0.0001471771175910193
44	11	-0.0001471771175910193
11	26	-0.00014719266084598016
26	11	-0.00014719266084598016
11	30	-0.00014718943844461586
30	11	-0.00014718943844461586
12	20	-3.5329892996217162e-09
20	12	-3.5329892996217162e-09
12	49	-1.3482962639700297e-08
49	12	-1.3482962639700297e-08
12	22	-1.3740931074356375e-08
22	12	-1.3740931074356375e-08
12	51	-1.4480440577466187e-08
51	12	-1.4480440577466187e-08
12	44	-2.4727838371787972e-08
44	12	-2.4727838371787972e-08
12	26	-0.00014719403631408543
26	12	-0.00014719403631408543
12	30	-3.532984408510124e-09
30	12	-3.532984408510124e-09
13	40	-4.345610318812362e-05
40	13	-4.345610318812362e-05
13	15	-4.3456430780100134e-05
15	13	-4.3456430780100134e-05
13	16	-4.345736760244225e-05
16	13	-4.345736760244225e-05
13	42	-4.351981620858757e-05
42	13	-4.351981620858757e-05
13	18	-4.3520144355472884e-05
18	13	-4.3520144355472884e-05
13	19	-4.352108276205955e-05
19	13	-4.352108276205955e-05
13	49	-4.326425117809155e-05
49	13	-4.326425117809155e-05
13	22	-4.326457686422183e-05
22	13	-4.326457686422183e-05
13	51	-4.326550824426991e-05
51	13	-4.326550824426991e-05
13	45	-4.269995913315306e-05
45	13	-4.269995913315306e-05
13	24	-4.270027984272132e-05
24	13	-4.270027984272132e-05
13	25	-4.270119701402994e-05
25	13	-4.270119701402994e-05
13	46	-4.3285675247780606e-05
46	13	-4.3285675247780606e-05
13	28	-4.328600126208819e-05
28	13	-4.328600126208819e-05
13	29	-4.328693357975877e-05
29	13	-4.328693357975877e-05
48	1	-4.66063254566178e-05
1	48	-4.66063254566178e-05
48	4	-0.00015077997750598786
4	48	-0.00015077997750598786
48	7	-4.8170548886940735e-05
7	48	-4.8170548886940735e-05
0	7	-4.8170886185315635e-05
7	0	-4.8170886185315635e-05
50	4	-0.0001507819029010305
4	50	-0.0001507819029010305
50	7	-4.817185056824899e-05
7	50	-4.817185056824899e-05
1	3	-1.8790418437020857e-05
3	1	-1.8790418437020857e-05
1	54	-0.00011908482723115978
54	1	-0.00011908482723115978
1	5	-1.807017848933998e-05
5	1	-1.807017848933998e-05
1	6	-0.00012021664391385502
6	1	-0.00012021664391385502
1	52	-0.00012021792144944788
52	1	-0.00012021792144944788
1	8	-0.00012080409475032096
8	1	-0.00012080409475032096
1	9	-0.0001208045457161878
9	1	-0.0001208045457161878
1	53	-0.00012080583213101877
53	1	-0.00012080583213101877
1	38	-0.00011826047293729184
38	1	-0.00011826047293729184
1	11	-4.54633689338254e-05
11	1	-4.54633689338254e-05
1	40	-0.00012036054121320285
40	1	-0.00012036054121320285
1	15	-0.00012036098986868957
15	1	-0.00012036098986868957
1	16	-0.00012036226970638049
16	1	-0.00012036226970638049
1	42	-0.00012053094448801754
42	1	-0.00012053094448801754
1	18	-0.00012053139403455145
18	1	-0.00012053139403455145
1	19	-0.00012053267640888759
19	1	-0.00012053267640888759
1	49	-4.6064746065974724e-05
49	1	-4.6064746065974724e-05
1	22	-4.6065076146040855e-05
22	1	-4.6065076146040855e-05
1	51	-4.6066019975830535e-05
51	1	-4.6066019975830535e-05
1	45	-0.00011826327155419352
45	1	-0.00011826327155419352
1	24	-0.00011826370914166702
24	1	-0.00011826370914166702
1	25	-0.00011826495746900403
25	1	-0.00011826495746900403
1	46	-0.0001198824759601604
46	1	-0.0001198824759601604
1	28	-0.00011988292207134503
28	1	-0.00011988292207134503
1	29	-0.00011988419466554573
29	1	-0.00011988419466554573
2	4	-1.2516149983555015e-08
4	2	-1.2516149983555015e-08
2	7	-1.7054749313484207e-07
7	2	-1.7054749313484207e-07
2	10	-1.7394486906142486e-07
10	2	-1.7394486906142486e-07
2	39	-1.5326363848930785e-07
39	2	-1.5326363848930785e-07
2	41	-1.7147957312026897e-07
41	2	-1.7147957312026897e-07
2	43	-1.7242869134341477e-07
43	2	-1.7242869134341477e-07
2	23	-1.681300541046136e-07
23	2	-1.681300541046136e-07
2	47	-1.687334632086667e-07
47	2	-1.687334632086667e-07
3	4	-1.251328379867624e-08
4	3	-1.251328379867624e-08
3	7	-4.732273855968241e-05
7	3	-4.732273855968241e-05
3	10	-4.6397553706550875e-05
10	3	-4.6397553706550875e-05
3	39	-1.5325102899424785e-07
39	3	-1.5325102899424785e-07
3	41	-4.706526222366624e-05
41	3	-4.706526222366624e-05
3	43	-4.680593968898524e-05
43	3	-4.680593968898524e-05
3	23	-4.8003832017117835e-05
23	3	-4.8003832017117835e-05
3	47	-4.783199878583152e-05
47	3	-4.783199878583152e-05
54	7	-4.732368244279775e-05
7	54	-4.732368244279775e-05
4	5	-1.6426975058548966e-07
5	4	-1.6426975058548966e-07
4	6	-4.959734438151242e-05
6	4	-4.959734438151242e-05
4	52	-0.00014955984647980114
52	4	-0.00014955984647980114
4	7	-2.199511633100651e-08
7	4	-2.199511633100651e-08
4	8	-6.450381265984289e-09
8	4	-6.450381265984289e-09
4	9	-4.983989806715525e-05
9	4	-4.983989806715525e-05
4	53	-0.00015029137761922768
53	4	-0.00015029137761922768
4	38	-0.0001471272687245928
38	4	-0.0001471272687245928
4	11	-2.794483792538439e-08
11	4	-2.794483792538439e-08
4	12	-2.3431723806929162e-08
12	4	-2.3431723806929162e-08
4	40	-0.00014974040690679308
40	4	-0.00014974040690679308
4	15	-0.0001497409018982027
15	4	-0.0001497409018982027
4	16	-0.00014974231302330226
16	4	-0.00014974231302330226
4	42	-0.00014995160586216128
42	4	-0.00014995160586216128
4	18	-0.00014995210187338765
18	4	-0.00014995210187338765
4	19	-0.0001499535158999871
19	4	-0.0001499535158999871
4	49	-0.0001490276035663649
49	4	-0.0001490276035663649
4	22	-0.00014902809501493586
22	4	-0.00014902809501493586
4	51	-0.00014902949605953968
51	4	-0.00014902949605953968
4	45	-0.00014713034072527014
45	4	-0.00014713034072527014
4	24	-0.00014713082304528783
24	4	-0.00014713082304528783
4	25	-0.00014713219811703462
25	4	-0.00014713219811703462
4	46	-0.00014914471171934498
46	4	-0.00014914471171934498
4	28	-0.00014914520379615963
28	4	-0.00014914520379615963
4	29	-0.00014914660662858443
29	4	-0.00014914660662858443
5	7	-1.7053253864244315e-07
7	5	-1.7053253864244315e-07
5	39	-5.091958682760436e-05
39	5	-5.091958682760436e-05
6	7	-4.777407311675549e-05
7	6	-4.777407311675549e-05
7	8	-4.800737420768882e-05
8	7	-4.800737420768882e-05
7	9	-4.8007710172471695e-05
9	7	-4.8007710172471695e-05
7	53	-4.800867074910976e-05
53	7	-4.800867074910976e-05
7	12	-2.0455717299492552e-07
12	7	-2.0455717299492552e-07
7	49	-4.761079275389362e-05
49	7	-4.761079275389362e-05
7	22	-4.761112525588217e-05
22	7	-4.761112525588217e-05
7	51	-4.761207594782657e-05
51	7	-4.761207594782657e-05
10	11	-4.607105322510705e-05
11	10	-4.607105322510705e-05
10	12	-2.086320356760986e-07
12	10	-2.086320356760986e-07
11	39	-1.985536791952273e-07
39	11	-1.985536791952273e-07
11	41	-4.673420379693566e-05
41	11	-4.673420379693566e-05
11	43	-4.6476651462715486e-05
43	11	-4.6476651462715486e-05
11	23	-4.766636667830406e-05
23	11	-4.766636667830406e-05
11	47	-4.749570642361841e-05
47	11	-4.749570642361841e-05
12	41	-2.0567512344567376e-07
41	12	-2.0567512344567376e-07
12	43	-2.06813509809472e-07
43	12	-2.06813509809472e-07
12	23	-2.0165766104771586e-07
23	12	-2.0165766104771586e-07
12	47	-2.0238139880671606e-07
47	12	-2.0238139880671606e-07
48	14	-0.00015080019208542217
14	48	-0.00015080019208542217
0	14	-0.00015080049292599427
14	0	-0.00015080049292599427
50	14	-0.0001508013473680024
14	50	-0.0001508013473680024
34	1	-6.105134273103574e-05
1	34	-6.105134273103574e-05
34	4	-0.00019750630474092365
4	34	-0.00019750630474092365
34	7	-6.310014643854566e-05
7	34	-6.310014643854566e-05
34	14	-0.000197527773255872
14	34	-0.000197527773255872
1	31	-1.754907193022749e-08
31	1	-1.754907193022749e-08
1	35	-6.103917706732399e-05
35	1	-6.103917706732399e-05
1	36	-6.104198545453044e-05
36	1	-6.104198545453044e-05
1	37	-6.104223186730674e-05
37	1	-6.104223186730674e-05
1	17	-0.00015872088367694894
17	1	-0.00015872088367694894
1	44	-6.10511807873246e-05
44	1	-6.10511807873246e-05
1	26	-0.00015872506138108833
26	1	-0.00015872506138108833
31	2	-1.2515126092238752e-08
2	31	-1.2515126092238752e-08
31	3	-1.2512260376227132e-08
3	31	-1.2512260376227132e-08
31	5	-0.00014957018087564792
5	31	-0.00014957018087564792
31	6	-0.00014957067495759976
6	31	-0.00014957067495759976
31	7	-2.1993317419051335e-08
7	31	-2.1993317419051335e-08
31	33	-0.00019756120451895092
33	31	-0.00019756120451895092
31	8	-6.449853709421271e-09
8	31	-6.449853709421271e-09
31	9	-0.00015030225578623995
9	31	-0.00015030225578623995
31	11	-2.7942552340191034e-08
11	31	-2.7942552340191034e-08
31	12	-2.3429807345608795e-08
12	31	-2.3429807345608795e-08
31	13	-0.00019748973797607057
13	31	-0.00019748973797607057
31	39	-6.727153521752022e-05
39	31	-6.727153521752022e-05
31	14	-2.3434516617161092e-08
14	31	-2.3434516617161092e-08
31	21	-0.00019757212390947583
21	31	-0.00019757212390947583
2	14	-0.00014817663074585789
14	2	-0.00014817663074585789
3	14	-0.00014817692569357992
14	3	-0.00014817692569357992
54	14	-0.0001481777635169956
14	54	-0.0001481777635169956
35	4	-0.00019750010254627443
4	35	-0.00019750010254627443
35	7	-6.308807033207955e-05
7	35	-6.308807033207955e-05
35	14	-0.00019753640666656376
14	35	-0.00019753640666656376
4	32	-0.000197550056178822
32	4	-0.000197550056178822
4	36	-0.00019750404492299757
36	4	-0.00019750404492299757
4	33	-0.00019755466101493627
33	4	-0.00019755466101493627
4	37	-0.000197504842362657
37	4	-0.000197504842362657
4	14	-2.3436433848988268e-08
14	4	-2.3436433848988268e-08
4	17	-0.0001974737165132099
17	4	-0.0001974737165132099
4	20	-0.00019748353663989773
20	4	-0.00019748353663989773
4	21	-0.00019753282319020415
21	4	-0.00019753282319020415
4	44	-0.00019750578073392022
44	4	-0.00019750578073392022
4	26	-0.00019747836454605131
26	4	-0.00019747836454605131
4	27	-0.000197528310036825
27	4	-0.000197528310036825
4	30	-0.00019748326327516293
30	4	-0.00019748326327516293
32	7	-6.310467546999677e-05
7	32	-6.310467546999677e-05
32	11	-0.00014714148520938132
11	32	-0.00014714148520938132
32	12	-1.0852299091909558e-08
12	32	-1.0852299091909558e-08
32	14	-0.0001975460208409342
14	32	-0.0001975460208409342
5	33	-0.00014956897908065237
33	5	-0.00014956897908065237
5	14	-0.00014958514661374755
14	5	-0.00014958514661374755
6	33	-0.00014956947318445454
33	6	-0.00014956947318445454
6	14	-0.00014958544473083388
14	6	-0.00014958544473083388
52	14	-0.00014958629149289623
14	52	-0.00014958629149289623
36	7	-6.309089573368466e-05
7	36	-6.309089573368466e-05
36	14	-0.0001975380479061269
14	36	-0.0001975380479061269
7	33	-9.45879632557416e-09
33	7	-9.45879632557416e-09
7	37	-6.309115041745125e-05
37	7	-6.309115041745125e-05
7	14	-6.308735478178811e-05
14	7	-6.308735478178811e-05
7	44	-6.309997906021406e-05
44	7	-6.309997906021406e-05
33	11	-1.5408013415852734e-08
11	33	-1.5408013415852734e-08
33	12	-1.0895015403517168e-08
12	33	-1.0895015403517168e-08
33	13	-0.0001974911913936128
13	33	-0.0001974911913936128
33	39	-6.726277085013497e-05
39	33	-6.726277085013497e-05
33	14	-1.0897896987253707e-08
14	33	-1.0897896987253707e-08
33	21	-0.00019755044329836655
21	33	-0.00019755044329836655
8	14	-0.00015031685443007745
14	8	-0.00015031685443007745
9	14	-0.0001503171541981417
14	9	-0.0001503171541981417
53	14	-0.00015031800561611798
14	53	-0.00015031800561611798
37	14	-0.00019753884553754884
14	37	-0.00019753884553754884
10	14	-6.185385274498626e-05
14	10	-6.185385274498626e-05
11	14	-0.00018439192225336933
14	11	-0.00018439192225336933
11	21	-4.489956978878234e-09
21	11	-4.489956978878234e-09
11	27	-0.00014715561832853694
27	11	-0.00014715561832853694
12	21	-4.49139269139954e-09
21	12	-4.49139269139954e-09
13	21	-0.0001975130223578643
21	13	-0.0001975130223578643
39	14	-1.853078474968934e-07
14	39	-1.853078474968934e-07
39	21	-6.724813692204055e-05
21	39	-6.724813692204055e-05
14	41	-6.274407464287402e-05
41	14	-6.274407464287402e-05
14	43	-6.239833306092427e-05
43	14	-6.239833306092427e-05
14	49	-0.00014904753088416193
49	14	-0.00014904753088416193
14	22	-0.00014904782777056083
22	14	-0.00014904782777056083
14	51	-0.00014904867106140129
51	14	-0.00014904867106140129
14	44	-0.00019752724918937114
44	14	-0.00019752724918937114
14	23	-6.399542214168421e-05
23	14	-6.399542214168421e-05
14	47	-6.376632561025648e-05
47	14	-6.376632561025648e-05
