0	7	-1.6179041902620065e-05
7	0	-1.6179041902620065e-05
7	4	-0.00019065758922589618
4	7	-0.00019065758922589618
0	1	-3.9514456696606546e-05
1	0	-3.9514456696606546e-05
2	32	-0.00015877233106149463
32	2	-0.00015877233106149463
1	2	-2.1414626382073437e-07
2	1	-2.1414626382073437e-07
5	2	-6.024630466616253e-05
2	5	-6.024630466616253e-05
0	35	-0.00015129496496470133
35	0	-0.00015129496496470133
2	53	-0.00012156195744304786
53	2	-0.00012156195744304786
8	0	-0.0001656382029586221
0	8	-0.0001656382029586221
1	6	-1.676581701387706e-05
6	1	-1.676581701387706e-05
2	6	-6.026232917824713e-05
6	2	-6.026232917824713e-05
0	37	-5.055291179392116e-05
37	0	-5.055291179392116e-05
5	37	-0.00017155864104720107
37	5	-0.00017155864104720107
0	5	-1.7390401869762912e-05
5	0	-1.7390401869762912e-05
6	5	-0.00019752191041088105
5	6	-0.00019752191041088105
37	4	-1.8395225419131412e-07
4	37	-1.8395225419131412e-07
5	4	-4.290375557560668e-05
4	5	-4.290375557560668e-05
0	3	-0.0001931261010532322
3	0	-0.0001931261010532322
4	3	-0.0001660858649899482
3	4	-0.0001660858649899482
0	36	-0.00019609657722684254
36	0	-0.00019609657722684254
11	6	-0.0001780933259565364
6	11	-0.0001780933259565364
0	6	-1.676581701387706e-05
6	0	-1.676581701387706e-05
6	4	-0.00017127569082226276
4	6	-0.00017127569082226276
4	33	-0.00014785021226267268
33	4	-0.00014785021226267268
2	33	-0.00015877656509072282
33	2	-0.00015877656509072282
1	9	-2.012837195399808e-07
9	1	-2.012837195399808e-07
5	9	-6.410043762003893e-05
9	5	-6.410043762003893e-05
0	38	-0.00015129180782764545
38	0	-0.00015129180782764545
1	4	-0.00018523293148210672
4	1	-0.00018523293148210672
2	13	-0.00015876945362332736
13	2	-0.00015876945362332736
0	9	-2.0822937594794812e-07
9	0	-2.0822937594794812e-07
0	12	-0.00015129703521167166
12	0	-0.00015129703521167166
9	11	-0.0001714525578700215
11	9	-0.0001714525578700215
0	10	-0.00019534580431995437
10	0	-0.00019534580431995437
0	39	-0.0001975694297508788
39	0	-0.0001975694297508788
4	34	-4.650985325104093e-09
34	4	-4.650985325104093e-09
2	34	-6.027345357660536e-05
34	2	-6.027345357660536e-05
0	40	-0.00015128864665907635
40	0	-0.00015128864665907635
2	49	-0.0001215677359676191
49	2	-0.0001215677359676191
0	15	-0.0001975651268725602
15	0	-0.0001975651268725602
0	14	-0.00019756570288370672
14	0	-0.00019756570288370672
14	2	-0.0001215659829352458
2	14	-0.0001215659829352458
9	3	-4.798370256870056e-05
3	9	-4.798370256870056e-05
2	19	-0.00015876131483555443
19	2	-0.00015876131483555443
0	42	-4.5935187087249663e-05
42	0	-4.5935187087249663e-05
5	42	-0.00018878350511379236
42	5	-0.00018878350511379236
41	2	-0.00012168155598326338
2	41	-0.00012168155598326338
5	22	-0.0001849107862109222
22	5	-0.0001849107862109222
0	21	-0.00019679779192524602
21	0	-0.00019679779192524602
20	0	-0.00019679734062061897
0	20	-0.00019679734062061897
0	45	-4.976769581554741e-05
45	0	-4.976769581554741e-05
5	45	-0.00017426232771272355
45	5	-0.00017426232771272355
0	23	-0.00019688283584792812
23	0	-0.00019688283584792812
0	44	-0.0001968825276569798
44	0	-0.0001968825276569798
0	47	-5.030608774738106e-05
47	0	-5.030608774738106e-05
5	47	-0.0001723994300323299
47	5	-0.0001723994300323299
0	26	-0.00019634342212091957
26	0	-0.00019634342212091957
0	46	-0.00019634311491692464
46	0	-0.00019634311491692464
5	31	-0.00018280120033786748
31	5	-0.00018280120033786748
0	48	-0.000151291598369262
48	0	-0.000151291598369262
0	30	-0.00019701648160718363
30	0	-0.00019701648160718363
0	29	-0.0001970161696709307
29	0	-0.0001970161696709307
1	7	-1.6179041902620065e-05
7	1	-1.6179041902620065e-05
36	2	-0.00011882426508924454
2	36	-0.00011882426508924454
7	2	-0.00011972289256671347
2	7	-0.00011972289256671347
39	2	-0.00011971816976502583
2	39	-0.00011971816976502583
2	20	-0.00012108729080541228
20	2	-0.00012108729080541228
2	44	-0.00011929867532425723
44	2	-0.00011929867532425723
2	46	-0.00011897360939793476
46	2	-0.00011897360939793476
2	29	-0.0001207447507047765
29	2	-0.0001207447507047765
1	3	-0.00019098210286820096
3	1	-0.00019098210286820096
0	2	-2.2153576543044253e-07
2	0	-2.2153576543044253e-07
3	7	-0.00019609249746973696
7	3	-0.00019609249746973696
3	8	-0.00016053132594432638
8	3	-0.00016053132594432638
3	2	-4.5098318640013423e-05
2	3	-4.5098318640013423e-05
8	2	-0.00011972333782311215
2	8	-0.00011972333782311215
10	2	-0.00011971862542145313
2	10	-0.00011971862542145313
2	21	-0.00012108782851465393
21	2	-0.00012108782851465393
2	23	-0.00011929911836468132
23	2	-0.00011929911836468132
2	26	-0.00011897405071906038
26	2	-0.00011897405071906038
2	30	-0.00012074520137519635
30	2	-0.00012074520137519635
15	2	-0.00012156643796979579
2	15	-0.00012156643796979579
0	4	-0.0001718169561833971
4	0	-0.0001718169561833971
0	51	-0.00019534955160679652
51	0	-0.00019534955160679652
0	11	-0.00019457994319180323
11	0	-0.00019457994319180323
0	50	-0.00019679867810346862
50	0	-0.00019679867810346862
0	24	-0.00019688370908633912
24	0	-0.00019688370908633912
0	27	-0.00019634429258619793
27	0	-0.00019634429258619793
0	52	-0.0001970173654518071
52	0	-0.0001970173654518071
1	5	-1.7390401869762912e-05
5	1	-1.7390401869762912e-05
0	49	-0.0001975634861221167
49	0	-0.0001975634861221167
0	43	-0.00015128782628780047
43	0	-0.00015128782628780047
53	5	-4.3893519869191886e-05
5	53	-4.3893519869191886e-05
36	5	-4.290251061600853e-05
5	36	-4.290251061600853e-05
3	5	-4.2902833161680343e-05
5	3	-4.2902833161680343e-05
3	11	-0.00019609611717952527
11	3	-0.00019609611717952527
4	8	-0.00018967493414324794
8	4	-0.00018967493414324794
4	11	-0.0001960977146013153
11	4	-0.0001960977146013153
4	2	-1.938437947516372e-07
2	4	-1.938437947516372e-07
4	40	-0.00014788488446729463
40	4	-0.00014788488446729463
4	43	-0.0001478840825413623
43	4	-0.0001478840825413623
5	7	-4.322995456118897e-05
7	5	-4.322995456118897e-05
5	8	-4.32302800461848e-05
8	5	-4.32302800461848e-05
5	51	-4.3231210852454135e-05
51	5	-4.3231210852454135e-05
5	39	-4.3226349607841716e-05
39	5	-4.3226349607841716e-05
5	10	-4.322667884258338e-05
10	5	-4.322667884258338e-05
5	11	-4.322760961935486e-05
11	5	-4.322760961935486e-05
5	14	-4.389661238526532e-05
14	5	-4.389661238526532e-05
5	15	-4.3896943936001555e-05
15	5	-4.3896943936001555e-05
5	49	-4.389789206088694e-05
49	5	-4.389789206088694e-05
5	41	-4.3933054800189723e-05
41	5	-4.3933054800189723e-05
5	16	-4.393338674671253e-05
16	5	-4.393338674671253e-05
5	17	-4.393433600189552e-05
17	5	-4.393433600189552e-05
5	20	-4.3723760059575067e-05
20	5	-4.3723760059575067e-05
5	21	-4.3724120805123754e-05
21	5	-4.3724120805123754e-05
5	50	-4.372506442176549e-05
50	5	-4.372506442176549e-05
5	44	-4.30727171283997e-05
44	5	-4.30727171283997e-05
5	23	-4.30730412320278e-05
23	5	-4.30730412320278e-05
5	24	-4.30739680943864e-05
24	5	-4.30739680943864e-05
5	46	-4.29564326477098e-05
46	5	-4.29564326477098e-05
5	26	-4.295675568267897e-05
26	5	-4.295675568267897e-05
5	27	-4.295767949368277e-05
27	5	-4.295767949368277e-05
5	29	-4.3598930618561045e-05
29	5	-4.3598930618561045e-05
5	30	-4.3599259464306743e-05
30	5	-4.3599259464306743e-05
5	52	-4.360019986615106e-05
52	5	-4.360019986615106e-05
8	11	-0.00019756805450169522
11	8	-0.00019756805450169522
51	2	-0.00011972460798372654
2	51	-0.00011972460798372654
11	2	-0.00011971989554271023
2	11	-0.00011971989554271023
2	50	-0.00012108911925473726
50	2	-0.00012108911925473726
2	24	-0.00011930038221664405
24	2	-0.00011930038221664405
2	27	-0.00011897530967617333
27	2	-0.00011897530967617333
2	52	-0.00012074648694904028
52	2	-0.00012074648694904028
0	22	-4.689843607769935e-05
22	0	-4.689843607769935e-05
0	31	-4.744031816856213e-05
31	0	-4.744031816856213e-05
2	9	-0.00018570524364022007
9	2	-0.00018570524364022007
2	16	-0.00012168201166534238
16	2	-0.00012168201166534238
2	17	-0.00012168331150673998
17	2	-0.00012168331150673998
4	9	-1.8220070395445458e-07
9	4	-1.8220070395445458e-07
4	42	-2.0242316725749998e-07
42	4	-2.0242316725749998e-07
4	22	-1.9827026826074309e-07
22	4	-1.9827026826074309e-07
4	45	-1.868515053527646e-07
45	4	-1.868515053527646e-07
4	47	-1.8485385875026916e-07
47	4	-1.8485385875026916e-07
4	31	-1.960080665166495e-07
31	4	-1.960080665166495e-07
7	9	-0.00019710346789510673
9	7	-0.00019710346789510673
8	9	-0.0001910088652520708
9	8	-0.0001910088652520708
1	33	-6.178514819133383e-09
33	1	-6.178514819133383e-09
1	34	-8.504007481685429e-09
34	1	-8.504007481685429e-09
0	32	-0.00015125636921578886
32	0	-0.00015125636921578886
0	33	-8.43561063866919e-09
33	0	-8.43561063866919e-09
0	13	-0.0001512585264917245
13	0	-0.0001512585264917245
0	34	-1.0761103301221236e-08
34	0	-1.0761103301221236e-08
35	2	-0.0001587314748733329
2	35	-0.0001587314748733329
2	38	-0.00015873568904644443
38	2	-0.00015873568904644443
2	12	-0.00015872869001609603
12	2	-0.00015872869001609603
2	40	-0.0001587398988401648
40	2	-0.0001587398988401648
2	18	-0.00015872055419963147
18	2	-0.00015872055419963147
2	43	-0.00015874075929621977
43	2	-0.00015874075929621977
2	25	-0.00015872119485122705
25	2	-0.00015872119485122705
2	28	-0.0001587245122318825
28	2	-0.0001587245122318825
2	48	-0.0001587359087280295
48	2	-0.0001587359087280295
3	6	-0.0001478569414715661
6	3	-0.0001478569414715661
3	33	-0.0001478488274024971
33	3	-0.0001478488274024971
3	34	-0.00014784578472487242
34	3	-0.00014784578472487242
6	8	-0.0001967409835525289
8	6	-0.0001967409835525289
6	34	-0.00019755523060614033
34	6	-0.00019755523060614033
8	33	-0.0001489660937658429
33	8	-0.0001489660937658429
8	34	-0.00014896301827607914
34	8	-0.00014896301827607914
6	9	-6.411742602982471e-05
9	6	-6.411742602982471e-05
9	33	-6.412563737201378e-05
33	9	-6.412563737201378e-05
9	34	-6.412871675819057e-05
34	9	-6.412871675819057e-05
