11	6	-8.506322945110306e-10
6	11	-8.506322945110306e-10
0	6	-1.3725387295221473e-09
6	0	-1.3725387295221473e-09
0	1	-3.9514456696606546e-05
1	0	-3.9514456696606546e-05
0	31	-4.628186377432011e-09
31	0	-4.628186377432011e-09
2	31	-7.225152855920501e-09
31	2	-7.225152855920501e-09
1	2	-4.864362194752698e-05
2	1	-4.864362194752698e-05
8	2	-1.736462030269254e-07
2	8	-1.736462030269254e-07
1	35	-4.0560170817441195e-09
35	1	-4.0560170817441195e-09
2	47	-5.488814616658924e-10
47	2	-5.488814616658924e-10
10	9	-0.00015043999142779716
9	10	-0.00015043999142779716
0	9	-1.3721975785617025e-09
9	0	-1.3721975785617025e-09
9	6	-0.0001496491570052409
6	9	-0.0001496491570052409
6	32	-1.5731273893734387e-09
32	6	-1.5731273893734387e-09
2	32	-6.463386288581284e-05
32	2	-6.463386288581284e-05
1	5	-0.0001765600587786665
5	1	-0.0001765600587786665
8	5	-6.410069636217861e-05
5	8	-6.410069636217861e-05
32	36	-0.00019752204713557937
36	32	-0.00019752204713557937
0	4	-2.572924739073249e-09
4	0	-2.572924739073249e-09
0	3	-4.271055066861598e-09
3	0	-4.271055066861598e-09
4	3	-0.00019075469684489376
3	4	-0.00019075469684489376
3	2	-1.9969282781633774e-07
2	3	-1.9969282781633774e-07
4	9	-0.0001489714400594851
9	4	-0.0001489714400594851
2	9	-1.879137267225245e-07
9	2	-1.879137267225245e-07
0	38	-1.7091009440389923e-07
38	0	-1.7091009440389923e-07
8	38	-6.293989692884026e-05
38	8	-6.293989692884026e-05
0	8	-1.7390401869762912e-05
8	0	-1.7390401869762912e-05
9	8	-0.0001838100279227126
8	9	-0.0001838100279227126
38	7	-4.7686579349659125e-05
7	38	-4.7686579349659125e-05
8	7	-4.342366490141962e-05
7	8	-4.342366490141962e-05
7	6	-0.00019757066011059484
6	7	-0.00019757066011059484
37	2	-4.895218848560024e-05
2	37	-4.895218848560024e-05
0	7	-1.807017848933998e-05
7	0	-1.807017848933998e-05
0	33	-0.00014867087631771487
33	0	-0.00014867087631771487
2	33	-4.923075183977901e-09
33	2	-4.923075183977901e-09
8	12	-6.162759475853059e-05
12	8	-6.162759475853059e-05
1	39	-1.7545463206866723e-09
39	1	-1.7545463206866723e-09
0	11	-0.00019526243805511974
11	0	-0.00019526243805511974
1	10	-0.00019054430388908077
10	1	-0.00019054430388908077
11	10	-0.00016864657092191112
10	11	-0.00016864657092191112
10	2	-4.9217127931801044e-05
2	10	-4.9217127931801044e-05
1	15	-4.8763245608123514e-05
15	1	-4.8763245608123514e-05
8	15	-1.7322065327928068e-07
15	8	-1.7322065327928068e-07
32	40	-0.00019752245731081004
40	32	-0.00019752245731081004
15	51	-4.8725498375657554e-05
51	15	-4.8725498375657554e-05
0	14	-0.00019744277924680062
14	0	-0.00019744277924680062
0	13	-0.0001974424706514102
13	0	-0.0001974424706514102
1	4	-2.3156286464772307e-09
4	1	-2.3156286464772307e-09
4	6	-0.0001502283775173009
6	4	-0.0001502283775173009
6	19	-0.0001496461523721423
19	6	-0.0001496461523721423
2	19	-6.463174554464307e-05
19	2	-6.463174554464307e-05
0	42	-1.6880337543649468e-07
42	0	-1.6880337543649468e-07
8	42	-6.37262346417114e-05
42	8	-6.37262346417114e-05
1	18	-0.00014871679728992854
18	1	-0.00014871679728992854
19	18	-0.00019752243452325253
18	19	-0.00019752243452325253
18	17	-0.00014922490207061487
17	18	-0.00014922490207061487
41	2	-4.880285464552054e-05
2	41	-4.880285464552054e-05
2	34	-2.575467063684251e-09
34	2	-2.575467063684251e-09
1	22	-4.7687267316531885e-05
22	1	-4.7687267316531885e-05
8	22	-1.771250271432156e-07
22	8	-1.771250271432156e-07
22	49	-4.792287246386895e-05
49	22	-4.792287246386895e-05
20	2	-4.888270809682482e-05
2	20	-4.888270809682482e-05
0	15	-1.5907110486409724e-07
15	0	-1.5907110486409724e-07
9	25	-0.00019752191041088105
25	9	-0.00019752191041088105
15	24	-4.87217684542283e-05
24	15	-4.87217684542283e-05
0	23	-0.00019743947032116802
23	0	-0.00019743947032116802
44	0	-0.00019743902465155423
0	44	-0.00019743902465155423
0	2	-1.5946192698753215e-07
2	0	-1.5946192698753215e-07
19	28	-0.00019752191041088105
28	19	-0.00019752191041088105
2	27	-4.863461878332184e-05
27	2	-4.863461878332184e-05
0	26	-0.00019756420266968313
26	0	-0.00019756420266968313
0	45	-0.0001975638938509764
45	0	-0.0001975638938509764
0	22	-1.626568626037596e-07
22	0	-1.626568626037596e-07
22	30	-4.791701509495004e-05
30	22	-4.791701509495004e-05
18	30	-0.00014945115017126886
30	18	-0.00014945115017126886
46	2	-4.887682873835579e-05
2	46	-4.887682873835579e-05
1	3	-4.01375632056054e-09
3	1	-4.01375632056054e-09
2	13	-4.8604667408493784e-05
13	2	-4.8604667408493784e-05
2	44	-4.86009057999812e-05
44	2	-4.86009057999812e-05
2	45	-4.863333263304338e-05
45	2	-4.863333263304338e-05
3	10	-2.30830193650237e-09
10	3	-2.30830193650237e-09
3	20	-5.343887183257938e-10
20	3	-5.343887183257938e-10
1	6	-1.1151874272156138e-09
6	1	-1.1151874272156138e-09
1	11	-0.0001626475277457415
11	1	-0.0001626475277457415
0	10	-0.00017585940927262775
10	0	-0.00017585940927262775
2	14	-4.860500043769515e-05
14	2	-4.860500043769515e-05
2	23	-4.8601272550457813e-05
23	2	-4.8601272550457813e-05
2	26	-4.863366591179132e-05
26	2	-4.863366591179132e-05
3	6	-0.00014544926139448187
6	3	-0.00014544926139448187
3	11	-2.5686426080454597e-09
11	3	-2.5686426080454597e-09
3	21	-7.929651499760815e-10
21	3	-7.929651499760815e-10
4	2	-1.9280206798579837e-07
2	4	-1.9280206798579837e-07
4	10	-5.90092224369026e-10
10	4	-5.90092224369026e-10
4	11	-8.504289715826154e-10
11	4	-8.504289715826154e-10
4	20	-5.345210752884554e-10
20	4	-5.345210752884554e-10
4	21	-7.931605129298968e-10
21	4	-7.931605129298968e-10
2	16	-4.8803189351813776e-05
16	2	-4.8803189351813776e-05
2	21	-4.88830434435613e-05
21	2	-4.88830434435613e-05
2	29	-4.887716406816382e-05
29	2	-4.887716406816382e-05
6	2	-1.5944827700789023e-07
2	6	-1.5944827700789023e-07
6	10	-5.902340828590288e-10
10	6	-5.902340828590288e-10
0	51	-0.00019744365360686096
51	0	-0.00019744365360686096
0	24	-0.00019744034467718583
24	0	-0.00019744034467718583
0	27	-0.00019756507765720553
27	0	-0.00019756507765720553
1	7	-1.807017848933998e-05
7	1	-1.807017848933998e-05
1	8	-1.7390401869762912e-05
8	1	-1.7390401869762912e-05
0	35	-3.669735357811001e-09
35	0	-3.669735357811001e-09
0	39	-0.00014870861374134743
39	0	-0.00014870861374134743
0	18	-0.00014871709338364005
18	0	-0.00014871709338364005
47	3	-5.008649002282676e-09
3	47	-5.008649002282676e-09
47	4	-3.3105111556183418e-09
4	47	-3.3105111556183418e-09
47	6	-2.1102797626560054e-09
6	47	-2.1102797626560054e-09
47	8	-4.315107082087388e-05
8	47	-4.315107082087388e-05
47	18	-0.00014871793443786306
18	47	-0.00014871793443786306
35	3	-1.2191179527190751e-08
3	35	-1.2191179527190751e-08
35	4	-9.93524163337414e-09
4	35	-9.93524163337414e-09
35	6	-8.342379757508241e-09
6	35	-8.342379757508241e-09
35	7	-0.0001496708058374372
7	35	-0.0001496708058374372
35	8	-0.00019754646022863777
8	35	-0.00019754646022863777
35	10	-1.8229290255029756e-09
10	35	-1.8229290255029756e-09
35	18	-0.00019755069931061541
18	35	-0.00019755069931061541
2	51	-4.86059525968998e-05
51	2	-4.86059525968998e-05
2	24	-4.86022246772239e-05
24	2	-4.86022246772239e-05
3	36	-2.8710562612101066e-09
36	3	-2.8710562612101066e-09
3	7	-0.0001518614723944132
7	3	-0.0001518614723944132
3	8	-4.3227881923994017e-05
8	3	-4.3227881923994017e-05
3	48	-3.3149522711059417e-09
48	3	-3.3149522711059417e-09
3	39	-9.889538240124705e-09
39	3	-9.889538240124705e-09
3	40	-2.87106222140208e-09
40	3	-2.87106222140208e-09
3	18	-1.276017205288744e-09
18	3	-1.276017205288744e-09
3	49	-1.5342220084555208e-09
49	3	-1.5342220084555208e-09
3	43	-7.542402768661035e-09
43	3	-7.542402768661035e-09
3	28	-1.2760138205457482e-09
28	3	-1.2760138205457482e-09
4	36	-6.152263416878783e-10
36	4	-6.152263416878783e-10
4	7	-0.00015685127849034649
7	4	-0.00015685127849034649
4	8	-4.3228207403337946e-05
8	4	-4.3228207403337946e-05
4	48	-1.59673093686778e-09
48	4	-1.59673093686778e-09
4	39	-7.633629747561691e-09
39	4	-7.633629747561691e-09
4	40	-6.152276188718726e-10
40	4	-6.152276188718726e-10
4	18	-1.276431309516625e-09
18	4	-1.276431309516625e-09
4	49	-1.534594237743439e-09
49	4	-1.534594237743439e-09
4	43	-5.286517952656674e-09
43	4	-5.286517952656674e-09
4	28	-1.276427922576383e-09
28	4	-1.276427922576383e-09
50	2	-4.873380946709489e-05
2	50	-4.873380946709489e-05
50	8	-4.322913819352991e-05
8	50	-4.322913819352991e-05
50	18	-0.00014900727414922317
18	50	-0.00014900727414922317
36	6	-6.154210315242022e-10
6	36	-6.154210315242022e-10
36	18	-0.00019756947991547572
18	36	-0.00019756947991547572
2	17	-4.8804146297993985e-05
17	2	-4.8804146297993985e-05
2	49	-4.888400221759297e-05
49	2	-4.888400221759297e-05
2	30	-4.887812279403334e-05
30	2	-4.887812279403334e-05
37	8	-4.342240172063434e-05
8	37	-4.342240172063434e-05
37	18	-0.00014968325006937938
18	37	-0.00014968325006937938
6	8	-4.342272899265869e-05
8	6	-4.342272899265869e-05
6	48	-3.8191680885205246e-10
48	6	-3.8191680885205246e-10
6	39	-6.040239276477499e-09
39	6	-6.040239276477499e-09
6	40	-6.154223095166611e-10
40	6	-6.154223095166611e-10
6	18	-0.00014968374461374218
18	6	-0.00014968374461374218
6	43	-3.6925287451266e-09
43	6	-3.6925287451266e-09
7	2	-1.6647764234084393e-07
2	7	-1.6647764234084393e-07
7	10	-0.00019593638200142674
10	7	-0.00019593638200142674
7	11	-0.00019653479325960183
11	7	-0.00019653479325960183
7	18	-0.00014968515446596125
18	7	-0.00014968515446596125
8	10	-4.365834295284074e-05
10	8	-4.365834295284074e-05
8	11	-4.365870299464774e-05
11	8	-4.365870299464774e-05
8	48	-4.365964486821545e-05
48	8	-4.365964486821545e-05
8	39	-0.00019755133745717466
39	8	-0.00019755133745717466
8	13	-4.311447334503008e-05
13	8	-4.311447334503008e-05
8	14	-4.311479779336974e-05
14	8	-4.311479779336974e-05
8	51	-4.3115725639806546e-05
51	8	-4.3115725639806546e-05
8	41	-4.329013236738304e-05
41	8	-4.329013236738304e-05
8	16	-4.329045842224941e-05
16	8	-4.329045842224941e-05
8	17	-4.329139085572384e-05
17	8	-4.329139085572384e-05
8	18	-0.00019756804395016373
18	8	-0.00019756804395016373
8	20	-4.33615015730188e-05
20	8	-4.33615015730188e-05
8	21	-4.336182824167829e-05
21	8	-4.336182824167829e-05
8	49	-4.336276242749427e-05
49	8	-4.336276242749427e-05
8	44	-4.311080755522121e-05
44	8	-4.311080755522121e-05
8	23	-4.3111161913953004e-05
23	8	-4.3111161913953004e-05
8	24	-4.311208972876613e-05
24	8	-4.311208972876613e-05
8	45	-4.3139762566245475e-05
45	8	-4.3139762566245475e-05
8	26	-4.3140087253575455e-05
26	8	-4.3140087253575455e-05
8	27	-4.314101578242825e-05
27	8	-4.314101578242825e-05
8	46	-4.335574902855622e-05
46	8	-4.335574902855622e-05
8	29	-4.3356075680685896e-05
29	8	-4.3356075680685896e-05
8	30	-4.3357009819469224e-05
30	8	-4.3357009819469224e-05
10	18	-0.0001504755096317245
18	10	-0.0001504755096317245
11	18	-0.00015047591546749354
18	11	-0.00015047591546749354
48	18	-0.0001504767677147998
18	48	-0.0001504767677147998
39	18	-0.00019755557663749492
18	39	-0.00019755557663749492
13	18	-0.00014861436239443056
18	13	-0.00014861436239443056
14	18	-0.00014861485172793114
18	14	-0.00014861485172793114
51	18	-0.00014861624675406248
18	51	-0.00014861624675406248
40	18	-0.00019756906963729664
18	40	-0.00019756906963729664
41	18	-0.00014922300631860886
18	41	-0.00014922300631860886
16	18	-0.0001492234986148335
18	16	-0.0001492234986148335
18	20	-0.00014945743938320853
20	18	-0.00014945743938320853
18	21	-0.0001494579328054155
21	18	-0.0001494579328054155
18	49	-0.0001494589090228655
49	18	-0.0001494589090228655
18	43	-0.00019755999822144136
43	18	-0.00019755999822144136
18	44	-0.0001486088554106373
44	18	-0.0001486088554106373
18	23	-0.00014860944789837088
23	18	-0.00014860944789837088
18	24	-0.00014861084287722085
24	18	-0.00014861084287722085
18	25	-0.00019756724620894202
25	18	-0.00019756724620894202
18	45	-0.0001487045373957027
45	18	-0.0001487045373957027
18	26	-0.00014870502717107532
26	18	-0.00014870502717107532
18	27	-0.00014870642345446214
27	18	-0.00014870642345446214
18	28	-0.0001975717592358501
28	18	-0.0001975717592358501
18	46	-0.00014944925018263983
46	18	-0.00014944925018263983
18	29	-0.0001494497435806576
29	18	-0.0001494497435806576
0	5	-1.678182841197749e-07
5	0	-1.678182841197749e-07
0	12	-1.745455513452375e-07
12	0	-1.745455513452375e-07
47	15	-4.8764532591467404e-05
15	47	-4.8764532591467404e-05
47	22	-4.7688547854261273e-05
22	47	-4.7688547854261273e-05
2	5	-0.00017055503574166418
5	2	-0.00017055503574166418
2	38	-0.00019246483837590984
38	2	-0.00019246483837590984
2	11	-4.921750067735957e-05
11	2	-4.921750067735957e-05
2	48	-4.9218467475023097e-05
48	2	-4.9218467475023097e-05
2	12	-0.00018845615624540224
12	2	-0.00018845615624540224
2	15	-0.00019708805743094956
15	2	-0.00019708805743094956
2	42	-0.00019486685980774738
42	2	-0.00019486685980774738
2	22	-0.00019369153283301516
22	2	-0.00019369153283301516
3	5	-2.012837195399808e-07
5	3	-2.012837195399808e-07
3	38	-2.0499208229297111e-07
38	3	-2.0499208229297111e-07
3	12	-2.0935250284677524e-07
12	3	-2.0935250284677524e-07
3	15	-1.9920340456355087e-07
15	3	-1.9920340456355087e-07
3	42	-2.024652525615816e-07
42	3	-2.024652525615816e-07
3	22	-2.036938187735427e-07
22	3	-2.036938187735427e-07
4	5	-1.9433806313201357e-07
5	4	-1.9433806313201357e-07
4	38	-1.9791846216505048e-07
38	4	-1.9791846216505048e-07
4	12	-2.0212841857287118e-07
12	4	-2.0212841857287118e-07
4	15	-1.9232953316174131e-07
15	4	-1.9232953316174131e-07
4	42	-1.9547882523373337e-07
42	4	-1.9547882523373337e-07
4	22	-1.9666499756107122e-07
22	4	-1.9666499756107122e-07
50	15	-4.885366970834747e-05
15	50	-4.885366970834747e-05
50	22	-4.777556344601119e-05
22	50	-4.777556344601119e-05
5	6	-1.8942699294456195e-07
6	5	-1.8942699294456195e-07
5	7	-4.856613948665732e-05
7	5	-4.856613948665732e-05
5	10	-0.00018307224762334446
10	5	-0.00018307224762334446
5	11	-0.0001820040369372534
11	5	-0.0001820040369372534
5	15	-0.00019553032707842835
15	5	-0.00019553032707842835
5	22	-0.00019523461407380563
22	5	-0.00019523461407380563
37	15	-4.907259550917836e-05
15	37	-4.907259550917836e-05
37	22	-4.798957110682209e-05
22	37	-4.798957110682209e-05
6	38	-1.9291691257965213e-07
38	6	-1.9291691257965213e-07
6	12	-1.9702048019738347e-07
12	6	-1.9702048019738347e-07
6	15	-1.5905752170854992e-07
15	6	-1.5905752170854992e-07
6	42	-1.905389271231336e-07
42	6	-1.905389271231336e-07
6	22	-1.6264266019443167e-07
22	6	-1.6264266019443167e-07
7	12	-4.6692222664472695e-05
12	7	-4.6692222664472695e-05
7	15	-1.6606966037837252e-07
15	7	-1.6606966037837252e-07
7	42	-4.828240261300335e-05
42	7	-4.828240261300335e-05
7	22	-1.6981285167397668e-07
22	7	-1.6981285167397668e-07
38	15	-0.00019199313006131944
15	38	-0.00019199313006131944
38	22	-0.0001963210113108245
22	38	-0.0001963210113108245
10	15	-4.933816626041133e-05
15	10	-4.933816626041133e-05
10	22	-4.8249463462104135e-05
22	10	-4.8249463462104135e-05
11	15	-4.933853928241706e-05
15	11	-4.933853928241706e-05
11	22	-4.824983399755164e-05
22	11	-4.824983399755164e-05
48	15	-4.933950662234609e-05
15	48	-4.933950662234609e-05
48	22	-4.825079645996806e-05
22	48	-4.825079645996806e-05
12	15	-0.00018799427273157786
15	12	-0.00018799427273157786
12	22	-0.0001922320123200177
22	12	-0.0001922320123200177
13	15	-4.8724212471591085e-05
15	13	-4.8724212471591085e-05
13	22	-4.7648941140499784e-05
22	13	-4.7648941140499784e-05
14	15	-4.872454568748565e-05
15	14	-4.872454568748565e-05
14	22	-4.7649272677146e-05
22	14	-4.7649272677146e-05
51	22	-4.765022060741905e-05
22	51	-4.765022060741905e-05
15	41	-4.8922890163467735e-05
41	15	-4.8922890163467735e-05
15	16	-4.892322505798921e-05
16	15	-4.892322505798921e-05
15	17	-4.892418253748595e-05
17	15	-4.892418253748595e-05
15	42	-0.000194389264425728
42	15	-0.000194389264425728
15	20	-4.900292832010236e-05
20	15	-4.900292832010236e-05
15	21	-4.9003263855646796e-05
21	15	-4.9003263855646796e-05
15	49	-4.900422316463756e-05
49	15	-4.900422316463756e-05
15	22	-0.00019321681803693047
22	15	-0.00019321681803693047
15	44	-4.8720448778377315e-05
44	15	-4.8720448778377315e-05
15	23	-4.872081579851268e-05
23	15	-4.872081579851268e-05
15	45	-4.8752951194590815e-05
45	15	-4.8752951194590815e-05
15	26	-4.8753284660261595e-05
26	15	-4.8753284660261595e-05
15	27	-4.875423806141e-05
27	15	-4.875423806141e-05
15	46	-4.899704620300698e-05
46	15	-4.899704620300698e-05
15	29	-4.89973817216143e-05
29	15	-4.89973817216143e-05
15	30	-4.899834098241836e-05
30	15	-4.899834098241836e-05
41	22	-4.784320734079637e-05
22	41	-4.784320734079637e-05
16	22	-4.7843540542262375e-05
22	16	-4.7843540542262375e-05
17	22	-4.784449322473979e-05
22	17	-4.784449322473979e-05
42	22	-0.00019638063891880988
22	42	-0.00019638063891880988
20	22	-4.7921584129397254e-05
22	20	-4.7921584129397254e-05
21	22	-4.792191796667181e-05
22	21	-4.792191796667181e-05
22	44	-4.7645196198536444e-05
44	22	-4.7645196198536444e-05
22	23	-4.7645560793173755e-05
23	22	-4.7645560793173755e-05
22	24	-4.764650869114987e-05
24	22	-4.764650869114987e-05
22	45	-4.767701876738844e-05
45	22	-4.767701876738844e-05
22	26	-4.767735055174536e-05
26	22	-4.767735055174536e-05
22	27	-4.767829918914262e-05
27	22	-4.767829918914262e-05
22	46	-4.79157268253034e-05
46	22	-4.79157268253034e-05
22	29	-4.791606064571877e-05
29	22	-4.791606064571877e-05
1	31	-5.014301666569434e-09
31	1	-5.014301666569434e-09
1	32	-0.00014867879513375494
32	1	-0.00014867879513375494
1	9	-1.114908790323301e-09
9	1	-1.114908790323301e-09
1	33	-2.7122497541359758e-09
33	1	-2.7122497541359758e-09
1	19	-0.0001486799961048304
19	1	-0.0001486799961048304
1	34	-3.646679028225494e-10
34	1	-3.646679028225494e-10
0	32	-0.00014867909121756638
32	0	-0.00014867909121756638
0	19	-0.0001486802921889547
19	0	-0.0001486802921889547
47	32	-0.0001486799322453892
32	47	-0.0001486799322453892
47	9	-2.1097631182782726e-09
9	47	-2.1097631182782726e-09
47	19	-0.00014868113321761184
19	47	-0.00014868113321761184
35	2	-6.2663185251664724e-09
2	35	-6.2663185251664724e-09
35	32	-0.0001975324634353922
32	35	-0.0001975324634353922
35	9	-8.339900291676105e-09
9	35	-8.339900291676105e-09
35	19	-0.0001975340589725043
19	35	-0.0001975340589725043
31	3	-1.3151514409684955e-08
3	31	-1.3151514409684955e-08
31	4	-1.0895015403517168e-08
4	31	-1.0895015403517168e-08
31	32	-0.0001975536348239929
32	31	-0.0001975536348239929
31	6	-9.301970650208186e-09
6	31	-9.301970650208186e-09
31	7	-0.0001496330250939948
7	31	-0.0001496330250939948
31	8	-0.0001974963639387896
8	31	-0.0001974963639387896
31	9	-9.29925036345604e-09
9	31	-9.29925036345604e-09
31	10	-2.7806581969157752e-09
10	31	-2.7806581969157752e-09
31	18	-0.0001975006024974435
18	31	-0.0001975006024974435
31	19	-0.00019755044329836655
19	31	-0.00019755044329836655
2	36	-6.46167897304227e-05
36	2	-6.46167897304227e-05
2	39	-3.9648189584348166e-09
39	2	-3.9648189584348166e-09
2	40	-6.461692387215886e-05
40	2	-6.461692387215886e-05
2	18	-6.46147997392605e-05
18	2	-6.46147997392605e-05
2	43	-1.6178114463617466e-09
43	2	-1.6178114463617466e-09
2	25	-6.461163482022705e-05
25	2	-6.461163482022705e-05
2	28	-6.461462834306776e-05
28	2	-6.461462834306776e-05
3	32	-3.8290297647345785e-09
32	3	-3.8290297647345785e-09
3	9	-0.00014897094887757661
9	3	-0.00014897094887757661
3	33	-1.0849303150433181e-08
33	3	-1.0849303150433181e-08
3	19	-2.2335826595434893e-09
19	3	-2.2335826595434893e-09
3	34	-8.501558802291966e-09
34	3	-8.501558802291966e-09
4	32	-1.5726372248016973e-09
32	4	-1.5726372248016973e-09
4	33	-8.592830436372495e-09
33	4	-8.592830436372495e-09
4	19	-2.234296871863733e-09
19	4	-2.234296871863733e-09
4	34	-6.245112900343156e-09
34	4	-6.245112900343156e-09
50	32	-0.00014896774450598864
32	50	-0.00014896774450598864
50	9	-0.00014897284034542444
9	50	-0.00014897284034542444
50	19	-0.00014896985519053182
19	50	-0.00014896985519053182
36	9	-0.00019752685629355744
9	36	-0.00019752685629355744
36	19	-0.00019752459974977518
19	36	-0.00019752459974977518
32	37	-0.00014964353343844126
37	32	-0.00014964353343844126
32	7	-0.00014964543757684393
7	32	-0.00014964543757684393
32	8	-0.00019751500494302607
8	32	-0.00019751500494302607
32	9	-0.00019756457758899847
9	32	-0.00019756457758899847
32	10	-0.00015043659497965075
10	32	-0.00015043659497965075
32	11	-0.00015043719905017712
11	32	-0.00015043719905017712
32	48	-0.00015043831563609037
48	32	-0.00015043831563609037
32	39	-0.0001975298878413184
39	32	-0.0001975298878413184
32	33	-0.00019755823983040333
33	32	-0.00019755823983040333
32	13	-0.00014857494053952282
13	32	-0.00014857494053952282
32	14	-0.0001485754298066879
14	32	-0.0001485754298066879
32	51	-0.0001485768246447841
51	32	-0.0001485768246447841
32	41	-0.00014918341675049064
41	32	-0.00014918341675049064
32	16	-0.00014918390897981557
16	32	-0.00014918390897981557
32	17	-0.00014918531224596254
17	32	-0.00014918531224596254
32	18	-0.00019751924388877184
18	32	-0.00019751924388877184
32	19	-0.00019756909165614107
19	32	-0.00019756909165614107
32	20	-0.00014941778659061756
20	32	-0.00014941778659061756
32	21	-0.00014941827994571153
21	32	-0.00014941827994571153
32	49	-0.00014941968641481849
49	32	-0.00014941968641481849
32	43	-0.00019752781358437982
43	32	-0.00019752781358437982
32	34	-0.00019756293613560852
34	32	-0.00019756293613560852
32	44	-0.00014856943429687768
44	32	-0.00014856943429687768
32	23	-0.00014857002668990774
23	32	-0.00014857002668990774
32	24	-0.00014857142148072934
24	32	-0.00014857142148072934
32	25	-0.0001975142074262702
25	32	-0.0001975142074262702
32	45	-0.00014866509042085245
45	32	-0.00014866509042085245
32	26	-0.00014866558012980522
26	32	-0.00014866558012980522
32	27	-0.0001486669762249178
27	32	-0.0001486669762249178
32	28	-0.00019751871978909897
28	32	-0.00019751871978909897
32	46	-0.0001494095983801965
46	32	-0.0001494095983801965
32	29	-0.0001494100917111046
29	32	-0.0001494100917111046
32	30	-0.00014941149811148634
30	32	-0.00014941149811148634
37	9	-0.00014964866251283255
9	37	-0.00014964866251283255
37	19	-0.00014964565788874027
19	37	-0.00014964565788874027
6	33	-6.9992769353282215e-09
33	6	-6.9992769353282215e-09
6	34	-4.650985325104093e-09
34	6	-4.650985325104093e-09
7	9	-0.00014965056671029784
9	7	-0.00014965056671029784
7	19	-0.00014964756205160641
19	7	-0.00014964756205160641
8	33	-0.00019750096705500474
33	8	-0.00019750096705500474
8	19	-0.00019751819551125087
19	8	-0.00019751819551125087
9	11	-0.000150440397229237
11	9	-0.000150440397229237
9	48	-3.8181881271586996e-10
48	9	-3.8181881271586996e-10
9	39	-6.038373701064522e-09
39	9	-6.038373701064522e-09
9	33	-6.997148525375999e-09
33	9	-6.997148525375999e-09
9	13	-0.00014858001721491717
13	9	-0.00014858001721491717
9	14	-0.00014858050649718818
14	9	-0.00014858050649718818
9	51	-0.0001485819013782106
51	9	-0.0001485819013782106
9	40	-0.00019752726648076236
40	9	-0.00019752726648076236
9	41	-0.00014918852321973088
41	9	-0.00014918852321973088
9	16	-0.0001491890154643141
16	9	-0.0001491890154643141
9	17	-0.00014919041877381996
17	9	-0.00014919041877381996
9	18	-0.0001975256481534027
18	9	-0.0001975256481534027
9	19	-0.00019756776934296369
19	9	-0.00019756776934296369
9	20	-0.0001494224870801262
20	9	-0.0001494224870801262
9	21	-0.00014942278484082942
21	9	-0.00014942278484082942
9	49	-0.00014942363059802926
49	9	-0.00014942363059802926
9	43	-3.6913444269098984e-09
43	9	-3.6913444269098984e-09
9	34	-4.649515760987499e-09
34	9	-4.649515760987499e-09
9	44	-0.00014857451080296536
44	9	-0.00014857451080296536
9	23	-0.00014857510321613764
23	9	-0.00014857510321613764
9	24	-0.0001485764980498833
24	9	-0.0001485764980498833
9	45	-0.00014867017154122797
45	9	-0.00014867017154122797
9	26	-0.00014867066126530938
26	9	-0.00014867066126530938
9	27	-0.00014867205740341267
27	9	-0.00014867205740341267
9	28	-0.0001975251240299645
28	9	-0.0001975251240299645
9	46	-0.0001494147159275234
46	9	-0.0001494147159275234
9	29	-0.00014941520927374654
29	9	-0.00014941520927374654
9	30	-0.00014941661571764842
30	9	-0.00014941661571764842
10	33	-4.786323095534089e-10
33	10	-4.786323095534089e-10
10	19	-0.00015043827280502645
19	10	-0.00015043827280502645
11	19	-0.00015043867860480524
19	11	-0.00015043867860480524
48	19	-0.00015043953082593671
19	48	-0.00015043953082593671
39	19	-0.00019753148337622162
19	39	-0.00019753148337622162
33	18	-0.00019750520570924353
18	33	-0.00019750520570924353
33	19	-0.0001975550482303854
19	33	-0.0001975550482303854
13	19	-0.0001485770432864134
19	13	-0.0001485770432864134
14	19	-0.00014857753255983526
19	14	-0.00014857753255983526
51	19	-0.00014857892741571132
19	51	-0.00014857892741571132
40	19	-0.00019752500993229413
19	40	-0.00019752500993229413
41	19	-0.00014918553183784682
19	41	-0.00014918553183784682
16	19	-0.0001491860240734917
19	16	-0.0001491860240734917
17	19	-0.00014918742735759772
19	17	-0.00014918742735759772
18	34	-0.00019750990018423014
34	18	-0.00019750990018423014
19	20	-0.000149419906365137
20	19	-0.000149419906365137
19	21	-0.00014942039972657485
21	19	-0.00014942039972657485
19	49	-0.00014942180621370892
49	19	-0.00014942180621370892
19	43	-0.00019752940912149192
43	19	-0.00019752940912149192
19	34	-0.00019755974445972323
34	19	-0.00019755974445972323
19	44	-0.00014857153697364216
44	19	-0.00014857153697364216
19	23	-0.00014857212937501501
23	19	-0.00014857212937501501
19	24	-0.00014857352418361556
24	19	-0.00014857352418361556
19	25	-0.00019751739797517175
25	19	-0.00019751739797517175
19	45	-0.00014866719500883255
45	19	-0.00014866719500883255
19	26	-0.00014866768472405152
26	19	-0.00014866768472405152
19	27	-0.00014866908083697067
27	19	-0.00014866908083697067
19	46	-0.000149411718056042
46	19	-0.000149411718056042
19	29	-0.00014941221139329352
29	19	-0.00014941221139329352
19	30	-0.00014941361781170112
30	19	-0.00014941361781170112
35	15	-6.478812086175892e-05
15	35	-6.478812086175892e-05
35	22	-6.335869936538295e-05
22	35	-6.335869936538295e-05
31	15	-6.480519271030645e-05
15	31	-6.480519271030645e-05
31	22	-6.337541567840849e-05
22	31	-6.337541567840849e-05
36	15	-6.477570041586459e-05
15	36	-6.477570041586459e-05
36	22	-6.334634733483723e-05
22	36	-6.334634733483723e-05
5	32	-6.412252786931391e-05
32	5	-6.412252786931391e-05
5	9	-1.894106487792278e-07
9	5	-1.894106487792278e-07
5	18	-6.410359534639168e-05
18	5	-6.410359534639168e-05
5	19	-6.412041465722615e-05
19	5	-6.412041465722615e-05
32	38	-6.296142017684583e-05
38	32	-6.296142017684583e-05
32	12	-6.164876951470084e-05
12	32	-6.164876951470084e-05
32	15	-6.4792813204737e-05
15	32	-6.4792813204737e-05
32	42	-6.374796670768505e-05
42	32	-6.374796670768505e-05
32	22	-6.336310363264155e-05
22	32	-6.336310363264155e-05
9	38	-1.9289996065817216e-07
38	9	-1.9289996065817216e-07
9	12	-1.9700279946458033e-07
12	9	-1.9700279946458033e-07
9	15	-1.8745321196555425e-07
15	9	-1.8745321196555425e-07
9	42	-1.9052239052289856e-07
42	9	-1.9052239052289856e-07
9	22	-1.9167838608684655e-07
22	9	-1.9167838608684655e-07
38	18	-6.29427842659233e-05
18	38	-6.29427842659233e-05
38	19	-6.295931634082019e-05
19	38	-6.295931634082019e-05
39	15	-6.478497500683426e-05
15	39	-6.478497500683426e-05
39	22	-6.335557213986472e-05
22	39	-6.335557213986472e-05
12	18	-6.16304689283484e-05
18	12	-6.16304689283484e-05
12	19	-6.164667627846216e-05
19	12	-6.164667627846216e-05
33	15	-6.480213555996601e-05
15	33	-6.480213555996601e-05
33	22	-6.337237518743761e-05
22	33	-6.337237518743761e-05
40	15	-6.477583488749265e-05
15	40	-6.477583488749265e-05
40	22	-6.334647883918845e-05
22	40	-6.334647883918845e-05
15	18	-6.477370945336198e-05
18	15	-6.477370945336198e-05
15	19	-6.479069458002732e-05
19	15	-6.479069458002732e-05
15	43	-6.478194803389802e-05
43	15	-6.478194803389802e-05
15	34	-6.479901794536644e-05
34	15	-6.479901794536644e-05
15	25	-6.477054229845802e-05
25	15	-6.477054229845802e-05
15	28	-6.477353763564786e-05
28	15	-6.477353763564786e-05
18	42	-6.37291298686825e-05
42	18	-6.37291298686825e-05
18	22	-6.33443651092449e-05
22	18	-6.33443651092449e-05
42	19	-6.374585652021658e-05
19	42	-6.374585652021658e-05
19	22	-6.336099655298137e-05
22	19	-6.336099655298137e-05
43	22	-6.335256016901786e-05
22	43	-6.335256016901786e-05
22	34	-6.336927456169628e-05
34	22	-6.336927456169628e-05
22	25	-6.334121806531341e-05
25	22	-6.334121806531341e-05
22	28	-6.33441970829869e-05
28	22	-6.33441970829869e-05
