0	1	-4.390495188511839e-05
1	0	-4.390495188511839e-05
10	0	-0.00012026144098930081
0	10	-0.00012026144098930081
1	3	-1.8790418437020857e-05
3	1	-1.8790418437020857e-05
10	3	-0.00015876131483555443
3	10	-0.00015876131483555443
2	36	-0.00017991857919460576
36	2	-0.00017991857919460576
0	2	-4.3420488578302735e-05
2	0	-4.3420488578302735e-05
2	1	-0.00013471991823618093
1	2	-0.00013471991823618093
7	1	-0.0001656382029586221
1	7	-0.0001656382029586221
2	7	-0.00018253960973975837
7	2	-0.00018253960973975837
10	7	-0.00015876538418296818
7	10	-0.00015876538418296818
2	38	-0.00017368442552919208
38	2	-0.00017368442552919208
0	6	-1.6179041902620065e-05
6	0	-1.6179041902620065e-05
0	4	-1.807017848933998e-05
4	0	-1.807017848933998e-05
0	3	-1.8790418437020857e-05
3	0	-1.8790418437020857e-05
10	31	-0.00015878914445067096
31	10	-0.00015878914445067096
1	10	-0.0001202627193248033
10	1	-0.0001202627193248033
2	10	-0.00015839269506351592
10	2	-0.00015839269506351592
10	49	-0.00012094406421854503
49	10	-0.00012094406421854503
8	2	-4.367366522834836e-05
2	8	-4.367366522834836e-05
2	24	-2.0935250284677524e-07
24	2	-2.0935250284677524e-07
40	2	-0.00019603684200069062
2	40	-0.00019603684200069062
2	4	-0.00017732768517547323
4	2	-0.00017732768517547323
2	32	-0.00019749552098689613
32	2	-0.00019749552098689613
10	32	-0.00015878499234151728
32	10	-0.00015878499234151728
2	15	-0.0001883588376023779
15	2	-0.0001883588376023779
13	2	-4.392166106561648e-05
2	13	-4.392166106561648e-05
10	33	-0.00015877233106149463
33	10	-0.00015877233106149463
2	18	-0.00018090954606585013
18	2	-0.00018090954606585013
16	2	-0.00019529095821058746
2	16	-0.00019529095821058746
2	21	-0.00018280120033786748
21	2	-0.00018280120033786748
2	19	-4.360337137777158e-05
19	2	-4.360337137777158e-05
0	5	-1.676581701387706e-05
5	0	-1.676581701387706e-05
5	2	-0.00016452762339344085
2	5	-0.00016452762339344085
10	34	-0.00015877656509072282
34	10	-0.00015877656509072282
1	24	-4.6689942193505046e-05
24	1	-4.6689942193505046e-05
22	2	-0.00019604227011292406
2	22	-0.00019604227011292406
2	46	-0.0001897771286590111
46	2	-0.0001897771286590111
2	48	-0.00017740302632614804
48	2	-0.00017740302632614804
35	2	-0.00019501989321614596
2	35	-0.00019501989321614596
37	2	-0.00019329593464970752
2	37	-0.00019329593464970752
2	47	-0.0001943369880750951
47	2	-0.0001943369880750951
2	11	-0.00017585940927262775
11	2	-0.00017585940927262775
2	17	-0.00019529138855187302
17	2	-0.00019529138855187302
2	20	-4.360373084084537e-05
20	2	-4.360373084084537e-05
2	23	-0.00019604258218760862
23	2	-0.00019604258218760862
2	28	-0.00019433729699702584
28	2	-0.00019433729699702584
9	2	-4.3673994715918365e-05
2	9	-4.3673994715918365e-05
14	2	-4.3921992831939344e-05
2	14	-4.3921992831939344e-05
1	4	-1.807017848933998e-05
4	1	-1.807017848933998e-05
1	5	-1.676581701387706e-05
5	1	-1.676581701387706e-05
1	6	-1.6179041902620065e-05
6	1	-1.6179041902620065e-05
2	49	-4.3674936950084754e-05
49	2	-4.3674936950084754e-05
2	12	-0.00019603803834548425
12	2	-0.00019603803834548425
2	50	-4.39229415722853e-05
50	2	-4.39229415722853e-05
2	53	-0.0001952922689251033
53	2	-0.0001952922689251033
2	51	-4.3604671282497225e-05
51	2	-4.3604671282497225e-05
2	52	-0.00019604346646727398
52	2	-0.00019604346646727398
2	29	-0.00019433817241755813
29	2	-0.00019433817241755813
4	10	-0.00011920042025766365
10	4	-0.00011920042025766365
5	10	-0.0001192016826100997
10	5	-0.0001192016826100997
8	10	-0.0001209423240117559
10	8	-0.0001209423240117559
9	10	-0.00012094277571227022
10	9	-0.00012094277571227022
10	11	-0.00017794900244556526
11	10	-0.00017794900244556526
10	50	-0.00012163395527694031
50	10	-0.00012163395527694031
10	51	-0.0001207525827456778
51	10	-0.0001207525827456778
0	7	-0.00016053132594432638
7	0	-0.00016053132594432638
1	32	-0.00014963254956799126
32	1	-0.00014963254956799126
10	6	-0.0001587245122318825
6	10	-0.0001587245122318825
10	39	-0.0001587483736543277
39	10	-0.0001587483736543277
10	41	-0.00015874444275989442
41	10	-0.00015874444275989442
10	43	-0.00015874497370103129
43	10	-0.00015874497370103129
10	44	-0.0001587364396277037
44	10	-0.0001587364396277037
7	32	-0.0001975505344840975
32	7	-0.0001975505344840975
