0	1	-0.00011529487701907426
1	0	-0.00011529487701907426
4	0	-1.3116832098458593e-05
0	4	-1.3116832098458593e-05
1	3	-3.9514456696606546e-05
3	1	-3.9514456696606546e-05
9	3	-0.00015876131483555443
3	9	-0.00015876131483555443
0	2	-1.9586557103830053e-05
2	0	-1.9586557103830053e-05
2	1	-3.292871391383878e-05
1	2	-3.292871391383878e-05
0	3	-1.7390401869762912e-05
3	0	-1.7390401869762912e-05
1	9	-0.0001210755754153712
9	1	-0.0001210755754153712
2	9	-0.00018151707800039923
9	2	-0.00018151707800039923
1	13	-1.539973090738624e-07
13	1	-1.539973090738624e-07
9	13	-0.00015879810521195545
13	9	-0.00015879810521195545
1	11	-2.2642446695833915e-07
11	1	-2.2642446695833915e-07
2	13	-0.00019748267193850114
13	2	-0.00019748267193850114
0	5	-1.6179041902620065e-05
5	0	-1.6179041902620065e-05
5	1	-1.6179041902620065e-05
1	5	-1.6179041902620065e-05
9	31	-0.00015877233106149463
31	9	-0.00015877233106149463
2	18	-0.00019448415847227516
18	2	-0.00019448415847227516
8	2	-0.000195350373756682
2	8	-0.000195350373756682
35	2	-0.00019633831593931906
2	35	-0.00019633831593931906
2	7	-0.0001948974821647983
7	2	-0.0001948974821647983
2	48	-0.00019417589996759428
48	2	-0.00019417589996759428
2	21	-0.0001962663996036466
21	2	-0.0001962663996036466
2	45	-0.00019167452987902913
45	2	-0.00019167452987902913
2	12	-0.00019417620873092404
12	2	-0.00019417620873092404
2	19	-0.0001944846371915309
19	2	-0.0001944846371915309
2	22	-0.00019626683293313724
22	2	-0.00019626683293313724
2	24	-0.00019167496581059797
24	2	-0.00019167496581059797
4	2	-0.00016281295632110244
2	4	-0.00016281295632110244
1	4	-0.00016281295632110244
4	1	-0.00016281295632110244
1	40	-0.00015069116225216136
40	1	-0.00015069116225216136
2	5	-0.00019700903555825518
5	2	-0.00019700903555825518
2	52	-0.00019545721349659547
52	2	-0.00019545721349659547
2	50	-0.00019417708370904612
50	2	-0.00019417708370904612
2	53	-0.00019448551336588105
53	2	-0.00019448551336588105
2	51	-0.0001962677183506138
51	2	-0.0001962677183506138
2	46	-0.0001916758277902201
46	2	-0.0001916758277902201
0	9	-0.00013653469232290542
9	0	-0.00013653469232290542
5	9	-0.00016528133263174523
9	5	-0.00016528133263174523
1	29	-0.00015065270705317608
29	1	-0.00015065270705317608
9	40	-0.00015873994009197917
40	9	-0.00015873994009197917
9	29	-0.00015878081388116046
29	9	-0.00015878081388116046
