0	6	-1.8790418437020857e-05
6	0	-1.8790418437020857e-05
0	1	-3.9514456696606546e-05
1	0	-3.9514456696606546e-05
2	31	-0.00015878914445067096
31	2	-0.00015878914445067096
1	2	-0.00011949167034100552
2	1	-0.00011949167034100552
8	2	-0.00015872537256732502
2	8	-0.00015872537256732502
2	47	-0.00011949338098468915
47	2	-0.00011949338098468915
0	9	-1.6179041902620065e-05
9	0	-1.6179041902620065e-05
6	32	-0.00014964402791547534
32	6	-0.00014964402791547534
2	32	-0.00015877233106149463
32	2	-0.00015877233106149463
8	5	-0.00017666408378939932
5	8	-0.00017666408378939932
0	4	-0.00013914649371091773
4	0	-0.00013914649371091773
0	3	-0.0001647239114992729
3	0	-0.0001647239114992729
3	2	-0.00011972025434740571
2	3	-0.00011972025434740571
4	9	-0.0001770478477942874
9	4	-0.0001770478477942874
2	9	-6.462875107765378e-05
9	2	-6.462875107765378e-05
8	38	-0.00017991857919460576
38	8	-0.00017991857919460576
0	8	-1.7390401869762912e-05
8	0	-1.7390401869762912e-05
8	7	-4.342366490141962e-05
7	8	-4.342366490141962e-05
37	2	-0.00012026417332646893
2	37	-0.00012026417332646893
0	7	-1.807017848933998e-05
7	0	-1.807017848933998e-05
2	33	-0.00015878499234151728
33	2	-0.00015878499234151728
8	12	-0.00018374531366461189
12	8	-0.00018374531366461189
10	2	-0.00012090299439206107
2	10	-0.00012090299439206107
8	15	-0.0001748383744985434
15	8	-0.0001748383744985434
1	4	-0.00016472007172564813
4	1	-0.00016472007172564813
4	6	-0.0001925794820953747
6	4	-0.0001925794820953747
2	19	-0.00015876945362332736
19	2	-0.00015876945362332736
8	42	-0.00017770100984303925
42	8	-0.00017770100984303925
41	2	-0.00011989482024104621
2	41	-0.00011989482024104621
2	34	-0.00015878075811202785
34	2	-0.00015878075811202785
8	22	-0.0001787792116151451
22	8	-0.0001787792116151451
20	2	-0.00012008406284311903
2	20	-0.00012008406284311903
0	15	-4.876357910409647e-05
15	0	-4.876357910409647e-05
0	2	-4.8643955256561164e-05
2	0	-4.8643955256561164e-05
2	27	-0.00011948007184663301
27	2	-0.00011948007184663301
0	22	-4.7687599131047636e-05
22	0	-4.7687599131047636e-05
46	2	-0.00012007654982619536
2	46	-0.00012007654982619536
1	3	-0.00015947994090918308
3	1	-0.00015947994090918308
2	13	-0.0001194061676210976
13	2	-0.0001194061676210976
2	44	-0.00011940117143730918
44	2	-0.00011940117143730918
2	45	-0.00011947836135558773
45	2	-0.00011947836135558773
1	6	-1.8790418437020857e-05
6	1	-1.8790418437020857e-05
2	14	-0.00011940661121146031
14	2	-0.00011940661121146031
2	23	-0.00011940169788419171
23	2	-0.00011940169788419171
2	26	-0.00011947880533148414
26	2	-0.00011947880533148414
3	6	-0.00019075469684489376
6	3	-0.00019075469684489376
4	2	-1.9969282781633774e-07
2	4	-1.9969282781633774e-07
4	10	-0.00015829389058348513
10	4	-0.00015829389058348513
4	11	-0.00013278588584571556
11	4	-0.00013278588584571556
2	16	-0.00011989526641752364
16	2	-0.00011989526641752364
2	21	-0.00012008451000334203
21	2	-0.00012008451000334203
2	29	-0.00012007699696435904
29	2	-0.00012007699696435904
6	2	-1.9280206798579837e-07
2	6	-1.9280206798579837e-07
1	7	-1.807017848933998e-05
7	1	-1.807017848933998e-05
1	8	-1.7390401869762912e-05
8	1	-1.7390401869762912e-05
47	8	-4.315107082087388e-05
8	47	-4.315107082087388e-05
2	51	-0.00011940787662898328
51	2	-0.00011940787662898328
2	24	-0.0001194029632587863
24	2	-0.0001194029632587863
3	8	-4.3227881923994017e-05
8	3	-4.3227881923994017e-05
4	8	-4.3228207403337946e-05
8	4	-4.3228207403337946e-05
50	2	-0.00011972196973590003
2	50	-0.00011972196973590003
50	8	-4.322913819352991e-05
8	50	-4.322913819352991e-05
2	17	-0.0001198965391976085
17	2	-0.0001198965391976085
2	49	-0.00012008578558397657
49	2	-0.00012008578558397657
2	30	-0.00012007827248229379
30	2	-0.00012007827248229379
37	8	-4.342240172063434e-05
8	37	-4.342240172063434e-05
6	8	-4.342272899265869e-05
8	6	-4.342272899265869e-05
7	2	-0.00012026589983009965
2	7	-0.00012026589983009965
8	10	-4.365834295284074e-05
10	8	-4.365834295284074e-05
8	11	-4.365870299464774e-05
11	8	-4.365870299464774e-05
8	48	-4.365964486821545e-05
48	8	-4.365964486821545e-05
8	13	-4.311447334503008e-05
13	8	-4.311447334503008e-05
8	14	-4.311479779336974e-05
14	8	-4.311479779336974e-05
8	51	-4.3115725639806546e-05
51	8	-4.3115725639806546e-05
8	41	-4.329013236738304e-05
41	8	-4.329013236738304e-05
8	16	-4.329045842224941e-05
16	8	-4.329045842224941e-05
8	17	-4.329139085572384e-05
17	8	-4.329139085572384e-05
8	20	-4.33615015730188e-05
20	8	-4.33615015730188e-05
8	21	-4.336182824167829e-05
21	8	-4.336182824167829e-05
8	49	-4.336276242749427e-05
49	8	-4.336276242749427e-05
8	44	-4.311080755522121e-05
44	8	-4.311080755522121e-05
8	23	-4.3111161913953004e-05
23	8	-4.3111161913953004e-05
8	24	-4.311208972876613e-05
24	8	-4.311208972876613e-05
8	45	-4.3139762566245475e-05
45	8	-4.3139762566245475e-05
8	26	-4.3140087253575455e-05
26	8	-4.3140087253575455e-05
8	27	-4.314101578242825e-05
27	8	-4.314101578242825e-05
8	46	-4.335574902855622e-05
46	8	-4.335574902855622e-05
8	29	-4.3356075680685896e-05
29	8	-4.3356075680685896e-05
8	30	-4.3357009819469224e-05
30	8	-4.3357009819469224e-05
2	11	-0.00012090353085412199
11	2	-0.00012090353085412199
2	48	-0.00012090481878514385
48	2	-0.00012090481878514385
4	5	-0.0001455071015761199
5	4	-0.0001455071015761199
4	15	-1.9920340456355087e-07
15	4	-1.9920340456355087e-07
4	22	-2.036938187735427e-07
22	4	-2.036938187735427e-07
5	6	-0.00019195854851429604
6	5	-0.00019195854851429604
6	15	-1.9232953316174131e-07
15	6	-1.9232953316174131e-07
6	22	-1.9666499756107122e-07
22	6	-1.9666499756107122e-07
1	9	-1.6179041902620065e-05
9	1	-1.6179041902620065e-05
35	2	-0.000158748703215124
2	35	-0.000158748703215124
2	36	-0.00015873178607716807
36	2	-0.00015873178607716807
2	39	-0.00015874433291044747
39	2	-0.00015874433291044747
2	40	-0.00015873211558844124
40	2	-0.00015873211558844124
2	18	-0.0001587292208806678
18	2	-0.0001587292208806678
2	43	-0.00015874031991323895
43	2	-0.00015874031991323895
2	25	-0.00015872473189110881
25	2	-0.00015872473189110881
2	28	-0.00015872879984985404
28	2	-0.00015872879984985404
3	19	-0.00014896796375689903
19	3	-0.00014896796375689903
4	32	-3.830223208909254e-09
32	4	-3.830223208909254e-09
4	19	-0.0001489684549299012
19	4	-0.0001489684549299012
9	15	-6.478769829778125e-05
15	9	-6.478769829778125e-05
9	22	-6.335801659841555e-05
22	9	-6.335801659841555e-05
