0	1	-4.390495188511839e-05
1	0	-4.390495188511839e-05
4	0	-1.3116832098458593e-05
0	4	-1.3116832098458593e-05
1	3	-1.7390401869762912e-05
3	1	-1.7390401869762912e-05
9	3	-6.239833306092427e-05
3	9	-6.239833306092427e-05
0	36	-2.1795042822143906e-07
36	0	-2.1795042822143906e-07
2	36	-0.0001849107862109222
36	2	-0.0001849107862109222
0	2	-1.9586557103830053e-05
2	0	-1.9586557103830053e-05
3	2	-0.000197522183860467
2	3	-0.000197522183860467
36	1	-1.9827026826074309e-07
1	36	-1.9827026826074309e-07
2	1	-1.9586557103830053e-05
1	2	-1.9586557103830053e-05
0	38	-2.2368681470580584e-07
38	0	-2.2368681470580584e-07
2	38	-0.0001897771286590111
38	2	-0.0001897771286590111
0	6	-0.00014853300913361588
6	0	-0.00014853300913361588
3	6	-0.0001975219104108811
6	3	-0.0001975219104108811
38	5	-4.579553537876277e-05
5	38	-4.579553537876277e-05
6	5	-0.0001783722586525374
5	6	-0.0001783722586525374
5	4	-0.00019710346789510673
4	5	-0.00019710346789510673
37	2	-4.398829388795657e-05
2	37	-4.398829388795657e-05
0	3	-1.7390401869762912e-05
3	0	-1.7390401869762912e-05
1	28	-1.0761103301221236e-08
28	1	-1.0761103301221236e-08
9	28	-0.00015878075811202785
28	9	-0.00015878075811202785
1	9	-1.9463104792107856e-07
9	1	-1.9463104792107856e-07
2	9	-0.00015872088367694894
9	2	-0.00015872088367694894
0	39	-9.798268373489018e-09
39	0	-9.798268373489018e-09
9	52	-0.00012053980613549899
52	9	-0.00012053980613549899
0	8	-2.509014574858437e-09
8	0	-2.509014574858437e-09
0	7	-2.249456417743828e-09
7	0	-2.249456417743828e-09
8	7	-0.0001975715911714291
7	8	-0.0001975715911714291
7	1	-2.2500156679400188e-09
1	7	-2.2500156679400188e-09
1	13	-1.4818437056824998e-08
13	1	-1.4818437056824998e-08
9	13	-0.00015879810521195545
13	9	-0.00015879810521195545
13	29	-0.00019755076489685918
29	13	-0.00019755076489685918
0	29	-2.5593463255058745e-08
29	0	-2.5593463255058745e-08
1	11	-1.016794698117584e-08
11	1	-1.016794698117584e-08
2	11	-5.894125468267439e-05
11	2	-5.894125468267439e-05
0	40	-2.463007865285297e-08
40	0	-2.463007865285297e-08
29	40	-0.00019752164547958169
40	29	-0.00019752164547958169
0	10	-1.3962601416443963e-08
10	0	-1.3962601416443963e-08
1	47	-9.000243881535656e-09
47	1	-9.000243881535656e-09
47	2	-4.413402367362072e-05
2	47	-4.413402367362072e-05
2	13	-1.5398397933604308e-07
13	2	-1.5398397933604308e-07
13	50	-0.0001490773280291209
50	13	-0.0001490773280291209
0	12	-1.369084442349377e-08
12	0	-1.369084442349377e-08
1	48	-8.825037194678894e-09
48	1	-8.825037194678894e-09
48	0	-1.3432830075070307e-08
0	48	-1.3432830075070307e-08
0	5	-1.6179041902620065e-05
5	0	-1.6179041902620065e-05
5	1	-1.6179041902620065e-05
1	5	-1.6179041902620065e-05
1	31	-6.087319028445061e-09
31	1	-6.087319028445061e-09
9	31	-0.00015877233106149463
31	9	-0.00015877233106149463
0	30	-5.126886180732328e-09
30	0	-5.126886180732328e-09
0	17	-2.2838386816614717e-07
17	0	-2.2838386816614717e-07
2	17	-0.0001937617576376298
17	2	-0.0001937617576376298
0	16	-4.147056873748963e-09
16	0	-4.147056873748963e-09
14	2	-4.4211166053273603e-05
2	14	-4.4211166053273603e-05
1	20	-1.9078595635405355e-07
20	1	-1.9078595635405355e-07
2	20	-0.00017793137499588
20	2	-0.00017793137499588
0	41	-5.126883224295739e-09
41	0	-5.126883224295739e-09
0	19	-0.00019577873994267443
19	0	-0.00019577873994267443
2	18	-4.330556184906754e-05
18	2	-4.330556184906754e-05
18	0	-0.00019577825975695398
0	18	-0.00019577825975695398
8	2	-4.352576998669252e-05
2	8	-4.352576998669252e-05
1	32	-1.1650262260432314e-08
32	1	-1.1650262260432314e-08
9	32	-0.0001587933788794589
32	9	-0.0001587933788794589
1	23	-1.9791687875971755e-07
23	1	-1.9791687875971755e-07
2	23	-0.0001845812378614781
23	2	-0.0001845812378614781
0	42	-1.6771616309886414e-08
42	0	-1.6771616309886414e-08
0	22	-7.83625157789836e-09
22	0	-7.83625157789836e-09
0	21	-7.575605712279282e-09
21	0	-7.575605712279282e-09
9	11	-0.00015880576558886691
11	9	-0.00015880576558886691
0	33	-2.7942552340191034e-08
33	0	-2.7942552340191034e-08
1	25	-1.8062497770455315e-07
25	1	-1.8062497770455315e-07
2	25	-0.00016845579204157282
25	2	-0.00016845579204157282
0	43	-2.697861214591106e-08
43	0	-2.697861214591106e-08
0	24	-1.5246277568820173e-08
24	0	-1.5246277568820173e-08
3	45	-0.00014717019060905346
45	3	-0.00014717019060905346
45	0	-1.4991573512935613e-08
0	45	-1.4991573512935613e-08
3	27	-0.00019752284470009212
27	3	-0.00019752284470009212
2	34	-4.401774955464552e-05
34	2	-4.401774955464552e-05
44	2	-4.4016136756858543e-05
2	44	-4.4016136756858543e-05
35	2	-4.371363653647983e-05
2	35	-4.371363653647983e-05
2	7	-4.3525415141189675e-05
7	2	-4.3525415141189675e-05
2	48	-4.32750535793925e-05
48	2	-4.32750535793925e-05
2	21	-4.371116222498719e-05
21	2	-4.371116222498719e-05
2	45	-4.271942180401631e-05
45	2	-4.271942180401631e-05
0	47	-1.3699465175240206e-08
47	0	-1.3699465175240206e-08
2	12	-4.327537937697461e-05
12	2	-4.327537937697461e-05
2	19	-4.330592577351114e-05
19	2	-4.330592577351114e-05
2	22	-4.3711518949845216e-05
22	2	-4.3711518949845216e-05
2	24	-4.2719771913804044e-05
24	2	-4.2719771913804044e-05
4	7	-0.0001388363876814666
7	4	-0.0001388363876814666
4	8	-0.00014533283225701038
8	4	-0.00014533283225701038
4	2	-4.3988626339874666e-05
2	4	-4.3988626339874666e-05
4	47	-9.121086051857258e-09
47	4	-9.121086051857258e-09
4	10	-9.384209299765738e-09
10	4	-9.384209299765738e-09
4	48	-8.943564505139312e-09
48	4	-8.943564505139312e-09
4	12	-9.201566361137057e-09
12	4	-9.201566361137057e-09
4	21	-3.0406024517246054e-09
21	4	-3.0406024517246054e-09
4	22	-3.3012327769278224e-09
22	4	-3.3012327769278224e-09
4	45	-1.0560095143699166e-08
45	4	-1.0560095143699166e-08
4	24	-1.0814783980124711e-08
24	4	-1.0814783980124711e-08
2	26	-4.4016469433442e-05
26	2	-4.4016469433442e-05
10	2	-4.413435731067338e-05
2	10	-4.413435731067338e-05
0	52	-3.2530817032108246e-09
52	0	-3.2530817032108246e-09
0	50	-1.4430489283394276e-08
50	0	-1.4430489283394276e-08
0	53	-0.00019577961701946602
53	0	-0.00019577961701946602
0	51	-8.583427144171862e-09
51	0	-8.583427144171862e-09
0	46	-1.5976403194389498e-08
46	0	-1.5976403194389498e-08
0	49	-1.4716929185112952e-08
49	0	-1.4716929185112952e-08
1	4	-1.3116832098458593e-05
4	1	-1.3116832098458593e-05
1	6	-0.0001507000517178067
6	1	-0.0001507000517178067
1	8	-2.5096350588960182e-09
8	1	-2.5096350588960182e-09
1	52	-3.253873942948834e-09
52	1	-3.253873942948834e-09
1	39	-9.801137323278246e-09
39	1	-9.801137323278246e-09
1	10	-9.263411375072569e-09
10	1	-9.263411375072569e-09
1	49	-1.0017825099900654e-08
49	1	-1.0017825099900654e-08
1	40	-1.3856010464990878e-08
40	1	-1.3856010464990878e-08
1	12	-9.08308159053208e-09
12	1	-9.08308159053208e-09
1	50	-9.822809092617486e-09
50	1	-9.822809092617486e-09
1	16	-4.1483897911972245e-09
16	1	-4.1483897911972245e-09
1	30	-5.128508596035026e-09
30	1	-5.128508596035026e-09
1	41	-5.128505637727e-09
41	1	-5.128505637727e-09
1	21	-7.577292974704759e-09
21	1	-7.577292974704759e-09
1	22	-7.837986554166858e-09
22	1	-7.837986554166858e-09
1	51	-3.927685604830998e-09
51	1	-3.927685604830998e-09
1	42	-1.0667306494357755e-08
42	1	-1.0667306494357755e-08
1	45	-1.0443340799570757e-08
45	1	-1.0443340799570757e-08
1	24	-1.0698066543139403e-08
24	1	-1.0698066543139403e-08
1	46	-1.1428259895295725e-08
46	1	-1.1428259895295725e-08
1	43	-9.207434371244319e-09
43	1	-9.207434371244319e-09
2	5	-4.398957703800902e-05
5	2	-4.398957703800902e-05
2	6	-0.00019757200996276344
6	2	-0.00019757200996276344
2	52	-4.352670843673362e-05
52	2	-4.352670843673362e-05
2	49	-4.413531139177556e-05
49	2	-4.413531139177556e-05
2	40	-0.00019756412484529166
40	2	-0.00019756412484529166
2	50	-4.327631107530157e-05
50	2	-4.327631107530157e-05
2	15	-4.421150051077323e-05
15	2	-4.421150051077323e-05
2	53	-4.330685858255094e-05
53	2	-4.330685858255094e-05
2	51	-4.3712462123261645e-05
51	2	-4.3712462123261645e-05
2	46	-4.272068917786689e-05
46	2	-4.272068917786689e-05
2	54	-4.401742077287743e-05
54	2	-4.401742077287743e-05
4	6	-0.00017794900244556526
6	4	-0.00017794900244556526
4	39	-3.850839413859256e-09
39	4	-3.850839413859256e-09
4	49	-1.0138500064560881e-08
49	4	-1.0138500064560881e-08
4	40	-1.86827923520816e-08
40	4	-1.86827923520816e-08
4	50	-9.941175643606364e-09
50	4	-9.941175643606364e-09
4	51	-4.048372036201199e-09
51	4	-4.048372036201199e-09
4	42	-1.0823769667768895e-08
42	4	-1.0823769667768895e-08
4	46	-1.1544874938480265e-08
46	4	-1.1544874938480265e-08
4	43	-2.103087936518199e-08
43	4	-2.103087936518199e-08
5	7	-0.00013916661354411366
7	5	-0.00013916661354411366
5	8	-0.0001954551034238639
8	5	-0.0001954551034238639
5	39	-0.00015163265538079338
39	5	-0.00015163265538079338
5	47	-0.00019699040483743806
47	5	-0.00019699040483743806
5	10	-0.00019698982829842552
10	5	-0.00019698982829842552
5	49	-0.00019698818605828346
49	5	-0.00019698818605828346
5	40	-1.8523305100295535e-08
40	5	-1.8523305100295535e-08
5	48	-0.00019427999411976776
48	5	-0.00019427999411976776
5	12	-0.00019428030291028826
12	5	-0.00019428030291028826
5	50	-0.00019428117796091904
50	5	-0.00019428117796091904
5	21	-0.00019626516568667135
21	5	-0.00019626516568667135
5	22	-0.0001962655990150766
22	5	-0.0001962655990150766
5	51	-0.00019626648443168485
51	5	-0.00019626648443168485
5	42	-0.00015162287866282668
42	5	-0.00015162287866282668
5	45	-0.0001917772821638717
45	5	-0.0001917772821638717
5	24	-0.00019177771819258612
24	5	-0.00019177771819258612
5	46	-0.00019177858024285965
46	5	-0.00019177858024285965
5	43	-0.00015162706300494213
43	5	-0.00015162706300494213
6	7	-0.00015414653506222301
7	6	-0.00015414653506222301
6	8	-0.00016135937341293965
8	6	-0.00016135937341293965
6	47	-0.0001520883492407411
47	6	-0.0001520883492407411
6	10	-0.00015208865292199066
10	6	-0.00015208865292199066
6	49	-0.00015208951537250376
49	6	-0.00015208951537250376
6	40	-1.2007111670179271e-08
40	6	-1.2007111670179271e-08
6	48	-0.00014912766327148072
48	6	-0.00014912766327148072
6	12	-0.00014912796026763243
12	6	-0.00014912796026763243
6	50	-0.00014912880386658303
50	6	-0.00014912880386658303
6	42	-0.00019753647833897824
42	6	-0.00019753647833897824
6	45	-0.00014720700550800218
45	6	-0.00014720700550800218
6	24	-0.00014720739939844273
24	6	-0.00014720739939844273
6	46	-0.0001472082308026489
46	6	-0.0001472082308026489
6	43	-0.00019753955685679542
43	6	-0.00019753955685679542
7	43	-0.00015000924965336297
43	7	-0.00015000924965336297
8	40	-0.00015002079624045988
40	8	-0.00015002079624045988
35	9	-0.00012107383234872907
9	35	-0.00012107383234872907
35	13	-0.00015063437318531625
13	35	-0.00015063437318531625
0	9	-2.139499815665782e-07
9	0	-2.139499815665782e-07
0	11	-2.794483792538439e-08
11	0	-2.794483792538439e-08
0	13	-2.5596250477485615e-08
13	0	-2.5596250477485615e-08
0	20	-2.0972322905882627e-07
20	0	-2.0972322905882627e-07
0	23	-2.1756196154031175e-07
23	0	-2.1756196154031175e-07
0	25	-1.985536791952273e-07
25	0	-1.985536791952273e-07
1	38	-2.0348867914611718e-07
38	1	-2.0348867914611718e-07
1	17	-2.077616051376676e-07
17	1	-2.077616051376676e-07
36	5	-4.70023574146496e-05
5	36	-4.70023574146496e-05
37	9	-0.0001218345519035593
9	37	-0.0001218345519035593
37	13	-0.00015158099968899742
13	37	-0.00015158099968899742
4	9	-0.00012183500840238648
9	4	-0.00012183500840238648
4	11	-2.199511633100651e-08
11	4	-2.199511633100651e-08
4	13	-1.9646793766128063e-08
13	4	-1.9646793766128063e-08
5	9	-4.7882273877095204e-05
9	5	-4.7882273877095204e-05
5	11	-2.0595980587371568e-07
11	5	-2.0595980587371568e-07
5	13	-1.9487249037168783e-08
13	5	-1.9487249037168783e-08
5	17	-4.485251162316703e-05
17	5	-4.485251162316703e-05
5	20	-4.8848438139574986e-05
20	5	-4.8848438139574986e-05
5	23	-4.708638386595039e-05
23	5	-4.708638386595039e-05
5	25	-5.159958729134449e-05
25	5	-5.159958729134449e-05
7	9	-0.00012053800024166426
9	7	-0.00012053800024166426
7	11	-4.476355978670955e-05
11	7	-4.476355978670955e-05
7	13	-0.00014996559129170316
13	7	-0.00014996559129170316
8	9	-0.00012053852370427277
9	8	-0.00012053852370427277
8	11	-0.00014995980747246763
11	8	-0.00014995980747246763
8	13	-4.852420344937186e-05
13	8	-4.852420344937186e-05
52	13	-0.00014996759342266968
13	52	-0.00014996759342266968
9	47	-0.00012220325848977758
47	9	-0.00012220325848977758
9	10	-0.00012220371688537835
10	9	-0.00012220371688537835
9	49	-0.00012220502445119884
49	9	-0.00012220502445119884
9	48	-0.00011982484529010592
48	9	-0.00011982484529010592
9	12	-0.00011982529103719846
12	9	-0.00011982529103719846
9	50	-0.00011982656259451296
50	9	-0.00011982656259451296
9	14	-0.0001224434741956532
14	9	-0.0001224434741956532
9	15	-0.00012244393393344438
15	9	-0.00012244393393344438
9	18	-0.00011993539004162829
18	9	-0.00011993539004162829
9	19	-0.0001199359409447401
19	9	-0.0001199359409447401
9	53	-0.00011993721432441304
53	9	-0.00011993721432441304
9	21	-0.00012104299550328178
21	9	-0.00012104299550328178
9	22	-0.00012104352224611618
22	9	-0.00012104352224611618
9	51	-0.00012104481225852261
51	9	-0.00012104481225852261
9	45	-0.00011828328615167589
45	9	-0.00011828328615167589
9	24	-0.00011828380508768683
24	9	-0.00011828380508768683
9	46	-0.00011828505351307105
46	9	-0.00011828505351307105
9	44	-0.0001219046073148706
44	9	-0.0001219046073148706
9	26	-0.0001219050641729299
26	9	-0.0001219050641729299
9	54	-0.0001219063673620305
54	9	-0.0001219063673620305
9	34	-0.00012190681342772678
34	9	-0.00012190681342772678
47	13	-0.0001520349938580513
13	47	-0.0001520349938580513
10	13	-0.0001520355000200888
13	10	-0.0001520355000200888
49	13	-0.00015203694292660348
13	49	-0.00015203694292660348
11	13	-0.0001975633241344942
13	11	-0.0001975633241344942
48	13	-0.00014907543468224937
13	48	-0.00014907543468224937
12	13	-0.00014907592635285093
13	12	-0.00014907592635285093
13	14	-0.00015233757918337108
14	13	-0.00015233757918337108
13	15	-0.00015233808688753953
15	13	-0.00015233808688753953
13	18	-0.00014921658801274505
18	13	-0.00014921658801274505
13	19	-0.00014921721047596206
19	13	-0.00014921721047596206
13	53	-0.0001492186142472808
53	13	-0.0001492186142472808
13	21	-0.00015059269091821187
21	13	-0.00015059269091821187
13	22	-0.00015059328273622896
22	13	-0.00015059328273622896
13	51	-0.00015059470554246572
51	13	-0.00015059470554246572
13	45	-0.0001471567966759411
45	13	-0.0001471567966759411
13	24	-0.00014715738022640204
24	13	-0.00014715738022640204
13	46	-0.0001471587554377212
46	13	-0.0001471587554377212
13	44	-0.0001516672012103863
44	13	-0.0001516672012103863
13	26	-0.0001516677056137211
26	13	-0.0001516677056137211
13	54	-0.00015166914351687907
54	13	-0.00015166914351687907
13	34	-0.00015166963448969023
34	13	-0.00015166963448969023
35	3	-0.0001506598781126762
3	35	-0.0001506598781126762
0	28	-1.0758004704240769e-08
28	0	-1.0758004704240769e-08
0	31	-6.085422304667453e-09
31	0	-6.085422304667453e-09
0	32	-1.7755895085080635e-08
32	0	-1.7755895085080635e-08
1	29	-1.4816823106684112e-08
29	1	-1.4816823106684112e-08
1	33	-1.0167115186044594e-08
33	1	-1.0167115186044594e-08
2	29	-0.00019750418600209162
29	2	-0.00019750418600209162
3	37	-0.00015160675913214819
37	3	-0.00015160675913214819
3	4	-0.00015160726321590125
4	3	-0.00015160726321590125
3	5	-0.000151608700209695
5	3	-0.000151608700209695
3	7	-0.00014998919444681672
7	3	-0.00014998919444681672
3	8	-0.00014998958545853607
8	3	-0.00014998958545853607
3	52	-0.00014999043481144858
52	3	-0.00014999043481144858
3	39	-0.0001975335348005917
39	3	-0.0001975335348005917
3	28	-0.0001975507168556857
28	3	-0.0001975507168556857
3	47	-0.00015205031312234894
47	3	-0.00015205031312234894
3	10	-0.00015205061679346573
10	3	-0.00015205061679346573
3	49	-0.0001520514792169581
49	3	-0.0001520514792169581
3	40	-0.00019751499070291912
40	3	-0.00019751499070291912
3	29	-0.000197564669915467
29	3	-0.000197564669915467
3	13	-1.7558959252441843e-07
13	3	-1.7558959252441843e-07
3	48	-0.0001490903675977223
48	3	-0.0001490903675977223
3	12	-0.00014909066458413195
12	3	-0.00014909066458413195
3	50	-0.00014909150815710354
50	3	-0.00014909150815710354
3	14	-0.00015236354208538497
14	3	-0.00015236354208538497
3	15	-0.00015236404988192579
15	3	-0.00015236404988192579
3	16	-0.00019752795041630796
16	3	-0.00019752795041630796
3	30	-0.00019752911283733973
30	3	-0.00019752911283733973
3	31	-0.0001975600636249915
31	3	-0.0001975600636249915
3	18	-0.00014924171316738974
18	3	-0.00014924171316738974
3	19	-0.000149242335752917
19	3	-0.000149242335752917
3	53	-0.00014924373977347042
53	3	-0.00014924373977347042
3	41	-0.00019752899889545017
41	3	-0.00019752899889545017
3	21	-0.00015061239261277102
21	3	-0.00015061239261277102
3	22	-0.00015061278578344995
22	3	-0.00015061278578344995
3	51	-0.00015061363907382626
51	3	-0.00015061363907382626
3	42	-0.00019754091977846797
42	3	-0.00019754091977846797
3	32	-0.00019753672032564958
32	3	-0.00019753672032564958
3	24	-0.00014717058446468795
24	3	-0.00014717058446468795
3	46	-0.00014717141584358055
46	3	-0.00014717141584358055
3	43	-0.0001975276365426037
43	3	-0.0001975276365426037
3	33	-0.00019753995915204364
33	3	-0.00019753995915204364
3	11	-5.8956871038879976e-05
11	3	-5.8956871038879976e-05
3	44	-0.0001516929832102106
44	3	-0.0001516929832102106
3	26	-0.00015169348770489445
26	3	-0.00015169348770489445
3	54	-0.00015169492586774878
54	3	-0.00015169492586774878
3	34	-0.00015169541692828826
34	3	-0.00015169541692828826
9	6	-0.00015872066402525196
6	9	-0.00015872066402525196
9	39	-0.00015874000868509923
39	9	-0.00015874000868509923
9	40	-6.240489535011915e-05
40	9	-6.240489535011915e-05
9	29	-6.242154526864286e-05
29	9	-6.242154526864286e-05
9	16	-0.00015872987269763026
16	9	-0.00015872987269763026
9	30	-0.00015873178607716807
30	9	-0.00015873178607716807
9	41	-0.00015873169454650165
41	9	-0.00015873169454650165
9	42	-0.00015875291332367172
42	9	-0.00015875291332367172
9	43	-0.00015875244733875468
43	9	-0.00015875244733875468
9	33	-0.0001587927773606635
33	9	-0.0001587927773606635
9	27	-0.00015872141450439325
27	9	-0.00015872141450439325
4	28	-4.8090579684723655e-09
28	4	-4.8090579684723655e-09
4	29	-1.964465445086597e-08
29	4	-1.964465445086597e-08
4	31	-1.367472296781929e-10
31	4	-1.367472296781929e-10
4	32	-1.1806541485114278e-08
32	4	-1.1806541485114278e-08
4	33	-2.1993317419051335e-08
33	4	-2.1993317419051335e-08
5	28	-0.00015159407524907386
28	5	-0.00015159407524907386
5	29	-1.9485127094536434e-08
29	5	-1.9485127094536434e-08
5	32	-0.0001515845835940786
32	5	-0.0001515845835940786
5	33	-0.00015158888782323564
33	5	-0.00015158888782323564
6	29	-1.2967295107358165e-08
29	6	-1.2967295107358165e-08
6	13	-1.2968707253975487e-08
13	6	-1.2968707253975487e-08
6	32	-0.00019748636068003177
32	6	-0.00019748636068003177
6	33	-0.00019748960129308476
33	6	-0.00019748960129308476
6	11	-5.894117311237858e-05
11	6	-5.894117311237858e-05
7	33	-0.0001499714895518473
33	7	-0.0001499714895518473
8	29	-0.00014998251648273408
29	8	-0.00014998251648273408
39	13	-0.00019750384054713986
13	39	-0.00019750384054713986
28	13	-0.0001975543192617834
13	28	-0.0001975543192617834
40	13	-0.00019750013230439823
13	40	-0.00019750013230439823
40	31	-0.00019750888311935886
31	40	-0.00019750888311935886
40	11	-0.00019749117704147038
11	40	-0.00019749117704147038
29	31	-0.00019755856082532452
31	29	-0.00019755856082532452
29	11	-0.0001975418067798348
11	29	-0.0001975418067798348
13	16	-0.00019749260657944405
16	13	-0.00019749260657944405
13	30	-0.00019749474846567224
30	13	-0.00019749474846567224
13	31	-0.00019754497304140664
31	13	-0.00019754497304140664
13	41	-0.00019749463455540637
41	13	-0.00019749463455540637
13	42	-0.00019751819718349242
42	13	-0.00019751819718349242
13	32	-0.00019756840789180233
32	13	-0.00019756840789180233
13	43	-0.00019751373422833028
43	13	-0.00019751373422833028
13	33	-0.00019756273186585105
33	13	-0.00019756273186585105
13	27	-0.00019748333256026872
27	13	-0.00019748333256026872
31	11	-0.0001975360143709808
11	31	-0.0001975360143709808
36	3	-6.125177922024227e-05
3	36	-6.125177922024227e-05
3	38	-5.967925898756021e-05
38	3	-5.967925898756021e-05
3	17	-5.8450474716576654e-05
17	3	-5.8450474716576654e-05
3	20	-6.365727000909434e-05
20	3	-6.365727000909434e-05
3	23	-6.136126785304955e-05
23	3	-6.136126785304955e-05
3	25	-6.724208829682511e-05
25	3	-6.724208829682511e-05
0	55	-0.00010656966521102848
55	0	-0.00010656966521102848
4	55	-0.00013227296945050485
55	4	-0.00013227296945050485
