0	1	-4.390495188511839e-05
1	0	-4.390495188511839e-05
10	0	-4.663137859171849e-05
0	10	-4.663137859171849e-05
1	3	-1.8790418437020857e-05
3	1	-1.8790418437020857e-05
10	3	-6.156470156171689e-05
3	10	-6.156470156171689e-05
0	36	-4.768333180838825e-05
36	0	-4.768333180838825e-05
2	36	-1.7091009440389923e-07
36	2	-1.7091009440389923e-07
0	2	-3.9514456696606546e-05
2	0	-3.9514456696606546e-05
3	2	-0.00019752177368637206
2	3	-0.00019752177368637206
36	1	-2.0499208229297111e-07
1	36	-2.0499208229297111e-07
2	1	-4.342142446562938e-05
1	2	-4.342142446562938e-05
7	1	-2.234296871863733e-09
1	7	-2.234296871863733e-09
2	7	-0.00016383536130342637
7	2	-0.00016383536130342637
10	7	-6.156766100192952e-05
7	10	-6.156766100192952e-05
0	38	-4.9397050441026364e-05
38	0	-4.9397050441026364e-05
2	38	-1.6498758109122244e-07
38	2	-1.6498758109122244e-07
0	6	-1.2759974857341582e-09
6	0	-1.2759974857341582e-09
7	6	-0.00019146318467332956
6	7	-0.00019146318467332956
6	5	-0.00019065758922589618
5	6	-0.00019065758922589618
0	4	-1.807017848933998e-05
4	0	-1.807017848933998e-05
5	4	-0.00019757067447977072
4	5	-0.00019757067447977072
37	0	-0.0001965139158607256
0	37	-0.0001965139158607256
8	3	-0.00017683265151520044
3	8	-0.00017683265151520044
0	3	-1.8790418437020857e-05
3	0	-1.8790418437020857e-05
2	31	-6.953679039984056e-09
31	2	-6.953679039984056e-09
10	31	-6.158494069931248e-05
31	10	-6.158494069931248e-05
1	10	-2.0961084277854855e-07
10	1	-2.0961084277854855e-07
2	10	-1.7476093967455145e-07
10	2	-1.7476093967455145e-07
0	39	-0.00014966616593840317
39	0	-0.00014966616593840317
10	49	-4.6903724571250114e-05
49	10	-4.6903724571250114e-05
0	9	-0.00014256461564315993
9	0	-0.00014256461564315993
0	8	-0.00012459790534199346
8	0	-0.00012459790534199346
8	2	-4.063426050995918e-09
2	8	-4.063426050995918e-09
0	24	-2.1657658712067928e-07
24	0	-2.1657658712067928e-07
2	24	-1.745455513452375e-07
24	2	-1.745455513452375e-07
0	11	-0.00019654568181975783
11	0	-0.00019654568181975783
40	2	-4.364822407735219e-05
2	40	-4.364822407735219e-05
2	4	-4.303848863961379e-05
4	2	-4.303848863961379e-05
2	32	-6.9992769353282215e-09
32	2	-6.9992769353282215e-09
10	32	-7.156692628560467e-09
32	10	-7.156692628560467e-09
1	15	-2.1460946219286498e-07
15	1	-2.1460946219286498e-07
2	15	-1.7892848852050645e-07
15	2	-1.7892848852050645e-07
0	41	-0.00014966902407032384
41	0	-0.00014966902407032384
0	14	-0.00019535060253295672
14	0	-0.00019535060253295672
0	13	-0.00019535116949962014
13	0	-0.00019535116949962014
13	2	-2.322786010805621e-09
2	13	-2.322786010805621e-09
11	6	-0.0001783722586525374
6	11	-0.0001783722586525374
6	2	-0.0001701149053163454
2	6	-0.0001701149053163454
2	33	-3.830223208909254e-09
33	2	-3.830223208909254e-09
10	33	-6.157271313181441e-05
33	10	-6.157271313181441e-05
1	18	-2.0612125035057018e-07
18	1	-2.0612125035057018e-07
2	18	-1.7185152695662736e-07
18	2	-1.7185152695662736e-07
0	42	-0.00014967806137176803
42	0	-0.00014967806137176803
16	2	-4.348513240659537e-05
2	16	-4.348513240659537e-05
1	21	-2.0827671956898794e-07
21	1	-2.0827671956898794e-07
2	21	-1.7364862781771319e-07
21	2	-1.7364862781771319e-07
1	43	-9.889578161553544e-09
43	1	-9.889578161553544e-09
0	20	-0.00019677690543545742
20	0	-0.00019677690543545742
2	19	-2.305948940195066e-09
19	2	-2.305948940195066e-09
0	5	-1.676581701387706e-05
5	0	-1.676581701387706e-05
5	2	-4.303941456937302e-05
2	5	-4.303941456937302e-05
2	34	-6.178514819133383e-09
34	2	-6.178514819133383e-09
10	34	-6.157579233717759e-05
34	10	-6.157579233717759e-05
1	24	-2.0935250284677524e-07
24	1	-2.0935250284677524e-07
0	44	-0.00014967484880852458
44	0	-0.00014967484880852458
0	23	-0.00019653560365005438
23	0	-0.00019653560365005438
0	22	-0.0001965361721805546
22	0	-0.0001965361721805546
22	2	-4.3654144725218076e-05
2	22	-4.3654144725218076e-05
0	46	-4.520310132673509e-05
46	0	-4.520310132673509e-05
2	46	-1.8027589648796754e-07
46	2	-1.8027589648796754e-07
45	2	-4.3988266628957966e-05
2	45	-4.3988266628957966e-05
0	48	-4.836034217249905e-05
48	0	-4.836034217249905e-05
2	48	-1.6852028766959753e-07
48	2	-1.6852028766959753e-07
1	30	-0.00014968441080143294
30	1	-0.00014968441080143294
7	30	-0.00019752270797428962
30	7	-0.00019752270797428962
35	2	-4.3420161313806084e-05
2	35	-4.3420161313806084e-05
37	2	-4.303813504188202e-05
2	37	-4.303813504188202e-05
2	47	-4.3269860113438855e-05
47	2	-4.3269860113438855e-05
0	19	-0.0001967776124247461
19	0	-0.0001967776124247461
4	8	-0.00019473209275351516
8	4	-0.00019473209275351516
4	9	-0.00019473153160765855
9	4	-0.00019473153160765855
4	11	-0.00019593638200142674
11	4	-0.00019593638200142674
2	11	-4.364855340843746e-05
11	2	-4.364855340843746e-05
2	17	-4.348548686445883e-05
17	2	-4.348548686445883e-05
2	20	-2.566020846534013e-09
20	2	-2.566020846534013e-09
2	23	-4.365447407471952e-05
23	2	-4.365447407471952e-05
2	28	-4.3270185996670984e-05
28	2	-4.3270185996670984e-05
9	2	-4.323903220018405e-09
2	9	-4.323903220018405e-09
14	2	-2.584755043333288e-09
2	14	-2.584755043333288e-09
0	49	-0.00019646476397145772
49	0	-0.00019646476397145772
0	50	-0.00019534898759815397
50	0	-0.00019534898759815397
0	51	-0.00019677528513995974
51	0	-0.00019677528513995974
0	43	-0.00014966852328030284
43	0	-0.00014966852328030284
0	52	-0.00019653398423246144
52	0	-0.00019653398423246144
0	30	-0.00014968300095758154
30	0	-0.00014968300095758154
1	4	-1.807017848933998e-05
4	1	-1.807017848933998e-05
1	5	-1.676581701387706e-05
5	1	-1.676581701387706e-05
1	6	-1.2764261554842535e-09
6	1	-1.2764261554842535e-09
1	8	-4.06248519556806e-09
8	1	-4.06248519556806e-09
1	9	-4.322907750749188e-09
9	1	-4.322907750749188e-09
1	49	-5.069456707463386e-09
49	1	-5.069456707463386e-09
1	39	-1.2191154217708815e-08
39	1	-1.2191154217708815e-08
1	11	-0.00015325819162212103
11	1	-0.00015325819162212103
1	13	-2.3222243788444183e-09
13	1	-2.3222243788444183e-09
1	14	-2.5841334946600852e-09
14	1	-2.5841334946600852e-09
1	50	-3.3349440679606195e-09
50	1	-3.3349440679606195e-09
1	41	-9.889545083775329e-09
41	1	-9.889545083775329e-09
1	42	-2.87106222140208e-09
42	1	-2.87106222140208e-09
1	19	-2.305395419904711e-09
19	1	-2.305395419904711e-09
1	20	-2.56540827405915e-09
20	1	-2.56540827405915e-09
1	51	-3.3107781945981676e-09
51	1	-3.3107781945981676e-09
1	22	-0.00019653779089119535
22	1	-0.00019653779089119535
1	23	-0.0001965372223560384
23	1	-0.0001965372223560384
1	52	-0.00019653560292514247
52	1	-0.00019653560292514247
1	44	-5.218106651776616e-09
44	1	-5.218106651776616e-09
2	49	-5.0706049317824275e-09
49	2	-5.0706049317824275e-09
2	39	-5.994648415443079e-09
39	2	-5.994648415443079e-09
2	12	-4.364949519616283e-05
12	2	-4.364949519616283e-05
2	50	-3.3357335297070426e-09
50	2	-3.3357335297070426e-09
2	41	-9.892323247463118e-09
41	2	-9.892323247463118e-09
2	53	-4.348642434260062e-05
53	2	-4.348642434260062e-05
2	42	-2.8719707777444262e-09
42	2	-2.8719707777444262e-09
2	51	-3.3115562551723316e-09
51	2	-3.3115562551723316e-09
2	43	-9.892356343828343e-09
43	2	-9.892356343828343e-09
2	52	-4.365541591486313e-05
52	2	-4.365541591486313e-05
2	44	-5.219695932372288e-09
44	2	-5.219695932372288e-09
2	25	-4.3988626339874666e-05
25	2	-4.3988626339874666e-05
2	26	-4.398957703800902e-05
26	2	-4.398957703800902e-05
2	29	-4.32711179401517e-05
29	2	-4.32711179401517e-05
4	6	-0.00017689533366557623
6	4	-0.00017689533366557623
4	39	-0.00014834500946130804
39	4	-0.00014834500946130804
6	8	-0.00015052503368103497
8	6	-0.00015052503368103497
6	9	-0.00015052533384708568
9	6	-0.00015052533384708568
6	49	-0.00015052618638591766
49	6	-0.00015052618638591766
6	39	-0.000197545799406321
39	6	-0.000197545799406321
6	50	-0.00015138681729883648
50	6	-0.00015138681729883648
6	41	-0.00019755012959103536
41	6	-0.00019755012959103536
6	51	-0.00015028957118784646
51	6	-0.00015028957118784646
6	43	-0.00019754946862100663
43	6	-0.00019754946862100663
6	44	-0.00019755894980678104
44	6	-0.00019755894980678104
35	10	-0.00012026099286147082
10	35	-0.00012026099286147082
0	15	-4.5543928644153065e-05
15	0	-4.5543928644153065e-05
0	18	-4.7421802392236705e-05
18	0	-4.7421802392236705e-05
0	21	-4.693044200250388e-05
21	0	-4.693044200250388e-05
1	38	-1.978885326717045e-07
38	1	-1.978885326717045e-07
1	46	-2.1622556313711494e-07
46	1	-2.1622556313711494e-07
1	48	-2.0212571292812514e-07
48	1	-2.0212571292812514e-07
36	4	-4.726365355078799e-05
4	36	-4.726365355078799e-05
37	10	-0.00011919989515147577
10	37	-0.00011919989515147577
4	38	-4.896222823947837e-05
38	4	-4.896222823947837e-05
4	10	-4.622099632953164e-05
10	4	-4.622099632953164e-05
4	24	-1.7452988752565785e-07
24	4	-1.7452988752565785e-07
4	15	-4.514315605810456e-05
15	4	-4.514315605810456e-05
4	18	-4.7004435241456116e-05
18	4	-4.7004435241456116e-05
4	21	-4.651741694969581e-05
21	4	-4.651741694969581e-05
4	46	-4.4805340594378624e-05
46	4	-4.4805340594378624e-05
4	48	-4.7934681248426674e-05
48	4	-4.7934681248426674e-05
5	10	-0.0001192016826100997
10	5	-0.0001192016826100997
5	24	-4.627904059611468e-05
24	5	-4.627904059611468e-05
8	10	-4.690243324570392e-05
10	8	-4.690243324570392e-05
9	10	-4.690276784723995e-05
10	9	-4.690276784723995e-05
10	40	-0.00012088961867203125
40	10	-0.00012088961867203125
10	11	-0.00012089007012983048
11	10	-0.00012089007012983048
10	12	-0.00012089135794534274
12	10	-0.00012089135794534274
10	13	-0.00012163220091157196
13	10	-0.00012163220091157196
10	14	-0.00012163265629265061
14	10	-0.00012163265629265061
10	50	-4.717019969616129e-05
50	10	-4.717019969616129e-05
10	16	-0.00012043271334001096
16	10	-0.00012043271334001096
10	17	-0.00012043323613044995
17	10	-0.00012043323613044995
10	53	-0.00012043451700932959
53	10	-0.00012043451700932959
10	19	-0.00012075076167815601
19	10	-0.00012075076167815601
10	20	-0.00012075129711749045
20	10	-0.00012075129711749045
10	51	-4.6828392142838193e-05
51	10	-4.6828392142838193e-05
10	22	-0.0001208976630227876
22	10	-0.0001208976630227876
10	23	-0.00012089811450571872
23	10	-0.00012089811450571872
10	52	-0.00012089940239267717
52	10	-0.00012089940239267717
10	45	-0.00012183447640420283
45	10	-0.00012183447640420283
10	25	-0.00012183500840238648
25	10	-0.00012183500840238648
10	26	-0.00012183631056891004
26	10	-0.00012183631056891004
10	47	-0.00011984168885853726
47	10	-0.00011984168885853726
10	28	-0.00011984213476035155
28	10	-0.00011984213476035155
10	29	-0.0001198434067585249
29	10	-0.0001198434067585249
35	7	-0.00014964512160398096
7	35	-0.00014964512160398096
0	7	-2.2335571512034128e-09
7	0	-2.2335571512034128e-09
0	31	-0.00014962807501140357
31	0	-0.00014962807501140357
0	32	-1.310577586449386e-08
32	0	-1.310577586449386e-08
0	33	-0.00014964048711007071
33	0	-0.00014964048711007071
0	34	-0.0001496373612412295
34	0	-0.0001496373612412295
1	31	-1.3151514409684955e-08
31	1	-1.3151514409684955e-08
1	32	-1.0849303150433181e-08
32	1	-1.0849303150433181e-08
1	33	-3.8290297647345785e-09
33	1	-3.8290297647345785e-09
1	34	-6.176663071317814e-09
34	1	-6.176663071317814e-09
3	4	-0.00018999930411613074
4	3	-0.00018999930411613074
3	5	-0.00017628456561479032
5	3	-0.00017628456561479032
3	6	-0.0001975248505753618
6	3	-0.0001975248505753618
3	7	-0.00017554283532468602
7	3	-0.00017554283532468602
3	9	-0.000195565689978908
9	3	-0.000195565689978908
3	11	-0.00018842610701769083
11	3	-0.00018842610701769083
3	32	-0.0001975460208409342
32	3	-0.0001975460208409342
10	6	-6.155122493180363e-05
6	10	-6.155122493180363e-05
10	39	-6.156854179521398e-05
39	10	-6.156854179521398e-05
10	41	-6.156560832233491e-05
41	10	-6.156560832233491e-05
10	42	-0.00015873211558844124
42	10	-0.00015873211558844124
10	43	-6.156581424217454e-05
43	10	-6.156581424217454e-05
10	44	-6.155964479842757e-05
44	10	-6.155964479842757e-05
10	27	-0.00015872066402525196
27	10	-0.00015872066402525196
10	30	-0.00015872537256732502
30	10	-0.00015872537256732502
37	7	-0.00014832398905012238
7	37	-0.00014832398905012238
4	7	-0.00014832457990008224
7	4	-0.00014832457990008224
4	31	-0.00014830726001349576
31	4	-0.00014830726001349576
5	7	-0.00014832597127497596
7	5	-0.00014832597127497596
5	32	-0.00014831167762805012
32	5	-0.00014831167762805012
6	31	-0.0001974952931407982
31	6	-0.0001974952931407982
6	32	-0.00019749989621957936
32	6	-0.00019749989621957936
6	34	-0.00019750923943206734
34	6	-0.00019750923943206734
7	8	-0.00015048717783150003
8	7	-0.00015048717783150003
7	9	-0.00015048747798756905
9	7	-0.00015048747798756905
7	49	-5.55545036897018e-10
49	7	-5.55545036897018e-10
7	39	-6.266305516348882e-09
39	7	-6.266305516348882e-09
7	31	-7.225152855920501e-09
31	7	-7.225152855920501e-09
7	40	-0.00015042713757561376
40	7	-0.00015042713757561376
7	11	-0.00015042763587157172
11	7	-0.00015042763587157172
7	12	-0.00015042905639838045
12	7	-0.00015042905639838045
7	13	-0.00015134758441993478
13	7	-0.00015134758441993478
7	14	-0.00015134788652382616
14	7	-0.00015134788652382616
7	50	-0.00015134874452870682
50	7	-0.00015134874452870682
7	41	-3.9648217020487896e-09
41	7	-3.9648217020487896e-09
7	32	-4.923075183977901e-09
32	7	-4.923075183977901e-09
7	16	-0.00014985772123090222
16	7	-0.00014985772123090222
7	17	-0.0001498583085522597
17	7	-0.0001498583085522597
7	53	-0.0001498597211335045
53	7	-0.0001498597211335045
7	42	-0.00019752726648076236
42	7	-0.00019752726648076236
7	33	-0.00019756457758899847
33	7	-0.00019756457758899847
7	19	-0.00015025051824433318
19	7	-0.00015025051824433318
7	20	-0.0001502509233517821
20	7	-0.0001502509233517821
7	51	-0.00015025177436776122
51	7	-0.00015025177436776122
7	43	-3.964834962903188e-09
43	7	-3.964834962903188e-09
7	22	-0.0001504359964640833
22	7	-0.0001504359964640833
7	23	-0.00015043649478775642
23	7	-0.00015043649478775642
7	52	-0.0001504379153933308
52	7	-0.0001504379153933308
7	44	-0.00019752972814545292
44	7	-0.00019752972814545292
7	34	-2.507062332256524e-10
34	7	-2.507062332256524e-10
7	45	-0.00015160360405539885
45	7	-0.00015160360405539885
7	25	-0.00015160420210267713
25	7	-0.00015160420210267713
7	26	-0.00015160563907004888
26	7	-0.00015160563907004888
7	27	-0.00019751739797517183
27	7	-0.00019751739797517183
7	47	-0.00014912280866288165
47	7	-0.00014912280866288165
7	28	-0.000149123300593233
28	7	-0.000149123300593233
7	29	-0.00014912470300871303
29	7	-0.00014912470300871303
11	32	-0.00015041305155264986
32	11	-0.00015041305155264986
36	3	-6.295336567432058e-05
3	36	-6.295336567432058e-05
36	6	-6.293955576762118e-05
6	36	-6.293955576762118e-05
36	7	-6.295634097359098e-05
7	36	-6.295634097359098e-05
3	38	-6.521561415318228e-05
38	3	-6.521561415318228e-05
3	24	-6.164075559329014e-05
24	3	-6.164075559329014e-05
3	15	-6.012917886687926e-05
15	3	-6.012917886687926e-05
3	18	-6.260812549743365e-05
18	3	-6.260812549743365e-05
3	21	-6.195948967526557e-05
21	3	-6.195948967526557e-05
3	46	-5.967925898756021e-05
46	3	-5.967925898756021e-05
3	48	-6.384707461650881e-05
48	3	-6.384707461650881e-05
6	38	-6.520126131108498e-05
38	6	-6.520126131108498e-05
6	24	-6.162726071055176e-05
24	6	-6.162726071055176e-05
6	15	-6.011604675972414e-05
15	6	-6.011604675972414e-05
6	18	-6.25943984477301e-05
18	6	-6.25943984477301e-05
6	21	-6.194591829694448e-05
21	6	-6.194591829694448e-05
6	46	-5.966623486033346e-05
46	6	-5.966623486033346e-05
6	48	-6.383305022133714e-05
48	6	-6.383305022133714e-05
38	7	-6.521861528816701e-05
7	38	-6.521861528816701e-05
7	24	-6.164371590206793e-05
24	7	-6.164371590206793e-05
7	15	-6.013212191289177e-05
15	7	-6.013212191289177e-05
7	18	-6.261109685393354e-05
18	7	-6.261109685393354e-05
7	21	-6.196245362410447e-05
21	7	-6.196245362410447e-05
7	46	-5.9682196895321305e-05
46	7	-5.9682196895321305e-05
7	48	-6.385006012226587e-05
48	7	-6.385006012226587e-05
24	32	-6.165798015578608e-05
32	24	-6.165798015578608e-05
