2	5	-0.0001780933259565364
5	2	-0.0001780933259565364
1	5	-1.676581701387706e-05
5	1	-1.676581701387706e-05
5	0	-1.676581701387706e-05
0	5	-1.676581701387706e-05
1	0	-1.3116832098458593e-05
0	1	-1.3116832098458593e-05
2	29	-0.00015877656509072282
29	2	-0.00015877656509072282
0	2	-0.00012082377861460774
2	0	-0.00012082377861460774
0	3	-0.00017287574804765348
3	0	-0.00017287574804765348
2	6	-0.00015876131483555443
6	2	-0.00015876131483555443
0	20	-5.117403465464945e-05
20	0	-5.117403465464945e-05
5	20	-0.00016845579204157282
20	5	-0.00016845579204157282
1	6	-1.807017848933998e-05
6	1	-1.807017848933998e-05
6	0	-0.0001503464284107123
0	6	-0.0001503464284107123
0	9	-1.7054749313484207e-07
9	0	-1.7054749313484207e-07
5	9	-0.00017953689907851302
9	5	-0.00017953689907851302
0	8	-0.00013916661354411366
8	0	-0.00013916661354411366
0	7	-0.0001495863198175042
7	0	-0.0001495863198175042
1	8	-1.6179041902620065e-05
8	1	-1.6179041902620065e-05
5	12	-0.0001848413933853583
12	5	-0.0001848413933853583
1	7	-1.7390401869762912e-05
7	1	-1.7390401869762912e-05
2	9	-0.00015879810521195545
9	2	-0.00015879810521195545
1	4	-1.9586557103830053e-05
4	1	-1.9586557103830053e-05
4	0	-1.9586557103830053e-05
0	4	-1.9586557103830053e-05
1	2	-0.0001714525578700215
2	1	-0.0001714525578700215
7	2	-0.00018472792027631973
2	7	-0.00018472792027631973
10	2	-0.00019128692078850497
2	10	-0.00019128692078850497
13	2	-0.00019397132475679768
2	13	-0.00019397132475679768
45	2	-0.00019351323204457626
2	45	-0.00019351323204457626
2	46	-0.00019205046317315915
46	2	-0.00019205046317315915
3	2	-0.00014256461564315993
2	3	-0.00014256461564315993
8	2	-0.0001718603621191177
2	8	-0.0001718603621191177
11	2	-0.0001912872254497624
2	11	-0.0001912872254497624
16	2	-0.00019351354081006874
2	16	-0.00019351354081006874
2	27	-0.00019205076922526783
27	2	-0.00019205076922526783
3	5	-0.00015979296798674416
5	3	-0.00015979296798674416
4	2	-0.00011826233157913055
2	4	-0.00011826233157913055
47	2	-0.0001935144158232689
2	47	-0.0001935144158232689
2	48	-0.00019205163661243401
48	2	-0.00019205163661243401
4	9	-0.00016847689990140953
9	4	-0.00016847689990140953
0	33	-0.00015033795225629832
33	0	-0.00015033795225629832
2	33	-0.00015878081388116046
33	2	-0.00015878081388116046
