0	6	-1.8790418437020857e-05
6	0	-1.8790418437020857e-05
0	1	-0.00013171485565535503
1	0	-0.00013171485565535503
1	2	-0.0001908526090447948
2	1	-0.0001908526090447948
8	2	-0.00017526789848854078
2	8	-0.00017526789848854078
2	47	-0.00019659285632196962
47	2	-0.00019659285632196962
0	9	-1.6179041902620065e-05
9	0	-1.6179041902620065e-05
2	32	-0.00015877233106149463
32	2	-0.00015877233106149463
0	4	-0.0001779577066029481
4	0	-0.0001779577066029481
3	2	-0.0001656382029586221
2	3	-0.0001656382029586221
2	9	-0.00015876538418296818
9	2	-0.00015876538418296818
0	8	-1.7390401869762912e-05
8	0	-1.7390401869762912e-05
0	7	-1.807017848933998e-05
7	0	-1.807017848933998e-05
8	15	-0.0001748383744985434
15	8	-0.0001748383744985434
2	19	-0.00015876945362332736
19	2	-0.00015876945362332736
8	22	-0.0001787792116151451
22	8	-0.0001787792116151451
0	2	-0.00011949211435662497
2	0	-0.00011949211435662497
2	27	-0.00019688702660360918
27	2	-0.00019688702660360918
2	13	-0.00019676484115483807
13	2	-0.00019676484115483807
2	44	-0.00019676139697800106
44	2	-0.00019676139697800106
2	45	-0.000196885843445064
45	2	-0.000196885843445064
1	6	-1.8790418437020857e-05
6	1	-1.8790418437020857e-05
2	14	-0.0001967651495738068
14	2	-0.0001967651495738068
2	23	-0.00019676184200073825
23	2	-0.00019676184200073825
2	26	-0.00019688615208712977
26	2	-0.00019688615208712977
4	2	-0.00011972069959638134
2	4	-0.00011972069959638134
6	2	-0.00012026462146478386
2	6	-0.00012026462146478386
1	7	-0.00018896659418431608
7	1	-0.00018896659418431608
1	8	-4.3149817491037906e-05
8	1	-4.3149817491037906e-05
2	51	-0.00019676602346340875
51	2	-0.00019676602346340875
2	24	-0.0001967627158862996
24	2	-0.0001967627158862996
50	2	-0.0001972837465172216
2	50	-0.0001972837465172216
7	2	-0.00019654271536937617
2	7	-0.00019654271536937617
1	9	-1.6179041902620065e-05
9	1	-1.6179041902620065e-05
2	18	-0.0001587292208806678
18	2	-0.0001587292208806678
