11	6	-0.00017683265151520044
6	11	-0.00017683265151520044
0	6	-2.573510117854024e-09
6	0	-2.573510117854024e-09
0	1	-3.9514456696606546e-05
1	0	-3.9514456696606546e-05
2	31	-6.464623489142752e-05
31	2	-6.464623489142752e-05
1	2	-0.00011949167034100552
2	1	-0.00011949167034100552
8	2	-6.461189562581999e-05
2	8	-6.461189562581999e-05
1	35	-0.0001487048810687289
35	1	-0.0001487048810687289
2	47	-4.8644908214269054e-05
47	2	-4.8644908214269054e-05
10	9	-0.0001783722586525374
9	10	-0.0001783722586525374
0	9	-1.6179041902620065e-05
9	0	-1.6179041902620065e-05
9	6	-0.0001701149053163454
6	9	-0.0001701149053163454
6	32	-1.5731273893734387e-09
32	6	-1.5731273893734387e-09
2	32	-6.463386288581284e-05
32	2	-6.463386288581284e-05
1	5	-0.0001765600587786665
5	1	-0.0001765600587786665
8	5	-0.00017666408378939932
5	8	-0.00017666408378939932
0	4	-4.272026795637684e-09
4	0	-4.272026795637684e-09
0	3	-0.00013471991823618093
3	0	-0.00013471991823618093
4	3	-0.00019075469684489376
3	4	-0.00019075469684489376
3	2	-1.9969282781633774e-07
2	3	-1.9969282781633774e-07
4	9	-0.0001770478477942874
9	4	-0.0001770478477942874
2	9	-1.879137267225245e-07
9	2	-1.879137267225245e-07
0	38	-4.738529762703812e-05
38	0	-4.738529762703812e-05
8	38	-0.00017991857919460576
38	8	-0.00017991857919460576
0	8	-1.7390401869762912e-05
8	0	-1.7390401869762912e-05
9	8	-0.00019752270797428962
8	9	-0.00019752270797428962
8	7	-4.342366490141962e-05
7	8	-4.342366490141962e-05
37	2	-0.00012026417332646893
2	37	-0.00012026417332646893
0	7	-1.807017848933998e-05
7	0	-1.807017848933998e-05
2	33	-6.464317959321997e-05
33	2	-6.464317959321997e-05
8	12	-0.00018374531366461189
12	8	-0.00018374531366461189
1	39	-0.00014870812395556294
39	1	-0.00014870812395556294
1	10	-0.00019054430388908077
10	1	-0.00019054430388908077
10	2	-0.00012090299439206107
2	10	-0.00012090299439206107
8	15	-6.477080374548277e-05
15	8	-6.477080374548277e-05
1	4	-4.014674737976219e-09
4	1	-4.014674737976219e-09
4	6	-0.0001925794820953747
6	4	-0.0001925794820953747
2	19	-6.463174554464307e-05
19	2	-6.463174554464307e-05
0	42	-4.797724184534091e-05
42	0	-4.797724184534091e-05
8	42	-0.00017770100984303925
42	8	-0.00017770100984303925
19	18	-0.00019752243452325253
18	19	-0.00019752243452325253
41	2	-0.00011989482024104621
2	41	-0.00011989482024104621
2	34	-6.464006386738472e-05
34	2	-6.464006386738472e-05
8	22	-6.334147374285476e-05
22	8	-6.334147374285476e-05
20	2	-0.00012008406284311903
2	20	-0.00012008406284311903
0	15	-1.6608384235483222e-07
15	0	-1.6608384235483222e-07
0	23	-0.00019756930007350967
23	0	-0.00019756930007350967
44	0	-0.000197568854279958
0	44	-0.000197568854279958
0	2	-1.6649189408737536e-07
2	0	-1.6649189408737536e-07
2	27	-0.00011948007184663301
27	2	-0.00011948007184663301
0	22	-1.6982768020436187e-07
22	0	-1.6982768020436187e-07
46	2	-0.00012007654982619536
2	46	-0.00012007654982619536
1	3	-0.00015947994090918308
3	1	-0.00015947994090918308
2	13	-0.0001194061676210976
13	2	-0.0001194061676210976
2	44	-0.00011940117143730918
44	2	-0.00011940117143730918
2	45	-0.00011947836135558773
45	2	-0.00011947836135558773
3	10	-0.00015325819162212103
10	3	-0.00015325819162212103
1	6	-2.316158502678584e-09
6	1	-2.316158502678584e-09
1	11	-0.0001952621298357313
11	1	-0.0001952621298357313
0	10	-0.00018842610701769083
10	0	-0.00018842610701769083
2	14	-0.00011940661121146031
14	2	-0.00011940661121146031
2	23	-0.00011940169788419171
23	2	-0.00011940169788419171
2	26	-0.00011947880533148414
26	2	-0.00011947880533148414
3	6	-0.00018593418104014914
6	3	-0.00018593418104014914
3	11	-0.00012856165618674195
11	3	-0.00012856165618674195
4	2	-1.9280206798579837e-07
2	4	-1.9280206798579837e-07
4	10	-2.308856853536793e-09
10	4	-2.308856853536793e-09
4	11	-2.5692567262782232e-09
11	4	-2.5692567262782232e-09
2	16	-0.00011989526641752364
16	2	-0.00011989526641752364
2	21	-0.00012008451000334203
21	2	-0.00012008451000334203
2	29	-0.00012007699696435904
29	2	-0.00012007699696435904
6	2	-1.8792981356016449e-07
2	6	-1.8792981356016449e-07
6	10	-0.00018842610701769083
10	6	-0.00018842610701769083
0	24	-0.00019757017451966426
24	0	-0.00019757017451966426
1	7	-1.807017848933998e-05
7	1	-1.807017848933998e-05
1	8	-1.7390401869762912e-05
8	1	-1.7390401869762912e-05
47	4	-5.009769843053282e-09
4	47	-5.009769843053282e-09
47	6	-3.311251985305763e-09
6	47	-3.311251985305763e-09
47	8	-4.315107082087388e-05
8	47	-4.315107082087388e-05
35	4	-1.2194462213844017e-08
4	35	-1.2194462213844017e-08
35	6	-9.93791686959998e-09
6	35	-9.93791686959998e-09
2	51	-0.00011940787662898328
51	2	-0.00011940787662898328
2	24	-0.0001194029632587863
24	2	-0.0001194029632587863
3	8	-4.3227881923994017e-05
8	3	-4.3227881923994017e-05
3	18	-1.276017205288744e-09
18	3	-1.276017205288744e-09
4	36	-2.8719648137796184e-09
36	4	-2.8719648137796184e-09
4	7	-0.0001966727893723874
7	4	-0.0001966727893723874
4	8	-4.3228207403337946e-05
8	4	-4.3228207403337946e-05
4	48	-3.3157322950337457e-09
48	4	-3.3157322950337457e-09
4	39	-9.892316399966928e-09
39	4	-9.892316399966928e-09
4	40	-2.8719707777444262e-09
40	4	-2.8719707777444262e-09
4	18	-1.276431309516625e-09
18	4	-1.276431309516625e-09
4	43	-7.544611201462375e-09
43	4	-7.544611201462375e-09
50	2	-0.00011972196973590003
2	50	-0.00011972196973590003
50	8	-4.322913819352991e-05
8	50	-4.322913819352991e-05
36	6	-0.00014968191349732672
6	36	-0.00014968191349732672
2	17	-0.0001198965391976085
17	2	-0.0001198965391976085
2	49	-0.00012008578558397657
49	2	-0.00012008578558397657
2	30	-0.00012007827248229379
30	2	-0.00012007827248229379
37	8	-4.342240172063434e-05
8	37	-4.342240172063434e-05
6	8	-4.342272899265869e-05
8	6	-4.342272899265869e-05
6	48	-1.5971066551994973e-09
48	6	-1.5971066551994973e-09
6	39	-7.635774179697969e-09
39	6	-7.635774179697969e-09
6	40	-0.0001496816026499694
40	6	-0.0001496816026499694
6	43	-5.288065857218338e-09
43	6	-5.288065857218338e-09
7	2	-4.8953485036153925e-05
2	7	-4.8953485036153925e-05
8	10	-4.365834295284074e-05
10	8	-4.365834295284074e-05
8	11	-4.365870299464774e-05
11	8	-4.365870299464774e-05
8	48	-4.365964486821545e-05
48	8	-4.365964486821545e-05
8	13	-4.311447334503008e-05
13	8	-4.311447334503008e-05
8	14	-4.311479779336974e-05
14	8	-4.311479779336974e-05
8	51	-4.3115725639806546e-05
51	8	-4.3115725639806546e-05
8	41	-4.329013236738304e-05
41	8	-4.329013236738304e-05
8	16	-4.329045842224941e-05
16	8	-4.329045842224941e-05
8	17	-4.329139085572384e-05
17	8	-4.329139085572384e-05
8	20	-4.33615015730188e-05
20	8	-4.33615015730188e-05
8	21	-4.336182824167829e-05
21	8	-4.336182824167829e-05
8	49	-4.336276242749427e-05
49	8	-4.336276242749427e-05
8	44	-4.311080755522121e-05
44	8	-4.311080755522121e-05
8	23	-4.3111161913953004e-05
23	8	-4.3111161913953004e-05
8	24	-4.311208972876613e-05
24	8	-4.311208972876613e-05
8	45	-4.3139762566245475e-05
45	8	-4.3139762566245475e-05
8	26	-4.3140087253575455e-05
26	8	-4.3140087253575455e-05
8	27	-4.314101578242825e-05
27	8	-4.314101578242825e-05
8	46	-4.335574902855622e-05
46	8	-4.335574902855622e-05
8	29	-4.3356075680685896e-05
29	8	-4.3356075680685896e-05
8	30	-4.3357009819469224e-05
30	8	-4.3357009819469224e-05
0	5	-4.8259131479753774e-05
5	0	-4.8259131479753774e-05
0	12	-4.639741459705515e-05
12	0	-4.639741459705515e-05
2	5	-0.0001960107259396169
5	2	-0.0001960107259396169
2	11	-0.00012090353085412199
11	2	-0.00012090353085412199
2	48	-0.00012090481878514385
48	2	-0.00012090481878514385
2	15	-0.00019708805743094956
15	2	-0.00019708805743094956
2	22	-0.00019369153283301516
22	2	-0.00019369153283301516
3	5	-0.00014087818028561994
5	3	-0.00014087818028561994
3	15	-1.9920340456355087e-07
15	3	-1.9920340456355087e-07
3	22	-2.036938187735427e-07
22	3	-2.036938187735427e-07
4	5	-2.012837195399808e-07
5	4	-2.012837195399808e-07
4	38	-2.0499208229297111e-07
38	4	-2.0499208229297111e-07
4	12	-2.0935250284677524e-07
12	4	-2.0935250284677524e-07
4	15	-1.9232953316174131e-07
15	4	-1.9232953316174131e-07
4	42	-2.024652525615816e-07
42	4	-2.024652525615816e-07
4	22	-1.9666499756107122e-07
22	4	-1.9666499756107122e-07
5	6	-1.9433806313201357e-07
6	5	-1.9433806313201357e-07
6	38	-1.9791846216505048e-07
38	6	-1.9791846216505048e-07
6	12	-2.0212841857287118e-07
12	6	-2.0212841857287118e-07
6	15	-1.8746922004935076e-07
15	6	-1.8746922004935076e-07
6	42	-1.9547882523373337e-07
42	6	-1.9547882523373337e-07
6	22	-1.9169512397649541e-07
22	6	-1.9169512397649541e-07
7	15	-4.9073892785750055e-05
15	7	-4.9073892785750055e-05
7	22	-4.7990861853083597e-05
22	7	-4.7990861853083597e-05
15	22	-0.00019321681803693047
22	15	-0.00019321681803693047
1	31	-0.00014866734992328867
31	1	-0.00014866734992328867
1	9	-1.6179041902620065e-05
9	1	-1.6179041902620065e-05
1	33	-0.000148670386592702
33	1	-0.000148670386592702
1	34	-0.0001486734834490418
34	1	-0.0001486734834490418
47	9	-0.00014868283173546958
9	47	-0.00014868283173546958
35	2	-6.462920257012785e-05
2	35	-6.462920257012785e-05
35	9	-0.00019753631551784856
9	35	-0.00019753631551784856
31	4	-1.3154992806789522e-08
4	31	-1.3154992806789522e-08
31	6	-1.0897896987253707e-08
6	31	-1.0897896987253707e-08
31	9	-0.00019754592965728654
9	31	-0.00019754592965728654
2	36	-0.00015873178607716807
36	2	-0.00015873178607716807
2	39	-6.462605878635815e-05
39	2	-6.462605878635815e-05
2	40	-0.00015873211558844124
40	2	-0.00015873211558844124
2	18	-6.46147997392605e-05
18	2	-6.46147997392605e-05
2	43	-6.462303348130395e-05
43	2	-6.462303348130395e-05
2	25	-0.00015872473189110881
25	2	-0.00015872473189110881
2	28	-0.00015872879984985404
28	2	-0.00015872879984985404
3	32	-3.8290297647345785e-09
32	3	-3.8290297647345785e-09
3	9	-0.0001714155415823226
9	3	-0.0001714155415823226
3	19	-2.2335826595434893e-09
19	3	-2.2335826595434893e-09
4	32	-1.5726372248016973e-09
32	4	-1.5726372248016973e-09
4	33	-1.0852299091909558e-08
33	4	-1.0852299091909558e-08
4	19	-2.234296871863733e-09
19	4	-2.234296871863733e-09
4	34	-8.504007481685429e-09
34	4	-8.504007481685429e-09
32	9	-0.00019756457758899847
9	32	-0.00019756457758899847
32	18	-0.00019751924388877184
18	32	-0.00019751924388877184
32	19	-0.00019756909165614107
19	32	-0.00019756909165614107
6	33	-8.595203272373743e-09
33	6	-8.595203272373743e-09
6	34	-6.2469116621496135e-09
34	6	-6.2469116621496135e-09
7	9	-0.00017689533366557623
9	7	-0.00017689533366557623
9	11	-0.00015225753956490585
11	9	-0.00015225753956490585
9	48	-0.00015044124945157655
48	9	-0.00015044124945157655
9	39	-0.0001975337399184419
39	9	-0.0001975337399184419
9	33	-0.0001975505344840975
33	9	-0.0001975505344840975
9	18	-0.0001975256481534027
18	9	-0.0001975256481534027
9	19	-0.00019756776934296369
19	9	-0.00019756776934296369
9	43	-0.00019753166566683616
43	9	-0.00019753166566683616
9	34	-0.00019755523060614033
34	9	-0.00019755523060614033
5	9	-6.411742602982471e-05
9	5	-6.411742602982471e-05
32	15	-6.4792813204737e-05
15	32	-6.4792813204737e-05
32	22	-6.336310363264155e-05
22	32	-6.336310363264155e-05
9	38	-6.295634097359098e-05
38	9	-6.295634097359098e-05
9	12	-6.164371590206793e-05
12	9	-6.164371590206793e-05
9	15	-1.8745321196555425e-07
15	9	-1.8745321196555425e-07
9	42	-6.37428721704076e-05
42	9	-6.37428721704076e-05
9	22	-1.9167838608684655e-07
22	9	-1.9167838608684655e-07
15	18	-6.477370945336198e-05
18	15	-6.477370945336198e-05
15	19	-6.479069458002732e-05
19	15	-6.479069458002732e-05
18	22	-6.33443651092449e-05
22	18	-6.33443651092449e-05
19	22	-6.336099655298137e-05
22	19	-6.336099655298137e-05
