0	1	-4.390495188511839e-05
1	0	-4.390495188511839e-05
10	0	-0.00012026144098930081
0	10	-0.00012026144098930081
1	3	-1.8790418437020857e-05
3	1	-1.8790418437020857e-05
10	3	-0.00015876131483555443
3	10	-0.00015876131483555443
2	36	-1.8555748961828018e-07
36	2	-1.8555748961828018e-07
0	2	-3.9514456696606546e-05
2	0	-3.9514456696606546e-05
3	2	-0.00019752177368637206
2	3	-0.00019752177368637206
36	1	-2.1206570242089164e-07
1	36	-2.1206570242089164e-07
2	1	-4.342142446562938e-05
1	2	-4.342142446562938e-05
7	1	-2.234296871863733e-09
1	7	-2.234296871863733e-09
2	7	-0.00016383536130342637
7	2	-0.00016383536130342637
10	7	-0.00015876538418296818
7	10	-0.00015876538418296818
2	38	-1.7912740304929122e-07
38	2	-1.7912740304929122e-07
0	6	-1.2759974857341582e-09
6	0	-1.2759974857341582e-09
7	6	-0.00019752163696205228
6	7	-0.00019752163696205228
0	4	-1.807017848933998e-05
4	0	-1.807017848933998e-05
0	3	-1.8790418437020857e-05
3	0	-1.8790418437020857e-05
2	31	-9.301970650208186e-09
31	2	-9.301970650208186e-09
10	31	-0.00015878914445067096
31	10	-0.00015878914445067096
1	10	-2.1684384153598192e-07
10	1	-2.1684384153598192e-07
2	10	-1.8973836134398414e-07
10	2	-1.8973836134398414e-07
10	49	-0.00012094406421854503
49	10	-0.00012094406421854503
0	9	-0.00014256461564315993
9	0	-0.00014256461564315993
0	8	-0.00012459790534199346
8	0	-0.00012459790534199346
8	2	-4.063426050995918e-09
2	8	-4.063426050995918e-09
0	24	-2.1657658712067928e-07
24	0	-2.1657658712067928e-07
2	24	-1.745455513452375e-07
24	2	-1.745455513452375e-07
40	2	-4.364822407735219e-05
2	40	-4.364822407735219e-05
2	4	-4.303848863961379e-05
4	2	-4.303848863961379e-05
2	32	-6.9992769353282215e-09
32	2	-6.9992769353282215e-09
10	32	-7.156692628560467e-09
32	10	-7.156692628560467e-09
1	15	-2.220149472946752e-07
15	1	-2.220149472946752e-07
2	15	-1.9426307888284078e-07
15	2	-1.9426307888284078e-07
13	2	-4.392166106561648e-05
2	13	-4.392166106561648e-05
6	2	-0.00017689533366557623
2	6	-0.00017689533366557623
2	33	-0.00019750955845468555
33	2	-0.00019750955845468555
10	33	-0.00015877233106149463
33	10	-0.00015877233106149463
1	18	-2.132338344511998e-07
18	1	-2.132338344511998e-07
2	18	-1.8657960514479982e-07
18	2	-1.8657960514479982e-07
16	2	-4.348513240659537e-05
2	16	-4.348513240659537e-05
1	21	-2.1546368200793176e-07
21	1	-2.1546368200793176e-07
2	21	-1.8853072175694028e-07
21	2	-1.8853072175694028e-07
1	43	-1.2148907675715448e-08
43	1	-1.2148907675715448e-08
2	19	-4.360337137777158e-05
19	2	-4.360337137777158e-05
0	5	-1.676581701387706e-05
5	0	-1.676581701387706e-05
5	2	-4.303941456937302e-05
2	5	-4.303941456937302e-05
2	34	-6.178514819133383e-09
34	2	-6.178514819133383e-09
10	34	-0.00015877656509072282
34	10	-0.00015877656509072282
1	24	-2.0935250284677524e-07
24	1	-2.0935250284677524e-07
22	2	-4.3654144725218076e-05
2	22	-4.3654144725218076e-05
2	46	-1.9572596286758012e-07
46	2	-1.9572596286758012e-07
45	2	-4.3988266628957966e-05
2	45	-4.3988266628957966e-05
2	48	-1.8296287085198362e-07
48	2	-1.8296287085198362e-07
35	2	-4.3420161313806084e-05
2	35	-4.3420161313806084e-05
37	2	-4.303813504188202e-05
2	37	-4.303813504188202e-05
2	47	-4.3269860113438855e-05
47	2	-4.3269860113438855e-05
2	11	-4.364855340843746e-05
11	2	-4.364855340843746e-05
2	17	-4.348548686445883e-05
17	2	-4.348548686445883e-05
2	20	-4.360373084084537e-05
20	2	-4.360373084084537e-05
2	23	-4.365447407471952e-05
23	2	-4.365447407471952e-05
2	28	-4.3270185996670984e-05
28	2	-4.3270185996670984e-05
9	2	-4.323903220018405e-09
2	9	-4.323903220018405e-09
14	2	-4.3921992831939344e-05
2	14	-4.3921992831939344e-05
1	4	-1.807017848933998e-05
4	1	-1.807017848933998e-05
1	5	-1.676581701387706e-05
5	1	-1.676581701387706e-05
1	6	-1.2764261554842535e-09
6	1	-1.2764261554842535e-09
1	8	-5.78256784180188e-09
8	1	-5.78256784180188e-09
1	9	-6.043045464122105e-09
9	1	-6.043045464122105e-09
1	49	-6.78974838468126e-09
49	1	-6.78974838468126e-09
1	39	-1.445097754901488e-08
39	1	-1.445097754901488e-08
1	11	-0.00019654730060915529
11	1	-0.00019654730060915529
1	13	-4.051777101555665e-09
13	1	-4.051777101555665e-09
1	14	-4.313746592590011e-09
14	1	-4.313746592590011e-09
1	50	-5.0647263016494335e-09
50	1	-5.0647263016494335e-09
1	41	-1.2148867029718526e-08
41	1	-1.2148867029718526e-08
1	42	-5.1285192459721835e-09
42	1	-5.1285192459721835e-09
1	19	-4.022407173874095e-09
19	1	-4.022407173874095e-09
1	20	-4.282480737120951e-09
20	1	-4.282480737120951e-09
1	51	-5.028017350785213e-09
51	1	-5.028017350785213e-09
1	44	-7.476245702262485e-09
44	1	-7.476245702262485e-09
2	49	-5.0706049317824275e-09
49	2	-5.0706049317824275e-09
2	39	-8.342362433658432e-09
39	2	-8.342362433658432e-09
2	12	-4.364949519616283e-05
12	2	-4.364949519616283e-05
2	50	-3.3357335297070426e-09
50	2	-3.3357335297070426e-09
2	41	-9.892323247463118e-09
41	2	-9.892323247463118e-09
2	53	-4.348642434260062e-05
53	2	-4.348642434260062e-05
2	42	-0.00019755938285146904
42	2	-0.00019755938285146904
2	51	-3.3115562551723316e-09
51	2	-3.3115562551723316e-09
2	43	-9.892356343828343e-09
43	2	-9.892356343828343e-09
2	52	-4.365541591486313e-05
52	2	-4.365541591486313e-05
2	44	-5.219695932372288e-09
44	2	-5.219695932372288e-09
2	25	-4.3988626339874666e-05
25	2	-4.3988626339874666e-05
2	26	-4.398957703800902e-05
26	2	-4.398957703800902e-05
2	29	-4.32711179401517e-05
29	2	-4.32711179401517e-05
4	6	-0.00017689533366557623
6	4	-0.00017689533366557623
6	8	-0.00015225753956490585
8	6	-0.00015225753956490585
6	9	-0.0001718603621191177
9	6	-0.0001718603621191177
35	10	-0.00012026099286147082
10	35	-0.00012026099286147082
1	38	-2.0471703205633286e-07
38	1	-2.0471703205633286e-07
1	46	-2.2368681470580584e-07
46	1	-2.2368681470580584e-07
1	48	-2.091004238308384e-07
48	1	-2.091004238308384e-07
37	10	-0.00011919989515147577
10	37	-0.00011919989515147577
4	10	-0.00011920042025766365
10	4	-0.00011920042025766365
4	24	-1.7452988752565785e-07
24	4	-1.7452988752565785e-07
5	10	-0.0001192016826100997
10	5	-0.0001192016826100997
5	24	-4.627904059611468e-05
24	5	-4.627904059611468e-05
8	10	-0.0001209423240117559
10	8	-0.0001209423240117559
9	10	-0.00012094277571227022
10	9	-0.00012094277571227022
10	40	-0.00012088961867203125
40	10	-0.00012088961867203125
10	11	-0.00012089007012983048
11	10	-0.00012089007012983048
10	12	-0.00012089135794534274
12	10	-0.00012089135794534274
10	13	-0.00012163220091157196
13	10	-0.00012163220091157196
10	14	-0.00012163265629265061
14	10	-0.00012163265629265061
10	50	-0.00012163395527694031
50	10	-0.00012163395527694031
10	16	-0.00012043271334001096
16	10	-0.00012043271334001096
10	17	-0.00012043323613044995
17	10	-0.00012043323613044995
10	53	-0.00012043451700932959
53	10	-0.00012043451700932959
10	19	-0.00012075076167815601
19	10	-0.00012075076167815601
10	20	-0.00012075129711749045
20	10	-0.00012075129711749045
10	51	-0.0001207525827456778
51	10	-0.0001207525827456778
10	22	-0.0001208976630227876
22	10	-0.0001208976630227876
10	23	-0.00012089811450571872
23	10	-0.00012089811450571872
10	52	-0.00012089940239267717
52	10	-0.00012089940239267717
10	45	-0.00012183447640420283
45	10	-0.00012183447640420283
10	25	-0.00012183500840238648
25	10	-0.00012183500840238648
10	26	-0.00012183631056891004
26	10	-0.00012183631056891004
10	47	-0.00011984168885853726
47	10	-0.00011984168885853726
10	28	-0.00011984213476035155
28	10	-0.00011984213476035155
10	29	-0.0001198434067585249
29	10	-0.0001198434067585249
0	7	-2.2335571512034128e-09
7	0	-2.2335571512034128e-09
0	32	-1.310577586449386e-08
32	0	-1.310577586449386e-08
1	31	-1.541208862632533e-08
31	1	-1.541208862632533e-08
1	32	-1.0849303150433181e-08
32	1	-1.0849303150433181e-08
1	33	-6.087319028445061e-09
33	1	-6.087319028445061e-09
1	34	-8.43561063866919e-09
34	1	-8.43561063866919e-09
3	4	-0.00018999930411613074
4	3	-0.00018999930411613074
3	6	-0.0001975248505753618
6	3	-0.0001975248505753618
3	7	-0.00019756776934296374
7	3	-0.00019756776934296374
3	32	-0.0001975460208409342
32	3	-0.0001975460208409342
10	6	-0.0001587245122318825
6	10	-0.0001587245122318825
10	39	-0.0001587483736543277
39	10	-0.0001587483736543277
10	41	-0.00015874444275989442
41	10	-0.00015874444275989442
10	42	-0.00015873211558844124
42	10	-0.00015873211558844124
10	43	-0.00015874497370103129
43	10	-0.00015874497370103129
10	44	-0.0001587364396277037
44	10	-0.0001587364396277037
10	27	-0.00015872066402525196
27	10	-0.00015872066402525196
10	30	-0.00015872537256732502
30	10	-0.00015872537256732502
4	7	-0.00018253960973975837
7	4	-0.00018253960973975837
5	7	-0.0001967409835525289
7	5	-0.0001967409835525289
5	32	-0.00014831167762805012
32	5	-0.00014831167762805012
6	32	-0.00019749989621957936
32	6	-0.00019749989621957936
7	8	-0.00015711568686518858
8	7	-0.00015711568686518858
7	9	-0.00017734398517411058
9	7	-0.00017734398517411058
7	49	-0.0001504883304997831
49	7	-0.0001504883304997831
7	39	-0.0001975359053124202
39	7	-0.0001975359053124202
7	31	-0.00019754592965728654
31	7	-0.00019754592965728654
7	11	-0.00018406365961234837
11	7	-0.00018406365961234837
7	41	-0.00019753387665199113
41	7	-0.00019753387665199113
7	32	-4.923075183977901e-09
32	7	-4.923075183977901e-09
7	43	-0.000197534537533481
43	7	-0.000197534537533481
7	34	-0.00019755988124477508
34	7	-0.00019755988124477508
11	32	-0.00015041305155264986
32	11	-0.00015041305155264986
3	24	-6.164075559329014e-05
24	3	-6.164075559329014e-05
6	24	-6.162726071055176e-05
24	6	-6.162726071055176e-05
7	24	-6.164371590206793e-05
24	7	-6.164371590206793e-05
24	32	-6.165798015578608e-05
32	24	-6.165798015578608e-05
