2	5	-6.17796737701365e-05
5	2	-6.17796737701365e-05
1	5	-1.676581701387706e-05
5	1	-1.676581701387706e-05
5	0	-1.676581701387706e-05
0	5	-1.676581701387706e-05
1	0	-1.3116832098458593e-05
0	1	-1.3116832098458593e-05
0	29	-0.00015033566183642196
29	0	-0.00015033566183642196
2	29	-0.00015877656509072282
29	2	-0.00015877656509072282
0	2	-1.8160488337631428e-07
2	0	-1.8160488337631428e-07
2	52	-0.00012082506537687191
52	2	-0.00012082506537687191
0	3	-0.00012181849015294799
3	0	-0.00012181849015294799
1	3	-0.00016656124926458087
3	1	-0.00016656124926458087
3	4	-0.00019757068712664995
4	3	-0.00019757068712664995
4	6	-0.0001822763647617655
6	4	-0.0001822763647617655
2	6	-6.179591766909199e-05
6	2	-6.179591766909199e-05
0	20	-1.6002035061825596e-07
20	0	-1.6002035061825596e-07
5	20	-1.7372017559932853e-07
20	5	-1.7372017559932853e-07
6	5	-0.00019752243452325255
5	6	-0.00019752243452325255
20	4	-1.985536791952273e-07
4	20	-1.985536791952273e-07
5	4	-4.269917499473466e-05
4	5	-4.269917499473466e-05
0	36	-0.0001943774539013634
36	0	-0.0001943774539013634
10	6	-0.00017732768517547323
6	10	-0.00017732768517547323
1	6	-1.807017848933998e-05
6	1	-1.807017848933998e-05
6	0	-1.807017848933998e-05
0	6	-1.807017848933998e-05
0	30	-4.650985325104093e-09
30	0	-4.650985325104093e-09
2	30	-0.00015878499234151728
30	2	-0.00015878499234151728
0	9	-1.2470284723205043e-08
9	0	-1.2470284723205043e-08
5	9	-1.7139662311053714e-08
9	5	-1.7139662311053714e-08
0	37	-3.6925338570999665e-09
37	0	-3.6925338570999665e-09
9	50	-0.0001495635919600655
50	9	-0.0001495635919600655
0	8	-1.6179041902620065e-05
8	0	-1.6179041902620065e-05
0	7	-1.7390401869762912e-05
7	0	-1.7390401869762912e-05
12	8	-0.0001783722586525374
8	12	-0.0001783722586525374
1	8	-1.6179041902620065e-05
8	1	-1.6179041902620065e-05
2	31	-0.00015877233106149463
31	2	-0.00015877233106149463
0	12	-1.6817043039910694e-07
12	0	-1.6817043039910694e-07
5	12	-6.67204818521044e-05
12	5	-6.67204818521044e-05
0	11	-0.00019377249123138683
11	0	-0.00019377249123138683
0	10	-0.00019377193560480934
10	0	-0.00019377193560480934
1	7	-1.7390401869762912e-05
7	1	-1.7390401869762912e-05
0	32	-4.650985325104093e-09
32	0	-4.650985325104093e-09
2	32	-0.00015878075811202785
32	2	-0.00015878075811202785
0	15	-1.7762189221683274e-07
15	0	-1.7762189221683274e-07
5	15	-6.316655887217091e-05
15	5	-6.316655887217091e-05
0	39	-3.6925338570999748e-09
39	0	-3.6925338570999748e-09
0	14	-0.0001974962436876132
14	0	-0.0001974962436876132
0	13	-0.00019649314672811322
13	0	-0.00019649314672811322
2	9	-1.0757873152682655e-08
9	2	-1.0757873152682655e-08
9	33	-0.00019755076489685918
33	9	-0.00019755076489685918
1	33	-1.964465445086597e-08
33	1	-1.964465445086597e-08
0	17	-1.7599915999398973e-07
17	0	-1.7599915999398973e-07
5	17	-6.374959427708418e-05
17	5	-6.374959427708418e-05
1	40	-0.0001503750112820018
40	1	-0.0001503750112820018
0	16	-5.559662102227384e-09
16	0	-5.559662102227384e-09
0	45	-5.3014720741099935e-09
45	0	-5.3014720741099935e-09
13	4	-0.00017636028595564816
4	13	-0.00017636028595564816
1	4	-1.9586557103830053e-05
4	1	-1.9586557103830053e-05
4	0	-1.3003523388434887e-06
0	4	-1.3003523388434887e-06
0	34	-9.301970650208186e-09
34	0	-9.301970650208186e-09
2	34	-6.181925710879215e-05
34	2	-6.181925710879215e-05
0	41	-8.31956429465602e-09
41	0	-8.31956429465602e-09
0	19	-3.107802328788718e-09
19	0	-3.107802328788718e-09
0	18	-2.8530636972723984e-09
18	0	-2.8530636972723984e-09
0	43	-1.7714049419309482e-07
43	0	-1.7714049419309482e-07
5	43	-6.333840712228251e-05
43	5	-6.333840712228251e-05
0	21	-0.00019735464656552124
21	0	-0.00019735464656552124
0	42	-0.00019735433625461392
42	0	-0.00019735433625461392
1	54	-0.0001503726192151747
54	1	-0.0001503726192151747
5	53	-4.4200050995519314e-05
53	5	-4.4200050995519314e-05
24	2	-0.00012239796036534622
2	24	-0.00012239796036534622
0	28	-1.7081865836367462e-07
28	0	-1.7081865836367462e-07
5	28	-6.568504032070398e-05
28	5	-6.568504032070398e-05
0	44	-1.3856029644109886e-08
44	0	-1.3856029644109886e-08
0	27	-5.517636537968731e-09
27	0	-5.517636537968731e-09
0	46	-5.261398182310652e-09
46	0	-5.261398182310652e-09
1	10	-0.00019377249221314542
10	1	-0.00019377249221314542
1	13	-0.00019649345730582117
13	1	-0.00019649345730582117
1	45	-0.0001960292624957482
45	1	-0.0001960292624957482
1	18	-0.00019340343096313533
18	1	-0.00019340343096313533
1	2	-0.00012082332752674035
2	1	-0.00012082332752674035
1	46	-0.00019454747491959122
46	1	-0.00019454747491959122
36	2	-0.00011826064569336234
2	36	-0.00011826064569336234
7	2	-0.00012021376018160726
2	7	-0.00012021376018160726
10	2	-0.00011849956669376916
2	10	-0.00011849956669376916
13	2	-0.00012016553649795138
2	13	-0.00012016553649795138
45	2	-4.667475122148782e-05
2	45	-4.667475122148782e-05
18	2	-0.00011828146017814756
2	18	-0.00011828146017814756
42	2	-0.00012007124065503832
2	42	-0.00012007124065503832
2	46	-4.632200291199069e-05
46	2	-4.632200291199069e-05
1	11	-0.00019377304784130357
11	1	-0.00019377304784130357
1	16	-0.00019602957191883338
16	1	-0.00019602957191883338
1	19	-0.00019340373557359645
19	1	-0.00019340373557359645
1	25	-0.00019503177186849026
25	1	-0.00019503177186849026
1	27	-0.00019454778161938867
27	1	-0.00019454778161938867
3	7	-0.0001535169253472956
7	3	-0.0001535169253472956
3	8	-0.00016613054045599128
8	3	-0.00016613054045599128
3	10	-0.00019717743019487596
10	3	-0.00019717743019487596
3	11	-0.00019717687029186716
11	3	-0.00019717687029186716
3	13	-0.00011856798202173896
13	3	-0.00011856798202173896
3	14	-0.00019444467866999357
14	3	-0.00019444467866999357
3	45	-0.00019489487896454864
45	3	-0.00019489487896454864
3	16	-0.00019489432204544216
16	3	-0.00019489432204544216
3	18	-0.00019754694714346535
18	3	-0.00019754694714346535
3	19	-0.0001975463867886453
19	3	-0.0001975463867886453
3	2	-4.602796304645467e-05
2	3	-4.602796304645467e-05
3	24	-0.00019089902652000244
24	3	-0.00019089902652000244
3	25	-0.0001908984911356052
25	3	-0.0001908984911356052
3	46	-0.00019637945613747824
46	3	-0.00019637945613747824
3	27	-0.00019637889730442595
27	3	-0.00019637889730442595
8	2	-0.00012021420802213874
2	8	-0.00012021420802213874
11	2	-0.00011850000551107438
2	11	-0.00011850000551107438
14	2	-0.00012016598408960035
2	14	-0.00012016598408960035
16	2	-4.667508254124927e-05
2	16	-4.667508254124927e-05
19	2	-0.000118281897818274
2	19	-0.000118281897818274
21	2	-0.00012007168777780339
2	21	-0.00012007168777780339
2	27	-4.6322331178887795e-05
27	2	-4.6322331178887795e-05
0	50	-0.0001965706879498813
50	0	-0.0001965706879498813
0	55	-0.00019476398629055726
55	0	-0.00019476398629055726
0	51	-0.00019749712360550556
51	0	-0.00019749712360550556
0	47	-6.29980726818029e-09
47	0	-6.29980726818029e-09
0	49	-2.0888521819745935e-09
49	0	-2.0888521819745935e-09
0	22	-0.00019735552579009953
22	0	-0.00019735552579009953
0	48	-6.2521869032325105e-09
48	0	-6.2521869032325105e-09
1	35	-0.000150372827400156
35	1	-0.000150372827400156
1	50	-0.00019657065342817474
50	1	-0.00019657065342817474
1	37	-0.00015036665090437546
37	1	-0.00015036665090437546
1	39	-0.00015036979777214562
39	1	-0.00015036979777214562
1	47	-0.00019603044868561585
47	1	-0.00019603044868561585
1	49	-0.00019340459881654162
49	1	-0.00019340459881654162
1	41	-0.00015036105617626265
41	1	-0.00015036105617626265
1	26	-0.00019503015067650042
26	1	-0.00019503015067650042
1	53	-0.00019502959886490622
53	1	-0.00019502959886490622
1	48	-0.00019454865073372665
48	1	-0.00019454865073372665
1	44	-0.00015037561844805108
44	1	-0.00015037561844805108
0	40	-1.385608558351025e-08
40	0	-1.385608558351025e-08
52	3	-0.00019338301750629412
3	52	-0.00019338301750629412
52	4	-0.00019338459545456313
4	52	-0.00019338459545456313
52	5	-4.362857365362259e-05
5	52	-4.362857365362259e-05
35	3	-0.00014718462893627957
3	35	-0.00014718462893627957
35	4	-0.0001471860043390295
4	35	-0.0001471860043390295
36	5	-4.269793713573919e-05
5	36	-4.269793713573919e-05
3	5	-4.2698257839616984e-05
5	3	-4.2698257839616984e-05
3	50	-0.0001943662113707186
50	3	-0.0001943662113707186
3	37	-0.00014717863931888828
37	3	-0.00014717863931888828
3	38	-0.0001471879697850538
38	3	-0.0001471879697850538
3	51	-0.00019444309393813723
51	3	-0.00019444309393813723
3	39	-0.00014718169137078844
39	3	-0.00014718169137078844
3	47	-0.0001948927357404857
47	3	-0.0001948927357404857
3	40	-0.00014718697293771983
40	3	-0.00014718697293771983
3	49	-0.00019754479063499475
49	3	-0.00019754479063499475
3	41	-0.000147173218603809
41	3	-0.000147173218603809
3	26	-0.0001908969195271859
26	3	-0.0001908969195271859
3	53	-0.00019089638472175011
53	3	-0.00019089638472175011
3	54	-0.00014718442515685793
54	3	-0.00014718442515685793
3	48	-0.0001963773055128523
48	3	-0.0001963773055128523
3	44	-0.00014718756725590117
44	3	-0.00014718756725590117
4	7	-0.0001754193649186458
7	4	-0.0001754193649186458
4	8	-0.00016320021105920902
8	4	-0.00016320021105920902
4	50	-0.00019436779360106928
50	4	-0.00019436779360106928
4	37	-0.0001471800146711486
37	4	-0.0001471800146711486
4	38	-0.0001471893452146252
38	4	-0.0001471893452146252
4	14	-0.00019444626126403398
14	4	-0.00019444626126403398
4	51	-0.0001944446765193816
51	4	-0.0001944446765193816
4	39	-0.0001471830667486034
39	4	-0.0001471830667486034
4	45	-1.344301847363606e-08
45	4	-1.344301847363606e-08
4	16	-1.370121062963776e-08
16	4	-1.370121062963776e-08
4	47	-1.4441361469954273e-08
47	4	-1.4441361469954273e-08
4	40	-2.4635573216734515e-08
40	4	-2.4635573216734515e-08
4	18	-0.00019754854329671922
18	4	-0.00019754854329671922
4	19	-0.00019754798293738503
19	4	-0.00019754798293738503
4	49	-0.0001975463867708386
49	4	-0.0001975463867708386
4	41	-0.00014717459390831163
41	4	-0.00014717459390831163
4	2	-2.160333843129863e-07
2	4	-2.160333843129863e-07
4	24	-0.00019090059355633365
24	4	-0.00019090059355633365
4	25	-0.00019090005816770384
25	4	-0.00019090005816770384
4	26	-0.00019089848654660368
26	4	-0.00019089848654660368
4	53	-0.0001908979517368032
53	4	-0.0001908979517368032
4	54	-0.0001471858005587146
54	4	-0.0001471858005587146
4	46	-1.3341402533716303e-08
46	4	-1.3341402533716303e-08
4	27	-1.3597642985210867e-08
27	4	-1.3597642985210867e-08
4	48	-1.4332198939377256e-08
48	4	-1.4332198939377256e-08
4	44	-2.4635473758688794e-08
44	4	-2.4635473758688794e-08
5	7	-4.340945893068621e-05
7	5	-4.340945893068621e-05
5	8	-4.340978602277454e-05
8	5	-4.340978602277454e-05
5	50	-4.341072141750149e-05
50	5	-4.341072141750149e-05
5	37	-0.00019754600442039382
37	5	-0.00019754600442039382
5	10	-4.2787123239967536e-05
10	5	-4.2787123239967536e-05
5	11	-4.278744471757368e-05
11	5	-4.278744471757368e-05
5	55	-4.2788364081766774e-05
55	5	-4.2788364081766774e-05
5	13	-4.339092113068973e-05
13	5	-4.339092113068973e-05
5	14	-4.3391248067219346e-05
14	5	-4.3391248067219346e-05
5	51	-4.3392183017856865e-05
51	5	-4.3392183017856865e-05
5	39	-0.00019755069929567557
39	5	-0.00019755069929567557
5	45	-4.329962591317688e-05
45	5	-4.329962591317688e-05
5	16	-4.329995193427828e-05
16	5	-4.329995193427828e-05
5	47	-4.330088427079989e-05
47	5	-4.330088427079989e-05
5	40	-0.00019756494522718077
40	5	-0.00019756494522718077
5	18	-4.271391394899172e-05
18	5	-4.271391394899172e-05
5	19	-4.2714234698115236e-05
19	5	-4.2714234698115236e-05
5	49	-4.2715151981973664e-05
49	5	-4.2715151981973664e-05
5	41	-0.00019753754943827332
41	5	-0.00019753754943827332
5	42	-4.3351651390372806e-05
42	5	-4.3351651390372806e-05
5	21	-4.335197803090914e-05
21	5	-4.335197803090914e-05
5	22	-4.335291213670827e-05
22	5	-4.335291213670827e-05
5	24	-4.419844793274851e-05
24	5	-4.419844793274851e-05
5	25	-4.419876465983319e-05
25	5	-4.419876465983319e-05
5	26	-4.419972062517497e-05
26	5	-4.419972062517497e-05
5	46	-4.29723922675123e-05
46	5	-4.29723922675123e-05
5	27	-4.2972715315558286e-05
27	5	-4.2972715315558286e-05
5	48	-4.297363916330231e-05
48	5	-4.297363916330231e-05
5	44	-0.00019756414762352116
44	5	-0.00019756414762352116
50	2	-0.0001202154855395165
2	50	-0.0001202154855395165
55	2	-0.0001185012573397234
2	55	-0.0001185012573397234
51	2	-0.00012016726089846892
2	51	-0.00012016726089846892
47	2	-4.66760298909135e-05
2	47	-4.66760298909135e-05
49	2	-0.00011828314629527131
2	49	-0.00011828314629527131
22	2	-0.00012007296325197224
2	22	-0.00012007296325197224
2	48	-4.632326981364435e-05
48	2	-4.632326981364435e-05
1	9	-1.9646793766128063e-08
9	1	-1.9646793766128063e-08
1	12	-0.00017794900244556526
12	1	-0.00017794900244556526
52	9	-0.00015032299524454928
9	52	-0.00015032299524454928
2	12	-0.0001903594451323159
12	2	-0.0001903594451323159
2	25	-0.0001223984022677071
25	2	-0.0001223984022677071
2	26	-0.00012239971289850757
26	2	-0.00012239971289850757
2	53	-0.0001224001614913864
53	2	-0.0001224001614913864
36	9	-0.00014713371043954563
9	36	-0.00014713371043954563
3	20	-1.985536791952273e-07
20	3	-1.985536791952273e-07
3	9	-2.5596250477485615e-08
9	3	-2.5596250477485615e-08
3	12	-4.970942182937686e-05
12	3	-4.970942182937686e-05
3	15	-4.706134873055412e-05
15	3	-4.706134873055412e-05
3	17	-4.749577580737304e-05
17	3	-4.749577580737304e-05
3	43	-4.718939504184724e-05
43	3	-4.718939504184724e-05
3	28	-4.8937901208309106e-05
28	3	-4.8937901208309106e-05
4	9	-2.560169971509919e-08
9	4	-2.560169971509919e-08
4	12	-2.000520390479156e-07
12	4	-2.000520390479156e-07
4	15	-2.1129530104190766e-07
15	4	-2.1129530104190766e-07
4	17	-2.0936493261008473e-07
17	4	-2.0936493261008473e-07
4	43	-2.1072263998601423e-07
43	4	-2.1072263998601423e-07
4	28	-2.0320231584103662e-07
28	4	-2.0320231584103662e-07
20	7	-5.09175503640738e-05
7	20	-5.09175503640738e-05
20	8	-5.0917889267255835e-05
8	20	-5.0917889267255835e-05
7	9	-1.7787570397696304e-07
9	7	-1.7787570397696304e-07
7	12	-0.00019172737663053965
12	7	-0.00019172737663053965
8	9	-1.9249074177867745e-07
9	8	-1.9249074177867745e-07
9	10	-4.7087356455398244e-05
10	9	-4.7087356455398244e-05
9	11	-4.708768460440298e-05
11	9	-4.708768460440298e-05
9	55	-0.00014743176234392812
55	9	-0.00014743176234392812
9	12	-0.00015414653506222301
12	9	-0.00015414653506222301
9	13	-4.775149652432717e-05
13	9	-4.775149652432717e-05
9	14	-0.0001495026052620871
14	9	-0.0001495026052620871
9	51	-0.00014950401295603757
51	9	-0.00014950401295603757
9	45	-0.0001491600977240637
45	9	-0.0001491600977240637
9	16	-0.0001491605898066577
16	9	-0.0001491605898066577
9	47	-0.00014916199265513613
47	9	-0.00014916199265513613
9	18	-0.00014715637750130527
18	9	-0.00014715637750130527
9	19	-0.0001471568598929042
19	9	-0.0001471568598929042
9	49	-0.00014715823516801705
49	9	-0.00014715823516801705
9	42	-0.00014938676843517465
42	9	-0.00014938676843517465
9	21	-0.00014938726168558188
21	9	-0.00014938726168558188
9	22	-0.0001493886678570955
22	9	-0.0001493886678570955
9	24	-0.00015227952268665853
24	9	-0.00015227952268665853
9	25	-0.0001522800125118916
25	9	-0.0001522800125118916
9	26	-0.00015228145893587494
26	9	-0.00015228145893587494
9	53	-0.0001522819527955977
53	9	-0.0001522819527955977
9	46	-0.00014803262807290145
46	9	-0.00014803262807290145
9	27	-0.00014803311468129484
27	9	-0.00014803311468129484
9	48	-0.0001480345019543304
48	9	-0.0001480345019543304
1	29	-2.4842708565087497e-09
29	1	-2.4842708565087497e-09
1	30	-0.00015032890145360176
30	1	-0.00015032890145360176
1	31	-0.00015033831061853127
31	1	-0.00015033831061853127
1	32	-0.0001503320479683499
32	1	-0.0001503320479683499
1	34	-0.00015032266968947023
34	1	-0.00015032266968947023
0	33	-1.2468926522086482e-08
33	0	-1.2468926522086482e-08
35	2	-0.0001587364396277037
2	35	-0.0001587364396277037
35	9	-0.00019749996655594272
9	35	-0.00019749996655594272
29	3	-8.433082422094428e-09
3	29	-8.433082422094428e-09
29	4	-8.43561063866919e-09
4	29	-8.43561063866919e-09
29	6	-0.00019755536738806702
6	29	-0.00019755536738806702
29	8	-0.00014957614768692265
8	29	-0.00014957614768692265
29	33	-0.00019755621292873992
33	29	-0.00019755621292873992
29	9	-0.00019754966889198685
9	29	-0.00019754966889198685
2	37	-0.00015874477230914748
37	2	-0.00015874477230914748
2	38	-0.00015873189591410713
38	2	-0.00015873189591410713
2	39	-0.0001587405396044253
39	2	-0.0001587405396044253
2	40	-6.18029895929989e-05
40	2	-6.18029895929989e-05
2	33	-1.0756701741077426e-08
33	2	-1.0756701741077426e-08
2	41	-6.18027337000797e-05
41	2	-6.18027337000797e-05
2	23	-0.00015872141450439325
23	2	-0.00015872141450439325
2	54	-0.00015873665931136628
54	2	-0.00015873665931136628
2	44	-6.180274013799817e-05
44	2	-6.180274013799817e-05
3	6	-0.00014717935287804855
6	3	-0.00014717935287804855
3	30	-0.000147141700204152
30	3	-0.000147141700204152
3	31	-0.00014715082587824895
31	3	-0.00014715082587824895
3	32	-0.00014714475191801671
32	3	-0.00014714475191801671
3	33	-2.5593463255058745e-08
33	3	-2.5593463255058745e-08
3	34	-0.0001471356561924844
34	3	-0.0001471356561924844
4	30	-0.00014714307538952676
30	4	-0.00014714307538952676
4	31	-0.00014715220114003237
31	4	-0.00014715220114003237
4	32	-0.00014714612712894305
32	4	-0.00014714612712894305
4	33	-2.5598911305855783e-08
33	4	-2.5598911305855783e-08
4	34	-0.0001471370313272542
34	4	-0.0001471370313272542
5	30	-0.0001974961816920398
30	5	-0.0001974961816920398
5	32	-0.00019750087595257334
32	5	-0.00019750087595257334
5	33	-1.7137795994258942e-08
33	5	-1.7137795994258942e-08
5	34	-0.00019748688465092402
34	5	-0.00019748688465092402
6	7	-0.00019013987106566502
7	6	-0.00019013987106566502
6	8	-0.00017689533366557623
8	6	-0.00017689533366557623
6	11	-0.00018460074456744827
11	6	-0.00018460074456744827
6	13	-0.00016270658639779153
13	6	-0.00016270658639779153
6	45	-0.0001491750416430524
45	6	-0.0001491750416430524
6	16	-0.00014917533882026235
16	6	-0.00014917533882026235
6	47	-0.0001491761829313462
47	6	-0.0001491761829313462
6	40	-0.0001975160615041929
40	6	-0.0001975160615041929
6	33	-0.000197564669915467
33	6	-0.000197564669915467
6	9	-1.7053253864244315e-07
9	6	-1.7053253864244315e-07
6	41	-0.000197540372825464
41	6	-0.000197540372825464
6	34	-0.00019753672032564958
34	6	-0.00019753672032564958
6	46	-0.0001480474256914076
46	6	-0.0001480474256914076
6	27	-0.00014804772032976356
27	6	-0.00014804772032976356
6	48	-0.00014804855728022695
48	6	-0.00014804855728022695
6	44	-0.0001975152640978853
44	6	-0.0001975152640978853
7	33	-0.00014957798234763577
33	7	-0.00014957798234763577
8	33	-0.000149578476443452
33	8	-0.000149578476443452
37	9	-0.0001975091955937897
9	37	-0.0001975091955937897
30	9	-0.00019755901533452164
9	30	-0.00019755901533452164
10	33	-0.0001474459607867972
33	10	-0.0001474459607867972
11	33	-0.00014744644455240611
33	11	-0.00014744644455240611
38	9	-0.0001974948851581648
9	38	-0.0001974948851581648
31	9	-0.00019754497304140664
9	31	-0.00019754497304140664
13	33	-0.0001495183981395026
33	13	-0.0001495183981395026
39	9	-0.00019750450127447563
9	39	-0.00019750450127447563
32	9	-0.0001975543192617834
9	32	-0.0001975543192617834
40	9	-0.00019750120301993197
9	40	-0.00019750120301993197
9	41	-0.0001975176503178189
41	9	-0.0001975176503178189
9	34	-0.00019756840789180233
34	9	-0.00019756840789180233
9	23	-0.00019748333256026872
23	9	-0.00019748333256026872
9	54	-0.00019750023995231394
54	9	-0.00019750023995231394
9	44	-0.00019750040567747344
44	9	-0.00019750040567747344
29	20	-6.725342205813931e-05
20	29	-6.725342205813931e-05
20	6	-6.724208829682511e-05
6	20	-6.724208829682511e-05
20	33	-6.726511388722802e-05
33	20	-6.726511388722802e-05
6	12	-6.673794829730443e-05
12	6	-6.673794829730443e-05
6	15	-6.318314593992488e-05
15	6	-6.318314593992488e-05
6	17	-6.376632561025648e-05
17	6	-6.376632561025648e-05
6	43	-6.335503671191335e-05
43	6	-6.335503671191335e-05
6	28	-6.570225055778286e-05
28	6	-6.570225055778286e-05
12	33	-6.676099331091287e-05
33	12	-6.676099331091287e-05
