1	4	-0.00015880576558886691
4	1	-0.00015880576558886691
2	1	-0.00018172347235789638
1	2	-0.00018172347235789638
13	1	-0.00018555736937705703
1	13	-0.00018555736937705703
1	0	-0.00013171485565535503
0	1	-0.00013171485565535503
0	5	-1.807017848933998e-05
5	0	-1.807017848933998e-05
0	3	-1.8790418437020857e-05
3	0	-1.8790418437020857e-05
1	33	-0.00015878914445067096
33	1	-0.00015878914445067096
1	14	-0.00015876131483555443
14	1	-0.00015876131483555443
13	39	-0.00016845579204157282
39	13	-0.00016845579204157282
1	21	-0.00015876945362332736
21	1	-0.00015876945362332736
1	3	-1.8790418437020857e-05
3	1	-1.8790418437020857e-05
1	5	-0.00012021619606691227
5	1	-0.00012021619606691227
1	31	-0.0001587927773606635
31	1	-0.0001587927773606635
