0	1	-0.00013171485565535503
1	0	-0.00013171485565535503
10	3	-0.00016971124282915407
3	10	-0.00016971124282915407
0	2	-0.00015922941445128502
2	0	-0.00015922941445128502
2	1	-0.0001647239114992729
1	2	-0.0001647239114992729
10	7	-0.00015876538418296818
7	10	-0.00015876538418296818
0	6	-0.00014968381261662743
6	0	-0.00014968381261662743
0	4	-1.807017848933998e-05
4	0	-1.807017848933998e-05
2	10	-0.00016971124282915407
10	2	-0.00016971124282915407
2	24	-0.00018374531366461189
24	2	-0.00018374531366461189
10	32	-0.00015878499234151728
32	10	-0.00015878499234151728
0	5	-0.0001965152321376711
5	0	-0.0001965152321376711
1	4	-1.807017848933998e-05
4	1	-1.807017848933998e-05
10	6	-0.00019710346789510673
6	10	-0.00019710346789510673
