0	7	-0.00019458210641264945
7	0	-0.00019458210641264945
5	2	-0.0001879523340999074
2	5	-0.0001879523340999074
1	6	-1.676581701387706e-05
6	1	-1.676581701387706e-05
2	6	-0.00015876538418296818
6	2	-0.00015876538418296818
0	5	-1.7390401869762912e-05
5	0	-1.7390401869762912e-05
0	6	-1.676581701387706e-05
6	0	-1.676581701387706e-05
2	33	-0.00015877656509072282
33	2	-0.00015877656509072282
5	9	-0.00017666408378939932
9	5	-0.00017666408378939932
2	34	-0.00015878075811202785
34	2	-0.00015878075811202785
2	19	-0.00015876131483555443
19	2	-0.00015876131483555443
0	2	-0.0001975690367667963
2	0	-0.0001975690367667963
0	4	-0.000197325396576571
4	0	-0.000197325396576571
1	5	-1.7390401869762912e-05
5	1	-1.7390401869762912e-05
4	2	-0.00011882596234345722
2	4	-0.00011882596234345722
4	9	-0.00019020518138705507
9	4	-0.00019020518138705507
