2	0	-0.0001947598102296584
0	2	-0.0001947598102296584
1	4	-0.00015880576558886691
4	1	-0.00015880576558886691
4	31	-0.00019755612096135792
31	4	-0.00019755612096135792
2	1	-0.00011908312485053006
1	2	-0.00011908312485053006
13	1	-0.00015872077385102446
1	13	-0.00015872077385102446
1	50	-0.00012120192987952052
50	1	-0.00012120192987952052
1	0	-0.00012120063756999419
0	1	-0.00012120063756999419
0	5	-1.807017848933998e-05
5	0	-1.807017848933998e-05
5	2	-0.00019571075696951315
2	5	-0.00019571075696951315
1	32	-0.00015878499234151728
32	1	-0.00015878499234151728
13	4	-0.0001729434269101961
4	13	-0.0001729434269101961
0	3	-1.8790418437020857e-05
3	0	-1.8790418437020857e-05
3	2	-0.00015398786893409207
2	3	-0.00015398786893409207
1	33	-6.105828750702448e-05
33	1	-6.105828750702448e-05
13	7	-0.00017953689907851302
7	13	-0.00017953689907851302
0	6	-0.00019661089208880927
6	0	-0.00019661089208880927
13	10	-0.00018311302780577642
10	13	-0.00018311302780577642
0	8	-0.0001969420276989048
8	0	-0.0001969420276989048
0	11	-0.00011529487701907426
11	0	-0.00011529487701907426
7	11	-0.00016656124926458087
11	7	-0.00016656124926458087
11	12	-0.00019098210286820096
12	11	-0.00019098210286820096
1	14	-0.00015876131483555443
14	1	-0.00015876131483555443
13	39	-0.00016845579204157282
39	13	-0.00016845579204157282
0	13	-4.377322482109402e-05
13	0	-4.377322482109402e-05
39	12	-1.9193076334606035e-07
12	39	-1.9193076334606035e-07
13	12	-4.269911261907807e-05
12	13	-4.269911261907807e-05
0	38	-0.00019437604901831391
38	0	-0.00019437604901831391
13	41	-0.0001805180216592698
41	13	-0.0001805180216592698
0	12	-0.0001235361714774774
12	0	-0.0001235361714774774
1	12	-4.546429822496707e-05
12	1	-4.546429822496707e-05
1	21	-0.00015876945362332736
21	1	-0.00015876945362332736
13	43	-0.00018151707800039923
43	13	-0.00018151707800039923
1	20	-0.0001587296602195505
20	1	-0.0001587296602195505
13	23	-0.00017699225898133283
23	13	-0.00017699225898133283
0	22	-0.00019685950922857976
22	0	-0.00019685950922857976
0	49	-0.00019685919985689413
49	0	-0.00019685919985689413
6	13	-4.3411779166950864e-05
13	6	-4.3411779166950864e-05
1	27	-0.00015876538418296818
27	1	-0.00015876538418296818
0	24	-0.00019437821894080232
24	0	-0.00019437821894080232
0	45	-0.00019437791407829323
45	0	-0.00019437791407829323
13	47	-0.00017762741892292667
47	13	-0.00017762741892292667
1	30	-0.00015872944054980514
30	1	-0.00015872944054980514
0	28	-0.0001970375585205165
28	0	-0.0001970375585205165
0	46	-0.00019703724879464095
46	0	-0.00019703724879464095
2	6	-0.00019571019514272631
6	2	-0.00019571019514272631
2	11	-0.00010656966521102848
11	2	-0.00010656966521102848
3	11	-0.0001409648400683985
11	3	-0.0001409648400683985
8	11	-0.00012459790534199346
11	8	-0.00012459790534199346
0	54	-0.00019571367986284061
54	0	-0.00019571367986284061
0	51	-0.0001968603858135501
51	0	-0.0001968603858135501
0	25	-0.00019437908285600312
25	0	-0.00019437908285600312
0	29	-0.0001970384361013008
29	0	-0.0001970384361013008
48	12	-0.00019279446435607053
12	48	-0.00019279446435607053
48	13	-4.3772894499821104e-05
13	48	-4.3772894499821104e-05
50	12	-0.0001927923316149623
12	50	-0.0001927923316149623
50	13	-4.377416943526546e-05
13	50	-4.377416943526546e-05
34	12	-0.00014717810230801688
12	34	-0.00014717810230801688
2	12	-0.00011357291569618734
12	2	-0.00011357291569618734
2	13	-4.3001183972013984e-05
13	2	-4.3001183972013984e-05
3	12	-0.0001502283775173009
12	3	-0.0001502283775173009
3	13	-4.3001507351893134e-05
13	3	-4.3001507351893134e-05
54	12	-0.00019621350785393419
12	54	-0.00019621350785393419
54	13	-4.3002432147428024e-05
13	54	-4.3002432147428024e-05
35	12	-0.0001471799015068894
12	35	-0.0001471799015068894
5	12	-0.00015685127849034649
12	5	-0.00015685127849034649
5	13	-4.3411452069843435e-05
13	5	-4.3411452069843435e-05
6	12	-0.0001710806795908503
12	6	-0.0001710806795908503
52	12	-0.00019436470149177207
12	52	-0.00019436470149177207
52	13	-4.341271457594847e-05
13	52	-4.341271457594847e-05
36	12	-0.00014717740120632748
12	36	-0.00014717740120632748
8	12	-0.00013278588584571556
12	8	-0.00013278588584571556
8	13	-4.362374905104649e-05
13	8	-4.362374905104649e-05
9	12	-0.00013914649371091773
12	9	-0.00013914649371091773
9	13	-4.362407808317258e-05
13	9	-4.362407808317258e-05
53	12	-0.00019341852203226182
12	53	-0.00019341852203226182
53	13	-4.3625019016979096e-05
13	53	-4.3625019016979096e-05
37	12	-0.00014717680686357606
12	37	-0.00014717680686357606
38	13	-4.2697874762260716e-05
13	38	-4.2697874762260716e-05
11	13	-4.269819546557355e-05
13	11	-4.269819546557355e-05
12	49	-0.00019506178248544063
49	12	-0.00019506178248544063
12	22	-0.00019506122535441504
22	12	-0.00019506122535441504
12	51	-0.00019505963844190048
51	12	-0.00019505963844190048
12	44	-0.00014717849285764855
44	12	-0.00014717849285764855
13	40	-4.345610318812362e-05
40	13	-4.345610318812362e-05
13	15	-4.3456430780100134e-05
15	13	-4.3456430780100134e-05
13	16	-4.345736760244225e-05
16	13	-4.345736760244225e-05
13	42	-4.351981620858757e-05
42	13	-4.351981620858757e-05
13	18	-4.3520144355472884e-05
18	13	-4.3520144355472884e-05
13	19	-4.352108276205955e-05
19	13	-4.352108276205955e-05
13	49	-4.326425117809155e-05
49	13	-4.326425117809155e-05
13	22	-4.326457686422183e-05
22	13	-4.326457686422183e-05
13	51	-4.326550824426991e-05
51	13	-4.326550824426991e-05
13	45	-4.269995913315306e-05
45	13	-4.269995913315306e-05
13	24	-4.270027984272132e-05
24	13	-4.270027984272132e-05
13	25	-4.270119701402994e-05
25	13	-4.270119701402994e-05
13	46	-4.3285675247780606e-05
46	13	-4.3285675247780606e-05
13	28	-4.328600126208819e-05
28	13	-4.328600126208819e-05
13	29	-4.328693357975877e-05
29	13	-4.328693357975877e-05
48	1	-0.00012120018453345922
1	48	-0.00012120018453345922
0	7	-0.00013227296945050485
7	0	-0.00013227296945050485
1	3	-1.8790418437020857e-05
3	1	-1.8790418437020857e-05
1	54	-0.00011908482723115978
54	1	-0.00011908482723115978
1	5	-1.807017848933998e-05
5	1	-1.807017848933998e-05
1	6	-0.00012021664391385502
6	1	-0.00012021664391385502
1	52	-0.00012021792144944788
52	1	-0.00012021792144944788
1	8	-0.00012080409475032096
8	1	-0.00012080409475032096
1	9	-0.0001208045457161878
9	1	-0.0001208045457161878
1	53	-0.00012080583213101877
53	1	-0.00012080583213101877
1	38	-0.00011826047293729184
38	1	-0.00011826047293729184
1	11	-0.00011826091051630041
11	1	-0.00011826091051630041
1	40	-0.00012036054121320285
40	1	-0.00012036054121320285
1	15	-0.00012036098986868957
15	1	-0.00012036098986868957
1	16	-0.00012036226970638049
16	1	-0.00012036226970638049
1	42	-0.00012053094448801754
42	1	-0.00012053094448801754
1	18	-0.00012053139403455145
18	1	-0.00012053139403455145
1	19	-0.00012053267640888759
19	1	-0.00012053267640888759
1	49	-0.0001197918320550645
49	1	-0.0001197918320550645
1	22	-0.0001197922776211088
22	1	-0.0001197922776211088
1	51	-0.00011979354866295292
51	1	-0.00011979354866295292
1	45	-0.00011826327155419352
45	1	-0.00011826327155419352
1	24	-0.00011826370914166702
24	1	-0.00011826370914166702
1	25	-0.00011826495746900403
25	1	-0.00011826495746900403
1	46	-0.0001198824759601604
46	1	-0.0001198824759601604
1	28	-0.00011988292207134503
28	1	-0.00011988292207134503
1	29	-0.00011988419466554573
29	1	-0.00011988419466554573
2	4	-1.4818756811130716e-08
4	2	-1.4818756811130716e-08
2	7	-0.00013227296945050485
7	2	-0.00013227296945050485
2	39	-1.6002035061825596e-07
39	2	-1.6002035061825596e-07
3	4	-1.5733361145123612e-07
4	3	-1.5733361145123612e-07
3	7	-0.00016971124282915407
7	3	-0.00016971124282915407
3	39	-5.0438985150467436e-05
39	3	-5.0438985150467436e-05
4	5	-0.00014955794393453753
5	4	-0.00014955794393453753
4	8	-0.00015028946133724183
8	4	-0.00015028946133724183
4	11	-2.038435636864606e-07
11	4	-2.038435636864606e-07
4	12	-2.5693444501760487e-08
12	4	-2.5693444501760487e-08
5	7	-0.00017647558202636977
7	5	-0.00017647558202636977
7	8	-0.00015189625048797216
8	7	-0.00015189625048797216
7	12	-4.699085851642983e-05
12	7	-4.699085851642983e-05
10	12	-4.6071985179449935e-05
12	10	-4.6071985179449935e-05
11	39	-5.008489684749761e-05
39	11	-5.008489684749761e-05
12	41	-4.6735138657562996e-05
41	12	-4.6735138657562996e-05
12	43	-4.6477585194609204e-05
43	12	-4.6477585194609204e-05
12	23	-4.766730562417326e-05
23	12	-4.766730562417326e-05
12	47	-4.749664462156209e-05
47	12	-4.749664462156209e-05
34	1	-0.0001587525571891671
1	34	-0.0001587525571891671
1	31	-6.106739972398372e-05
31	1	-6.106739972398372e-05
1	35	-0.00015874466245924444
35	1	-0.00015874466245924444
1	36	-0.0001587482821099049
36	1	-0.0001587482821099049
1	37	-0.0001587489229230817
37	1	-0.0001587489229230817
1	17	-0.00015872088367694894
17	1	-0.00015872088367694894
1	44	-0.00015875213609674494
44	1	-0.00015875213609674494
1	26	-0.00015872506138108833
26	1	-0.00015872506138108833
31	2	-1.4817544553652444e-08
2	31	-1.4817544553652444e-08
31	3	-0.00014816110687976657
3	31	-0.00014816110687976657
31	7	-6.311671015927596e-05
7	31	-6.311671015927596e-05
31	8	-0.0001503017581316448
8	31	-0.0001503017581316448
31	11	-0.00014713979005597866
11	31	-0.00014713979005597866
31	12	-2.5691342633794317e-08
12	31	-2.5691342633794317e-08
31	14	-0.00019753995915204364
14	31	-0.00019753995915204364
4	33	-0.00019755466101493627
33	4	-0.00019755466101493627
4	14	-1.9024483538123175e-07
14	4	-1.9024483538123175e-07
4	21	-0.00019753282319020415
21	4	-0.00019753282319020415
32	12	-0.00014714286039180428
12	32	-0.00014714286039180428
7	33	-6.310771284176766e-05
33	7	-6.310771284176766e-05
33	11	-0.00014713849281080359
11	33	-0.00014713849281080359
33	12	-1.3154992806789522e-08
12	33	-1.3154992806789522e-08
33	14	-0.00019754141611932752
14	33	-0.00019754141611932752
11	14	-0.00018439192225336933
14	11	-0.00018439192225336933
11	21	-0.00014715268494435314
21	11	-0.00014715268494435314
12	21	-4.49139269139954e-09
21	12	-4.49139269139954e-09
39	14	-6.724208829682511e-05
14	39	-6.724208829682511e-05
