10	7	-0.000197567005868383
7	10	-0.000197567005868383
0	7	-4.641610519920665e-10
7	0	-4.641610519920665e-10
7	4	-0.00016528133263174523
4	7	-0.00016528133263174523
0	1	-3.9514456696606546e-05
1	0	-3.9514456696606546e-05
4	32	-0.00014785328485071678
32	4	-0.00014785328485071678
2	32	-6.026735585969749e-05
32	2	-6.026735585969749e-05
1	2	-2.0675676221102618e-07
2	1	-2.0675676221102618e-07
5	2	-1.8621327378231154e-07
2	5	-1.8621327378231154e-07
0	35	-2.8710506321626323e-09
35	0	-2.8710506321626323e-09
2	53	-4.613953433051479e-05
53	2	-4.613953433051479e-05
8	0	-7.220284915740937e-10
0	8	-7.220284915740937e-10
1	6	-1.676581701387706e-05
6	1	-1.676581701387706e-05
2	6	-1.938260008066786e-07
6	2	-1.938260008066786e-07
0	37	-1.954663026944001e-07
37	0	-1.954663026944001e-07
5	37	-1.6997126610868464e-07
37	5	-1.6997126610868464e-07
0	5	-1.276427922576375e-09
5	0	-1.276427922576375e-09
6	5	-0.00019047637752695184
5	6	-0.00019047637752695184
37	4	-1.6998550896567731e-07
4	37	-1.6998550896567731e-07
5	4	-4.290375557560668e-05
4	5	-4.290375557560668e-05
0	3	-0.00019098210286820096
3	0	-0.00019098210286820096
4	3	-0.00013653469232290542
3	4	-0.00013653469232290542
0	36	-0.00019312895472494538
36	0	-0.00019312895472494538
11	6	-0.0001489705568890999
6	11	-0.0001489705568890999
0	6	-2.234296871863733e-09
6	0	-2.234296871863733e-09
6	4	-0.00014785832640001084
4	6	-0.00014785832640001084
4	33	-2.3254926625520464e-09
33	4	-2.3254926625520464e-09
2	33	-6.0270419554581334e-05
33	2	-6.0270419554581334e-05
1	9	-1.9433806313201357e-07
9	1	-1.9433806313201357e-07
5	9	-1.7502946989043455e-07
9	5	-1.7502946989043455e-07
0	38	-5.2180819773991605e-09
38	0	-5.2180819773991605e-09
33	38	-0.00019752163696205228
38	33	-0.00019752163696205228
9	51	-4.8350335777961564e-05
51	9	-4.8350335777961564e-05
8	7	-0.00019146318467332956
7	8	-0.00019146318467332956
1	4	-0.0001455071015761199
4	1	-0.0001455071015761199
2	13	-6.026527377851388e-05
13	2	-6.026527377851388e-05
0	9	-2.012837195399808e-07
9	0	-2.012837195399808e-07
0	12	-1.2760129375722676e-09
12	0	-1.2760129375722676e-09
9	11	-4.8346660102419077e-05
11	9	-4.8346660102419077e-05
0	10	-0.00015325819162212103
10	0	-0.00015325819162212103
11	10	-0.0001903594451323159
10	11	-0.0001903594451323159
0	39	-0.00019457954362926778
39	0	-0.00019457954362926778
4	34	-2.3026937148799642e-09
34	4	-2.3026937148799642e-09
2	34	-3.646679028225494e-10
34	2	-3.646679028225494e-10
0	40	-7.542382761193937e-09
40	0	-7.542382761193937e-09
34	40	-0.00019752165974942575
40	34	-0.00019752165974942575
2	49	-4.614394728523477e-05
49	2	-4.614394728523477e-05
0	15	-8.027511119992527e-10
15	0	-8.027511119992527e-10
0	14	-5.409835849336501e-10
14	0	-5.409835849336501e-10
14	2	-4.6142653893330405e-05
2	14	-4.6142653893330405e-05
9	3	-2.0822937594794812e-07
3	9	-2.0822937594794812e-07
0	19	-0.0001512646286452806
19	0	-0.0001512646286452806
2	19	-6.025938464523648e-05
19	2	-6.025938464523648e-05
0	42	-2.1509335809695092e-07
42	0	-2.1509335809695092e-07
5	42	-1.870367542477694e-07
42	5	-1.870367542477694e-07
19	18	-0.00019752177368637206
18	19	-0.00019752177368637206
41	2	-4.618138543867535e-05
2	41	-4.618138543867535e-05
1	22	-2.1068051838521182e-07
22	1	-2.1068051838521182e-07
5	22	-1.831998683224328e-07
22	5	-1.831998683224328e-07
1	43	-7.544632091160267e-09
43	1	-7.544632091160267e-09
34	43	-0.00019752273076191024
43	34	-0.00019752273076191024
0	21	-7.995905975291453e-10
21	0	-7.995905975291453e-10
1	20	-5.389878785493241e-10
20	1	-5.389878785493241e-10
20	0	-5.388533005016918e-10
0	20	-5.388533005016918e-10
0	45	-1.9854702550262284e-07
45	0	-1.9854702550262284e-07
5	45	-1.726499364624186e-07
45	5	-1.726499364624186e-07
19	25	-0.00019752257124867645
25	19	-0.00019752257124867645
0	23	-0.00019390329274343118
23	0	-0.00019390329274343118
0	44	-0.00019390298532756008
44	0	-0.00019390298532756008
0	47	-1.964243410201934e-07
47	0	-1.964243410201934e-07
5	47	-1.7080427555350338e-07
47	5	-1.7080427555350338e-07
0	28	-1.2764261554842535e-09
28	0	-1.2764261554842535e-09
6	28	-0.00019752163696205228
28	6	-0.00019752163696205228
0	26	-0.00019337206787641535
26	0	-0.00019337206787641535
0	46	-0.00019337176144324308
46	0	-0.00019337176144324308
1	31	-2.0827671956898794e-07
31	1	-2.0827671956898794e-07
5	31	-1.811098017445013e-07
31	5	-1.811098017445013e-07
0	48	-5.218089199144018e-09
48	0	-5.218089199144018e-09
33	48	-0.00019752191041088105
48	33	-0.00019752191041088105
0	30	-7.281928685047445e-10
30	0	-7.281928685047445e-10
0	29	-4.681238636554947e-10
29	0	-4.681238636554947e-10
1	7	-1.6179041902620065e-05
7	1	-1.6179041902620065e-05
1	14	-5.411192292911581e-10
14	1	-5.411192292911581e-10
36	2	-4.509799267552202e-05
2	36	-4.509799267552202e-05
7	2	-2.015133624097159e-07
2	7	-2.015133624097159e-07
39	2	-4.543832384616288e-05
2	39	-4.543832384616288e-05
2	20	-4.596095341299096e-05
20	2	-4.596095341299096e-05
2	44	-4.527699982871563e-05
44	2	-4.527699982871563e-05
2	46	-4.515467529013233e-05
46	2	-4.515467529013233e-05
2	29	-4.582982543438891e-05
29	2	-4.582982543438891e-05
1	3	-0.00018439192225336933
3	1	-0.00018439192225336933
1	8	-0.0001710806795908503
8	1	-0.0001710806795908503
1	10	-0.00019457890390919626
10	1	-0.00019457890390919626
1	15	-8.02951327253649e-10
15	1	-8.02951327253649e-10
1	21	-7.997892391554917e-10
21	1	-7.997892391554917e-10
0	2	-2.1414626382073437e-07
2	0	-2.1414626382073437e-07
3	7	-4.6404230256857684e-10
7	3	-4.6404230256857684e-10
3	8	-7.218447120482156e-10
8	3	-7.218447120482156e-10
3	10	-0.00014853300913361588
10	3	-0.00014853300913361588
3	2	-2.2153576543044253e-07
2	3	-2.2153576543044253e-07
3	14	-2.2686408400443234e-09
14	3	-2.2686408400443234e-09
3	15	-2.5304111139106816e-09
15	3	-2.5304111139106816e-09
3	20	-2.259707389200628e-09
20	3	-2.259707389200628e-09
3	21	-2.5204486226462128e-09
21	3	-2.5204486226462128e-09
3	29	-4.680030781749768e-10
29	3	-4.680030781749768e-10
3	30	-7.280059379240613e-10
30	3	-7.280059379240613e-10
8	10	-0.00018406365961234837
10	8	-0.00018406365961234837
8	2	-4.5442290157571516e-05
2	8	-4.5442290157571516e-05
10	2	-4.543865674377675e-05
2	10	-4.543865674377675e-05
2	21	-4.59613192837856e-05
21	2	-4.59613192837856e-05
2	23	-4.527732737862709e-05
23	2	-4.527732737862709e-05
2	26	-4.515500175252409e-05
26	2	-4.515500175252409e-05
2	30	-4.5830157810133633e-05
30	2	-4.5830157810133633e-05
15	2	-4.6142989022162344e-05
2	15	-4.6142989022162344e-05
0	4	-0.00014087818028561994
4	0	-0.00014087818028561994
0	51	-1.4612491548788759e-09
51	0	-1.4612491548788759e-09
0	11	-0.00014709992957268202
11	0	-0.00014709992957268202
0	50	-1.5470409237155576e-09
50	0	-1.5470409237155576e-09
0	24	-0.0001939041639149678
24	0	-0.0001939041639149678
0	27	-0.00019337293628616476
27	0	-0.00019337293628616476
0	52	-1.4737246970619591e-09
52	0	-1.4737246970619591e-09
1	35	-2.8719591811689325e-09
35	1	-2.8719591811689325e-09
1	5	-1.7390401869762912e-05
5	1	-1.7390401869762912e-05
1	38	-5.219671242962412e-09
38	1	-5.219671242962412e-09
1	11	-0.00015193328271828293
11	1	-0.00015193328271828293
1	12	-1.2764270390297107e-09
12	1	-1.2764270390297107e-09
1	49	-1.5535373616366616e-09
49	1	-1.5535373616366616e-09
1	40	-7.544591182277112e-09
40	1	-7.544591182277112e-09
1	50	-1.5474193999458884e-09
50	1	-1.5474193999458884e-09
1	48	-5.2196784691069795e-09
48	1	-5.2196784691069795e-09
0	49	-1.5531558871306014e-09
49	0	-1.5531558871306014e-09
0	43	-7.54242364613118e-09
43	0	-7.54242364613118e-09
53	5	-4.3893519869191886e-05
5	53	-4.3893519869191886e-05
35	3	-5.126876128861837e-09
3	35	-5.126876128861837e-09
35	4	-0.00014789100044844975
4	35	-0.00014789100044844975
36	5	-4.290251061600853e-05
5	36	-4.290251061600853e-05
3	5	-1.275999251639572e-09
5	3	-1.275999251639572e-09
3	51	-1.4608826841332916e-09
51	3	-1.4608826841332916e-09
3	38	-7.473934011296607e-09
38	3	-7.473934011296607e-09
3	11	-0.00014256461564315993
11	3	-0.00014256461564315993
3	12	-3.5318215236375136e-09
12	3	-3.5318215236375136e-09
3	49	-3.2808236716916036e-09
49	3	-3.2808236716916036e-09
3	40	-9.798261593091814e-09
40	3	-9.798261593091814e-09
3	50	-3.2679066703205006e-09
50	3	-3.2679066703205006e-09
3	43	-9.798314706454397e-09
43	3	-9.798314706454397e-09
3	28	-1.2759974857341582e-09
28	3	-1.2759974857341582e-09
3	52	-1.4733519428503608e-09
52	3	-1.4733519428503608e-09
3	48	-7.473944355105836e-09
48	3	-7.473944355105836e-09
4	8	-0.00017055503574166418
8	4	-0.00017055503574166418
4	38	-2.9631321466598825e-09
38	4	-2.9631321466598825e-09
4	10	-0.00018307224762334446
10	4	-0.00018307224762334446
4	11	-0.00019000896950594772
11	4	-0.00019000896950594772
4	2	-1.8623036885072575e-07
2	4	-1.8623036885072575e-07
4	40	-1.3448062832457678e-09
40	4	-1.3448062832457678e-09
4	43	-1.3448135751614966e-09
43	4	-1.3448135751614966e-09
4	48	-2.9631362488380216e-09
48	4	-2.9631362488380216e-09
5	7	-4.322995456118897e-05
7	5	-4.322995456118897e-05
5	8	-4.32302800461848e-05
8	5	-4.32302800461848e-05
5	51	-4.3231210852454135e-05
51	5	-4.3231210852454135e-05
5	39	-4.3226349607841716e-05
39	5	-4.3226349607841716e-05
5	10	-4.322667884258338e-05
10	5	-4.322667884258338e-05
5	11	-4.322760961935486e-05
11	5	-4.322760961935486e-05
5	14	-4.389661238526532e-05
14	5	-4.389661238526532e-05
5	15	-4.3896943936001555e-05
15	5	-4.3896943936001555e-05
5	49	-4.389789206088694e-05
49	5	-4.389789206088694e-05
5	41	-4.3933054800189723e-05
41	5	-4.3933054800189723e-05
5	16	-4.393338674671253e-05
16	5	-4.393338674671253e-05
5	17	-4.393433600189552e-05
17	5	-4.393433600189552e-05
5	20	-4.3723760059575067e-05
20	5	-4.3723760059575067e-05
5	21	-4.3724120805123754e-05
21	5	-4.3724120805123754e-05
5	50	-4.372506442176549e-05
50	5	-4.372506442176549e-05
5	44	-4.30727171283997e-05
44	5	-4.30727171283997e-05
5	23	-4.30730412320278e-05
23	5	-4.30730412320278e-05
5	24	-4.30739680943864e-05
24	5	-4.30739680943864e-05
5	46	-4.29564326477098e-05
46	5	-4.29564326477098e-05
5	26	-4.295675568267897e-05
26	5	-4.295675568267897e-05
5	27	-4.295767949368277e-05
27	5	-4.295767949368277e-05
5	29	-4.3598930618561045e-05
29	5	-4.3598930618561045e-05
5	30	-4.3599259464306743e-05
30	5	-4.3599259464306743e-05
5	52	-4.360019986615106e-05
52	5	-4.360019986615106e-05
7	38	-0.00014900362270678217
38	7	-0.00014900362270678217
7	11	-0.0001718603621191177
11	7	-0.0001718603621191177
7	40	-0.00014900052968698293
40	7	-0.00014900052968698293
7	43	-0.0001489997217312611
43	7	-0.0001489997217312611
7	48	-0.0001490034164183841
48	7	-0.0001490034164183841
8	11	-0.00017734398517411058
11	8	-0.00017734398517411058
8	40	-1.6178071549703756e-09
40	8	-1.6178071549703756e-09
8	43	-1.6178159243596243e-09
43	8	-1.6178159243596243e-09
51	2	-4.544323079710163e-05
2	51	-4.544323079710163e-05
11	2	-4.543959735352264e-05
2	11	-4.543959735352264e-05
2	50	-4.596227295890799e-05
50	2	-4.596227295890799e-05
2	24	-4.527826400569411e-05
24	2	-4.527826400569411e-05
2	27	-4.5155935274795996e-05
27	2	-4.5155935274795996e-05
2	52	-4.58311082138873e-05
52	2	-4.58311082138873e-05
1	37	-1.954663026944001e-07
37	1	-1.954663026944001e-07
1	42	-2.1509335809695092e-07
42	1	-2.1509335809695092e-07
1	45	-1.9854702550262284e-07
45	1	-1.9854702550262284e-07
1	47	-1.964243410201934e-07
47	1	-1.964243410201934e-07
0	22	-2.1068051838521182e-07
22	0	-2.1068051838521182e-07
0	31	-2.0827671956898794e-07
31	0	-2.0827671956898794e-07
53	9	-4.909129727362398e-05
9	53	-4.909129727362398e-05
2	37	-0.0001803380693097064
37	2	-0.0001803380693097064
2	9	-0.00018451242067652702
9	2	-0.00018451242067652702
2	16	-4.6181720970591066e-05
16	2	-4.6181720970591066e-05
2	17	-4.618268038463705e-05
17	2	-4.618268038463705e-05
2	42	-0.00019670233761170784
42	2	-0.00019670233761170784
2	22	-0.0001943747715234483
22	2	-0.0001943747715234483
2	45	-0.00018318035770241146
45	2	-0.00018318035770241146
2	47	-0.00018122195967657128
47	2	-0.00018122195967657128
2	31	-0.00019215701617865868
31	2	-0.00019215701617865868
36	9	-4.79833721199704e-05
9	36	-4.79833721199704e-05
3	37	-2.022112186814149e-07
37	3	-2.022112186814149e-07
3	42	-2.2251554089639258e-07
42	3	-2.2251554089639258e-07
3	22	-2.1795042822143906e-07
22	3	-2.1795042822143906e-07
3	45	-2.053982473655575e-07
45	3	-2.053982473655575e-07
3	47	-2.0320231584103662e-07
47	3	-2.0320231584103662e-07
3	31	-2.1546368200793176e-07
31	3	-2.1546368200793176e-07
4	9	-1.7504457310988225e-07
9	4	-1.7504457310988225e-07
4	42	-1.8705400085461572e-07
42	4	-1.8705400085461572e-07
4	22	-1.8321641455946443e-07
22	4	-1.8321641455946443e-07
4	45	-1.7266463179820282e-07
45	4	-1.7266463179820282e-07
4	47	-1.7081865836367462e-07
47	4	-1.7081865836367462e-07
4	31	-1.811259725774224e-07
31	4	-1.811259725774224e-07
37	7	-4.978950478785527e-05
7	37	-4.978950478785527e-05
37	9	-0.0001918621329910761
9	37	-0.0001918621329910761
7	9	-1.894106487792278e-07
9	7	-1.894106487792278e-07
7	42	-4.524164960815595e-05
42	7	-4.524164960815595e-05
7	22	-4.619032394212559e-05
22	7	-4.619032394212559e-05
7	45	-4.901616969724876e-05
45	7	-4.901616969724876e-05
7	47	-4.9546415368317124e-05
47	7	-4.9546415368317124e-05
7	31	-4.672400696358335e-05
31	7	-4.672400696358335e-05
8	9	-4.834938224111485e-05
9	8	-4.834938224111485e-05
9	39	-4.8345368893403636e-05
39	9	-4.8345368893403636e-05
9	10	-4.8345706595731306e-05
10	9	-4.8345706595731306e-05
9	14	-4.9094452294645606e-05
14	9	-4.9094452294645606e-05
9	15	-4.909479211653924e-05
15	9	-4.909479211653924e-05
9	49	-4.909576367670083e-05
49	9	-4.909576367670083e-05
9	41	-4.913619123779914e-05
41	9	-4.913619123779914e-05
9	16	-4.913653147234434e-05
16	9	-4.913653147234434e-05
9	17	-4.91375042105885e-05
17	9	-4.91375042105885e-05
9	42	-0.00018488755045400937
42	9	-0.00018488755045400937
9	20	-4.890112822653802e-05
20	9	-4.890112822653802e-05
9	21	-4.890150082292173e-05
21	9	-4.890150082292173e-05
9	50	-4.890246769063513e-05
50	9	-4.890246769063513e-05
9	22	-0.00018876013977125157
22	9	-0.00018876013977125157
9	44	-4.817394067165481e-05
44	9	-4.817394067165481e-05
9	23	-4.817427274181276e-05
23	9	-4.817427274181276e-05
9	24	-4.817522217632144e-05
24	9	-4.817522217632144e-05
9	45	-0.0001948860508786722
45	9	-0.0001948860508786722
9	46	-4.8043681300672705e-05
46	9	-4.8043681300672705e-05
9	26	-4.8044012258582586e-05
26	9	-4.8044012258582586e-05
9	27	-4.804495851823182e-05
27	9	-4.804495851823182e-05
9	47	-0.0001928025062121386
47	9	-0.0001928025062121386
9	29	-4.876172605157642e-05
29	9	-4.876172605157642e-05
9	30	-4.87620630573251e-05
30	9	-4.87620630573251e-05
9	52	-4.876302657950272e-05
52	9	-4.876302657950272e-05
9	31	-0.0001909386905064051
31	9	-0.0001909386905064051
1	32	-3.830223208909254e-09
32	1	-3.830223208909254e-09
1	33	-3.920243720541192e-09
33	1	-3.920243720541192e-09
1	13	-2.234296871863733e-09
13	1	-2.234296871863733e-09
1	34	-6.245112900343156e-09
34	1	-6.245112900343156e-09
1	19	-0.00015126412626126096
19	1	-0.00015126412626126096
0	32	-3.8290297647345785e-09
32	0	-3.8290297647345785e-09
0	33	-6.176663071317814e-09
33	0	-6.176663071317814e-09
0	13	-2.2335826595434893e-09
13	0	-2.2335826595434893e-09
0	34	-8.501558802291966e-09
34	0	-8.501558802291966e-09
53	6	-0.00015126300967333435
6	53	-0.00015126300967333435
53	33	-0.0001512546270461904
33	53	-0.0001512546270461904
53	34	-0.00015125148366487657
34	53	-0.00015125148366487657
53	19	-0.00015126606080307275
19	53	-0.00015126606080307275
35	2	-6.0251253341429455e-05
2	35	-6.0251253341429455e-05
35	6	-0.00019752646889609486
6	35	-0.00019752646889609486
35	33	-0.00019751696500418443
33	35	-0.00019751696500418443
35	34	-0.00019751231594894472
34	35	-0.00019751231594894472
35	19	-0.0001975287254354515
19	35	-0.0001975287254354515
32	3	-6.085422304667453e-09
3	32	-6.085422304667453e-09
32	6	-0.00019756457758899847
6	32	-0.00019756457758899847
32	33	-0.00019756758695563378
33	32	-0.00019756758695563378
32	34	-0.00019756293613560852
34	32	-0.00019756293613560852
32	19	-0.0001975600636249915
19	32	-0.0001975600636249915
2	38	-6.0254309125852895e-05
38	2	-6.0254309125852895e-05
2	12	-6.024920665606044e-05
12	2	-6.024920665606044e-05
2	40	-6.0257349145196034e-05
40	2	-6.0257349145196034e-05
2	18	-6.024331936620099e-05
18	2	-6.024331936620099e-05
2	43	-6.025767578175323e-05
43	2	-6.025767578175323e-05
2	25	-6.024356253609462e-05
25	2	-6.024356253609462e-05
2	28	-6.024622128893841e-05
28	2	-6.024622128893841e-05
2	48	-6.025439251688602e-05
48	2	-6.025439251688602e-05
36	6	-0.0001478564556872586
6	36	-0.0001478564556872586
36	33	-0.00014784834164221364
33	36	-0.00014784834164221364
36	34	-0.00014784529897359753
34	36	-0.00014784529897359753
36	19	-0.00014785940905563064
19	36	-0.00014785940905563064
3	6	-2.2335571512034128e-09
6	3	-2.2335571512034128e-09
3	33	-8.433082422094428e-09
33	3	-8.433082422094428e-09
3	13	-4.489956978878234e-09
13	3	-4.489956978878234e-09
3	34	-1.0758004704240769e-08
34	3	-1.0758004704240769e-08
3	19	-0.00014785989484868262
19	3	-0.00014785989484868262
4	19	-0.00014786127980197654
19	4	-0.00014786127980197654
5	33	-0.00019750951285515305
33	5	-0.00019750951285515305
5	34	-0.0001975048639723409
34	5	-0.0001975048639723409
5	19	-0.0001975251240299645
19	5	-0.0001975251240299645
6	7	-0.00014897380414875594
7	6	-0.00014897380414875594
6	8	-0.00014897429533876916
8	6	-0.00014897429533876916
6	51	-0.00014897569564773568
51	6	-0.00014897569564773568
6	38	-0.00019752879382044927
38	6	-0.00019752879382044927
6	33	-0.00019755988124477508
33	6	-0.00019755988124477508
6	39	-0.00014896865248667168
39	6	-0.00014896865248667168
6	10	-0.00014896915662328424
10	6	-0.00014896915662328424
6	12	-0.00019752498730256853
12	6	-0.00019752498730256853
6	13	-0.00019756776934296369
13	6	-0.00019756776934296369
6	14	-0.00015126696548668759
14	6	-0.00015126696548668759
6	15	-0.00015126726741184195
15	6	-0.00015126726741184195
6	49	-0.0001512681249127974
49	6	-0.0001512681249127974
6	40	-1.344374959764113e-09
40	6	-1.344374959764113e-09
6	34	-2.3019661365673368e-09
34	6	-2.3019661365673368e-09
6	41	-0.0001514132665556115
41	6	-0.0001514132665556115
6	16	-0.00015141376969373828
16	6	-0.00015141376969373828
6	17	-0.00015141520399716528
17	6	-0.00015141520399716528
6	18	-0.00019751726125534779
18	6	-0.00019751726125534779
6	19	-0.00019756776934296374
19	6	-0.00019756776934296374
6	20	-0.0001506711578686006
20	6	-0.0001506711578686006
6	21	-0.000150671564522154
21	6	-0.000150671564522154
6	50	-0.0001506724182268142
50	6	-0.0001506724182268142
6	43	-1.344382247003066e-09
43	6	-1.344382247003066e-09
6	44	-0.00014844735172273097
44	6	-0.00014844735172273097
6	23	-0.00014844784037624536
23	6	-0.00014844784037624536
6	24	-0.00014844923346838394
24	6	-0.00014844923346838394
6	25	-0.0001975180587903228
25	6	-0.0001975180587903228
6	46	-0.00014804233913520115
46	6	-0.00014804233913520115
6	26	-0.000148042825819553
26	6	-0.000148042825819553
6	27	-0.00014804421330887445
27	6	-0.00014804421330887445
6	29	-0.00015024567185039316
29	6	-0.00015024567185039316
6	30	-0.00015024616924297658
30	6	-0.00015024616924297658
6	52	-0.00015024758719945502
52	6	-0.00015024758719945502
6	48	-0.00019752906728051102
48	6	-0.00019752906728051102
7	33	-2.3247305262742422e-09
33	7	-2.3247305262742422e-09
7	34	-4.649515760987499e-09
34	7	-4.649515760987499e-09
7	19	-0.00014897642641022087
19	7	-0.00014897642641022087
8	33	-2.507062332256524e-10
33	8	-2.507062332256524e-10
8	34	-2.575467063684251e-09
34	8	-2.575467063684251e-09
8	19	-0.00014897672316573852
19	8	-0.00014897672316573852
51	33	-0.00014896749400527425
33	51	-0.00014896749400527425
51	34	-0.00014896441848943608
34	51	-0.00014896441848943608
51	19	-0.0001489775660880425
19	51	-0.0001489775660880425
38	34	-0.00019751698779712994
34	38	-0.00019751698779712994
38	19	-0.00019753105035954558
19	38	-0.00019753105035954558
33	39	-0.0001489604511800205
39	33	-0.0001489604511800205
33	10	-0.000148960955291144
10	33	-0.000148960955291144
33	11	-0.00014896235548742754
11	33	-0.00014896235548742754
33	12	-0.00019751388839442434
12	33	-0.00019751388839442434
33	13	-0.00019756439520461503
13	33	-0.00019756439520461503
33	14	-0.00015125901031538027
14	33	-0.00015125901031538027
33	15	-0.00015125951268389636
15	33	-0.00015125951268389636
33	49	-0.00015126094479763334
49	33	-0.00015126094479763334
33	40	-0.00019752494174319694
40	33	-0.00019752494174319694
33	34	-0.00019756763255245047
34	33	-0.00019756763255245047
33	41	-0.00015140487167071692
41	33	-0.00015140487167071692
33	16	-0.00015140537478337693
16	33	-0.00015140537478337693
33	17	-0.00015140680901443734
17	33	-0.00015140680901443734
33	18	-0.00019750486399567382
18	33	-0.00019750486399567382
33	19	-0.00019755536738806702
19	33	-0.00019755536738806702
33	20	-0.00015066324661375867
20	33	-0.00015066324661375867
33	21	-0.0001506638521272866
21	33	-0.0001506638521272866
33	50	-0.00015066527592798952
50	33	-0.00015066527592798952
33	43	-0.00019752601277866683
43	33	-0.00019752601277866683
33	44	-0.00014843919122262903
44	33	-0.00014843919122262903
33	23	-0.00014843967985188293
23	33	-0.00014843967985188293
33	24	-0.0001484410728750808
24	33	-0.0001484410728750808
33	25	-0.00019750566145556732
25	33	-0.00019750566145556732
33	46	-0.00014803421051766083
46	33	-0.00014803421051766083
33	26	-0.00014803469717791456
26	33	-0.00014803469717791456
33	27	-0.00014803608459875657
27	33	-0.00014803608459875657
33	28	-0.00019750923943206734
28	33	-0.00019750923943206734
33	29	-0.000150237369924983
29	33	-0.000150237369924983
33	30	-0.00015023786729258107
30	33	-0.00015023786729258107
33	52	-0.00015023928517806024
52	33	-0.00015023928517806024
39	34	-0.000148957375790105
34	39	-0.000148957375790105
39	19	-0.00014897163761743782
19	39	-0.00014897163761743782
10	34	-0.00014895787989167056
34	10	-0.00014895787989167056
10	19	-0.0001489721417633281
19	10	-0.0001489721417633281
11	34	-0.0001489592800618809
34	11	-0.0001489592800618809
11	19	-0.00014897354205445262
19	11	-0.00014897354205445262
12	34	-0.0001975092394102485
34	12	-0.0001975092394102485
12	19	-0.0001975272438432268
19	12	-0.0001975272438432268
13	34	-0.00019755974445972323
34	13	-0.00019755974445972323
13	19	-0.00019756325530603295
19	13	-0.00019756325530603295
14	34	-0.0001512558668567987
34	14	-0.0001512558668567987
14	19	-0.00015126869357712952
19	14	-0.00015126869357712952
15	34	-0.00015125636921578886
34	15	-0.00015125636921578886
15	19	-0.00015126899550274193
19	15	-0.00015126899550274193
49	34	-0.00015125780130245678
34	49	-0.00015125780130245678
49	19	-0.00015126985300491878
19	49	-0.00015126985300491878
40	19	-0.00019753339806745262
19	40	-0.00019753339806745262
34	41	-0.00015140172369300573
41	34	-0.00015140172369300573
34	16	-0.0001514022267961162
16	34	-0.0001514022267961162
34	17	-0.0001514036610000405
17	34	-0.0001514036610000405
34	18	-0.00019750021522387472
18	34	-0.00019750021522387472
34	19	-0.0001975507168556857
19	34	-0.0001975507168556857
34	20	-0.000150660120883723
20	34	-0.000150660120883723
34	21	-0.0001506607263846643
21	34	-0.0001506607263846643
34	50	-0.0001506621501585589
50	34	-0.0001506621501585589
34	44	-0.00014843613113432535
44	34	-0.00014843613113432535
34	23	-0.000148436619754482
23	34	-0.000148436619754482
34	24	-0.00014843801275182838
24	34	-0.00014843801275182838
34	25	-0.00019750101265561467
25	34	-0.00019750101265561467
34	46	-0.00014803116238465923
46	34	-0.00014803116238465923
34	26	-0.0001480316490358766
26	34	-0.0001480316490358766
34	27	-0.0001480330364310401
27	34	-0.0001480330364310401
34	28	-0.00019750459055890813
28	34	-0.00019750459055890813
34	29	-0.00015023425680512706
29	34	-0.00015023425680512706
34	30	-0.0001502347541633561
30	34	-0.0001502347541633561
34	52	-0.0001502361720222119
52	34	-0.0001502361720222119
34	48	-0.00019751726123630478
48	34	-0.00019751726123630478
41	19	-0.00015141632214706011
19	41	-0.00015141632214706011
16	19	-0.0001514168252944565
19	16	-0.0001514168252944565
17	19	-0.00015141825962422412
19	17	-0.00015141825962422412
19	20	-0.00015067287915247084
20	19	-0.00015067287915247084
19	21	-0.00015067328580769046
21	19	-0.00015067328580769046
19	50	-0.0001506741395135625
50	19	-0.0001506741395135625
19	43	-0.00019753446914877505
43	19	-0.00019753446914877505
19	44	-0.00014845032200030059
44	19	-0.00014845032200030059
19	23	-0.0001484508106626455
23	19	-0.0001484508106626455
19	24	-0.00014845220377987772
24	19	-0.00014845220377987772
19	46	-0.00014804529780782202
46	19	-0.00014804529780782202
19	26	-0.00014804578450094527
26	19	-0.00014804578450094527
19	27	-0.00014804717201519246
27	19	-0.00014804717201519246
19	28	-0.0001975248505753618
28	19	-0.0001975248505753618
19	29	-0.00015024832442411194
29	19	-0.00015024832442411194
19	30	-0.00015024862404804955
30	19	-0.00015024862404804955
19	52	-0.00015024947505980067
52	19	-0.00015024947505980067
19	48	-0.00019753132382273133
48	19	-0.00019753132382273133
35	9	-6.410545652617876e-05
9	35	-6.410545652617876e-05
32	9	-1.367472296781929e-10
9	32	-1.367472296781929e-10
37	6	-1.7691999121613387e-07
6	37	-1.7691999121613387e-07
37	33	-6.603589008542076e-05
33	37	-6.603589008542076e-05
37	34	-6.603899194944444e-05
34	37	-6.603899194944444e-05
37	19	-6.602460843089409e-05
19	37	-6.602460843089409e-05
6	9	-1.8218498328876095e-07
9	6	-1.8218498328876095e-07
6	42	-1.9468314660579447e-07
42	6	-1.9468314660579447e-07
6	22	-1.9068940201737796e-07
22	6	-1.9068940201737796e-07
6	45	-1.7970817033783614e-07
45	6	-1.7970817033783614e-07
6	47	-1.7778705555609147e-07
47	6	-1.7778705555609147e-07
6	31	-1.8851388983185167e-07
31	6	-1.8851388983185167e-07
54	6	-1.676581701387706e-05
6	54	-1.676581701387706e-05
54	5	-1.7390401869762912e-05
5	54	-1.7390401869762912e-05
38	9	-1.5266449548976408e-09
9	38	-1.5266449548976408e-09
9	33	-2.4842708565087497e-09
33	9	-2.4842708565087497e-09
9	12	-6.410338094805214e-05
12	9	-6.410338094805214e-05
9	13	-6.412041465722615e-05
13	9	-6.412041465722615e-05
9	40	-3.850836749154836e-09
40	9	-3.850836749154836e-09
9	34	-4.8090579684723655e-09
34	9	-4.8090579684723655e-09
9	18	-6.409740564907749e-05
18	9	-6.409740564907749e-05
9	19	-6.411443747068498e-05
19	9	-6.411443747068498e-05
9	43	-3.850857622771497e-09
43	9	-3.850857622771497e-09
9	25	-6.409766437584551e-05
25	9	-6.409766437584551e-05
9	28	-6.410034890892906e-05
28	9	-6.410034890892906e-05
9	48	-1.526647067691465e-09
48	9	-1.526647067691465e-09
33	42	-6.000477745828537e-05
42	33	-6.000477745828537e-05
33	22	-6.126285660297392e-05
22	33	-6.126285660297392e-05
33	45	-6.501033609443547e-05
45	33	-6.501033609443547e-05
33	47	-6.57135184157502e-05
47	33	-6.57135184157502e-05
33	31	-6.197059734721954e-05
31	33	-6.197059734721954e-05
34	42	-6.00078083545123e-05
42	34	-6.00078083545123e-05
34	22	-6.126590230295442e-05
22	34	-6.126590230295442e-05
34	45	-6.501342589081728e-05
45	34	-6.501342589081728e-05
34	47	-6.571661648644278e-05
47	34	-6.571661648644278e-05
34	31	-6.197365137514952e-05
31	34	-6.197365137514952e-05
42	19	-5.999375391764094e-05
19	42	-5.999375391764094e-05
19	22	-6.125177922024227e-05
22	19	-6.125177922024227e-05
19	45	-6.499909833060332e-05
45	19	-6.499909833060332e-05
19	47	-6.570225055778286e-05
47	19	-6.570225055778286e-05
19	31	-6.195948967526557e-05
31	19	-6.195948967526557e-05
