2	0	-3.84537559484752e-09
0	2	-3.84537559484752e-09
0	4	-0.00015078047751121434
4	0	-0.00015078047751121434
1	4	-1.7550507331476697e-08
4	1	-1.7550507331476697e-08
4	31	-6.552476102999609e-05
31	4	-6.552476102999609e-05
0	31	-0.00015079281367657093
31	0	-0.00015079281367657093
2	1	-1.6882432352298708e-07
1	2	-1.6882432352298708e-07
13	1	-6.102191343197083e-05
1	13	-6.102191343197083e-05
31	34	-0.0001975224632653296
34	31	-0.0001975224632653296
1	50	-8.43726564599235e-09
50	1	-8.43726564599235e-09
1	0	-7.689184884425782e-09
0	1	-7.689184884425782e-09
9	5	-0.00019660997878030373
5	9	-0.00019660997878030373
0	5	-1.807017848933998e-05
5	0	-1.807017848933998e-05
5	2	-0.0001480854876201098
2	5	-0.0001480854876201098
1	32	-2.7122497541359758e-09
32	1	-2.7122497541359758e-09
13	4	-2.568828086615678e-08
4	13	-2.568828086615678e-08
4	54	-0.00014815037410510732
54	4	-0.00014815037410510732
0	3	-3.844592442212891e-09
3	0	-3.844592442212891e-09
3	2	-1.8790418437020857e-05
2	3	-1.8790418437020857e-05
8	3	-0.00017683265151520044
3	8	-0.00017683265151520044
2	33	-2.2798947672078895e-09
33	2	-2.2798947672078895e-09
1	33	-5.014301666569434e-09
33	1	-5.014301666569434e-09
1	7	-0.00018451242067652702
7	1	-0.00018451242067652702
13	7	-6.307066775638032e-05
7	13	-6.307066775638032e-05
33	36	-0.00019752165974942578
36	33	-0.00019752165974942578
7	52	-2.24335137514024e-09
52	7	-2.24335137514024e-09
0	6	-0.00013681811356205795
6	0	-0.00013681811356205795
52	6	-0.00019757066097501495
6	52	-0.00019757066097501495
6	5	-0.00019757171387790995
5	6	-0.00019757171387790995
13	10	-6.183747327775395e-05
10	13	-6.183747327775395e-05
33	37	-0.00019752245731081004
37	33	-0.00019752245731081004
0	9	-0.0001649916532257883
9	0	-0.0001649916532257883
0	8	-0.0001720481745498189
8	0	-0.0001720481745498189
9	8	-0.00018946889595751283
8	9	-0.00018946889595751283
0	11	-1.56222528694535e-08
11	0	-1.56222528694535e-08
7	11	-2.116157857960749e-07
11	7	-2.116157857960749e-07
11	12	-0.00018439192225336933
12	11	-0.00018439192225336933
12	14	-0.00014715992708796513
14	12	-0.00014715992708796513
1	14	-2.0412194507144227e-07
14	1	-2.0412194507144227e-07
0	39	-5.1342238311250925e-05
39	0	-5.1342238311250925e-05
13	39	-1.9193076334606035e-07
39	13	-1.9193076334606035e-07
0	13	-4.377322482109402e-05
13	0	-4.377322482109402e-05
14	13	-0.00019075469684489376
13	14	-0.00019075469684489376
39	12	-1.853078474968934e-07
12	39	-1.853078474968934e-07
13	12	-4.269911261907807e-05
12	13	-4.269911261907807e-05
0	38	-0.00019281270355356428
38	0	-0.00019281270355356428
13	41	-6.272747321003928e-05
41	13	-6.272747321003928e-05
14	17	-0.000197522183860467
17	14	-0.000197522183860467
0	15	-0.00019623804520906674
15	0	-0.00019623804520906674
0	40	-0.00019623773444331239
40	0	-0.00019623773444331239
0	12	-1.2177702682202059e-08
12	0	-1.2177702682202059e-08
1	12	-2.0412194507144227e-07
12	1	-2.0412194507144227e-07
14	21	-0.00019756325530603295
21	14	-0.00019756325530603295
1	21	-6.104399641860186e-05
21	1	-6.104399641860186e-05
13	43	-6.238181783439237e-05
43	13	-6.238181783439237e-05
1	20	-0.0001587296602195505
20	1	-0.0001587296602195505
21	20	-0.00019752298142608384
20	21	-0.00019752298142608384
0	18	-0.00019651039138192177
18	0	-0.00019651039138192177
0	42	-0.00019651008011872776
42	0	-0.00019651008011872776
13	23	-6.397850870113311e-05
23	13	-6.397850870113311e-05
31	44	-0.00019752193921545574
44	31	-0.00019752193921545574
0	22	-0.00019527636135501162
22	0	-0.00019527636135501162
0	49	-0.00019527605239674076
49	0	-0.00019527605239674076
6	13	-4.3411779166950864e-05
13	6	-4.3411779166950864e-05
12	27	-2.234296871863733e-09
27	12	-2.234296871863733e-09
1	27	-0.00015876538418296818
27	1	-0.00015876538418296818
39	25	-5.008800065520082e-05
25	39	-5.008800065520082e-05
0	24	-0.0001928148715947427
24	0	-0.0001928148715947427
0	45	-0.00019281456713537184
45	0	-0.00019281456713537184
13	47	-6.374946929203603e-05
47	13	-6.374946929203603e-05
1	30	-0.00015872944054980514
30	1	-0.00015872944054980514
21	30	-0.00019752270797428962
30	21	-0.00019752270797428962
0	28	-0.00019545283631494775
28	0	-0.00019545283631494775
0	46	-0.0001954525270033096
46	0	-0.0001954525270033096
48	2	-3.5843763042941717e-09
2	48	-3.5843763042941717e-09
48	5	-0.00019597390813081984
5	48	-0.00019597390813081984
2	8	-0.0001720481745498189
8	2	-0.0001720481745498189
2	49	-3.5427172242069632e-09
49	2	-3.5427172242069632e-09
5	8	-0.00017005462578349823
8	5	-0.00017005462578349823
5	49	-0.00019685916546158128
49	5	-0.00019685916546158128
48	3	-3.58364157407915e-09
3	48	-3.58364157407915e-09
48	6	-0.00019597447519679304
6	48	-0.00019597447519679304
48	9	-0.0001969330553868616
9	48	-0.0001969330553868616
48	11	-1.5361277750933175e-08
11	48	-1.5361277750933175e-08
2	6	-0.00013681811356205795
6	2	-0.00013681811356205795
2	9	-0.0001649916532257883
9	2	-0.0001649916532257883
2	11	-3.965902066469149e-09
11	2	-3.965902066469149e-09
2	22	-3.800683063119849e-09
22	2	-3.800683063119849e-09
3	5	-0.00018999930411613074
5	3	-0.00018999930411613074
3	6	-0.00017554283532468602
6	3	-0.00017554283532468602
3	9	-0.00018439560001474824
9	3	-0.00018439560001474824
3	11	-4.222324724206241e-09
11	3	-4.222324724206241e-09
3	49	-3.5419994717014963e-09
49	3	-3.5419994717014963e-09
3	22	-3.7999180071277355e-09
22	3	-3.7999180071277355e-09
5	11	-5.746518163887572e-09
11	5	-5.746518163887572e-09
5	22	-0.00019685947483325797
22	5	-0.00019685947483325797
6	8	-0.00015711568686518858
8	6	-0.00015711568686518858
6	9	-0.0001966105468730406
9	6	-0.0001966105468730406
6	11	-6.0053797750737114e-09
11	6	-6.0053797750737114e-09
6	49	-0.00019685885590376556
49	6	-0.00019685885590376556
6	22	-0.0001968591652753614
22	6	-0.0001968591652753614
8	11	-5.774621220120499e-09
11	8	-5.774621220120499e-09
9	11	-6.034748827314177e-09
11	9	-6.034748827314177e-09
9	49	-0.00019590063688289974
49	9	-0.00019590063688289974
9	22	-0.0001959009460042713
22	9	-0.0001959009460042713
11	49	-1.51827751257564e-08
49	11	-1.51827751257564e-08
11	22	-1.5440717351248408e-08
22	11	-1.5440717351248408e-08
0	54	-0.00019413966316679288
54	0	-0.00019413966316679288
0	52	-0.0001959845487491953
52	0	-0.0001959845487491953
0	53	-0.00019694322391134968
53	0	-0.00019694322391134968
0	16	-0.00019623892577124634
16	0	-0.00019623892577124634
0	19	-0.00019651127334166703
19	0	-0.00019651127334166703
0	51	-0.00019527723683754152
51	0	-0.00019527723683754152
0	25	-0.00019281573443490722
25	0	-0.00019281573443490722
0	29	-0.0001954537127910979
29	0	-0.0001954537127910979
48	12	-1.1916733023090852e-08
12	48	-1.1916733023090852e-08
48	13	-4.3772894499821104e-05
13	48	-4.3772894499821104e-05
50	2	-4.593574082726176e-09
2	50	-4.593574082726176e-09
50	3	-4.592655939261815e-09
3	50	-4.592655939261815e-09
50	5	-0.00019597172422645083
5	50	-0.00019597172422645083
50	6	-0.0001959722912861166
6	50	-0.0001959722912861166
50	9	-0.00019693085591320096
9	50	-0.00019693085591320096
50	11	-1.6370385262558853e-08
11	50	-1.6370385262558853e-08
50	12	-1.2925819606887595e-08
12	50	-1.2925819606887595e-08
50	13	-4.377416943526546e-05
13	50	-4.377416943526546e-05
34	2	-1.1554882319714274e-08
2	34	-1.1554882319714274e-08
34	3	-1.1552181166070679e-08
3	34	-1.1552181166070679e-08
34	5	-0.00014960773402296405
5	34	-0.00014960773402296405
34	6	-0.00014960822816577894
6	34	-0.00014960822816577894
34	8	-5.4912734931420785e-09
8	34	-5.4912734931420785e-09
34	9	-0.00015033999537286154
9	34	-0.00015033999537286154
34	11	-2.6978630814566423e-08
11	34	-2.6978630814566423e-08
34	12	-2.246700167496832e-08
12	34	-2.246700167496832e-08
34	13	-0.00019753955683414517
13	34	-0.00019753955683414517
2	36	-0.00014819715681450984
36	2	-0.00014819715681450984
2	37	-0.00014819655838947104
37	2	-0.00014819655838947104
2	12	-5.812097856032373e-10
12	2	-5.812097856032373e-10
2	13	-4.3001183972013984e-05
13	2	-4.3001183972013984e-05
2	51	-4.540185644241179e-09
51	2	-4.540185644241179e-09
2	44	-1.1554851663130415e-08
44	2	-1.1554851663130415e-08
3	12	-8.376271720085231e-10
12	3	-8.376271720085231e-10
3	13	-4.3001507351893134e-05
13	3	-4.3001507351893134e-05
3	51	-4.539288716764256e-09
51	3	-4.539288716764256e-09
3	44	-1.155215052381814e-08
44	3	-1.155215052381814e-08
54	11	-4.957407178994083e-09
11	54	-4.957407178994083e-09
54	12	-1.5726946912670855e-09
12	54	-1.5726946912670855e-09
54	13	-4.3002432147428024e-05
13	54	-4.3002432147428024e-05
35	6	-0.0001496101951492963
6	35	-0.0001496101951492963
35	11	-1.2145471947002214e-08
11	35	-1.2145471947002214e-08
35	12	-7.633645595207769e-09
12	35	-7.633645595207769e-09
35	13	-0.0001975457537615032
13	35	-0.0001975457537615032
5	36	-0.00014960713813950662
36	5	-0.00014960713813950662
5	37	-0.0001496065340279559
37	5	-0.0001496065340279559
5	12	-2.3296695259003647e-09
12	5	-2.3296695259003647e-09
5	13	-4.3411452069843435e-05
13	5	-4.3411452069843435e-05
5	51	-0.00019686035141820433
51	5	-0.00019686035141820433
5	44	-0.00014960813099148052
44	5	-0.00014960813099148052
6	36	-0.00014960763230512767
36	6	-0.00014960763230512767
6	53	-0.0001966089279779366
53	6	-0.0001966089279779366
6	37	-0.00014960702819262695
37	6	-0.00014960702819262695
6	12	-2.5885257651179787e-09
12	6	-2.5885257651179787e-09
6	51	-0.00019686004186009222
51	6	-0.00019686004186009222
6	44	-0.00014960862513491963
44	6	-0.00014960862513491963
52	11	-6.7474538847189655e-09
11	52	-6.7474538847189655e-09
52	12	-3.3305846540940156e-09
12	52	-3.3305846540940156e-09
52	13	-4.341271457594847e-05
13	52	-4.341271457594847e-05
36	11	-1.4447079096744347e-08
11	36	-1.4447079096744347e-08
36	12	-9.935215277887279e-09
12	36	-9.935215277887279e-09
36	13	-0.0001975418111252881
13	36	-0.0001975418111252881
8	12	-2.3410626568056047e-09
12	8	-2.3410626568056047e-09
8	13	-4.362374905104649e-05
13	8	-4.362374905104649e-05
8	44	-5.4912589274954074e-09
44	8	-5.4912589274954074e-09
9	12	-2.601184839359559e-09
12	9	-2.601184839359559e-09
9	13	-4.362407808317258e-05
13	9	-4.362407808317258e-05
9	51	-0.00019590182192173681
51	9	-0.00019590182192173681
9	44	-0.0001503403942836668
44	9	-0.0001503403942836668
53	11	-6.780452166279599e-09
11	53	-6.780452166279599e-09
53	12	-3.3468728084193405e-09
12	53	-3.3468728084193405e-09
53	13	-4.3625019016979096e-05
13	53	-4.3625019016979096e-05
37	11	-1.4447137416355726e-08
11	37	-1.4447137416355726e-08
37	12	-9.935255384118446e-09
12	37	-9.935255384118446e-09
37	13	-0.00019754101341958803
13	37	-0.00019754101341958803
38	13	-4.2697874762260716e-05
13	38	-4.2697874762260716e-05
11	13	-4.269819546557355e-05
13	11	-4.269819546557355e-05
11	20	-3.531843111930553e-09
20	11	-3.531843111930553e-09
11	51	-1.618015536504776e-08
51	11	-1.618015536504776e-08
11	44	-2.697855925152783e-08
44	11	-2.697855925152783e-08
11	26	-1.2760019005068575e-09
26	11	-1.2760019005068575e-09
11	30	-3.5318382239920353e-09
30	11	-3.5318382239920353e-09
12	20	-3.5329892996217162e-09
20	12	-3.5329892996217162e-09
12	49	-1.1778257034137184e-08
49	12	-1.1778257034137184e-08
12	22	-1.20361939263629e-08
22	12	-1.20361939263629e-08
12	51	-1.2775616829150358e-08
51	12	-1.2775616829150358e-08
12	44	-2.2466942079397335e-08
44	12	-2.2466942079397335e-08
12	26	-1.276430573223731e-09
26	12	-1.276430573223731e-09
12	30	-3.532984408510124e-09
30	12	-3.532984408510124e-09
13	40	-4.345610318812362e-05
40	13	-4.345610318812362e-05
13	15	-4.3456430780100134e-05
15	13	-4.3456430780100134e-05
13	16	-4.345736760244225e-05
16	13	-4.345736760244225e-05
13	42	-4.351981620858757e-05
42	13	-4.351981620858757e-05
13	18	-4.3520144355472884e-05
18	13	-4.3520144355472884e-05
13	19	-4.352108276205955e-05
19	13	-4.352108276205955e-05
13	20	-0.0001975623230071948
20	13	-0.0001975623230071948
13	49	-4.326425117809155e-05
49	13	-4.326425117809155e-05
13	22	-4.326457686422183e-05
22	13	-4.326457686422183e-05
13	51	-4.326550824426991e-05
51	13	-4.326550824426991e-05
13	44	-0.00019754008100749085
44	13	-0.00019754008100749085
13	45	-4.269995913315306e-05
45	13	-4.269995913315306e-05
13	24	-4.270027984272132e-05
24	13	-4.270027984272132e-05
13	25	-4.270119701402994e-05
25	13	-4.270119701402994e-05
13	46	-4.3285675247780606e-05
46	13	-4.3285675247780606e-05
13	28	-4.328600126208819e-05
28	13	-4.328600126208819e-05
13	29	-4.328693357975877e-05
29	13	-4.328693357975877e-05
13	30	-0.00019756259652140546
30	13	-0.00019756259652140546
48	1	-7.428227922969892e-09
1	48	-7.428227922969892e-09
48	4	-0.00015077997750598786
4	48	-0.00015077997750598786
48	7	-1.0820509995520545e-08
7	48	-1.0820509995520545e-08
48	39	-5.1341895986469746e-05
39	48	-5.1341895986469746e-05
0	7	-1.1081472333437153e-08
7	0	-1.1081472333437153e-08
50	4	-0.0001507819029010305
4	50	-0.0001507819029010305
50	7	-1.1829568328401644e-08
7	50	-1.1829568328401644e-08
50	39	-5.134321693575529e-05
39	50	-5.134321693575529e-05
1	3	-1.6880902371989594e-07
3	1	-1.6880902371989594e-07
1	54	-0.00011908482723115978
54	1	-0.00011908482723115978
1	5	-1.807017848933998e-05
5	1	-1.807017848933998e-05
1	6	-0.00012021664391385502
6	1	-0.00012021664391385502
1	52	-0.00012021792144944788
52	1	-0.00012021792144944788
1	8	-0.00012080409475032096
8	1	-0.00012080409475032096
1	9	-0.0001208045457161878
9	1	-0.0001208045457161878
1	53	-0.00012080583213101877
53	1	-0.00012080583213101877
1	38	-0.00011826047293729184
38	1	-0.00011826047293729184
1	11	-2.187126111812421e-07
11	1	-2.187126111812421e-07
1	39	-0.00017936187392527918
39	1	-0.00017936187392527918
1	40	-0.00012036054121320285
40	1	-0.00012036054121320285
1	15	-0.00012036098986868957
15	1	-0.00012036098986868957
1	16	-0.00012036226970638049
16	1	-0.00012036226970638049
1	42	-0.00012053094448801754
42	1	-0.00012053094448801754
1	18	-0.00012053139403455145
18	1	-0.00012053139403455145
1	19	-0.00012053267640888759
19	1	-0.00012053267640888759
1	49	-7.341911526293882e-09
49	1	-7.341911526293882e-09
1	22	-7.599836014255471e-09
22	1	-7.599836014255471e-09
1	51	-8.339223589510092e-09
51	1	-8.339223589510092e-09
1	45	-0.00011826327155419352
45	1	-0.00011826327155419352
1	24	-0.00011826370914166702
24	1	-0.00011826370914166702
1	25	-0.00011826495746900403
25	1	-0.00011826495746900403
1	46	-0.0001198824759601604
46	1	-0.0001198824759601604
1	28	-0.00011988292207134503
28	1	-0.00011988292207134503
1	29	-0.00011988419466554573
29	1	-0.00011988419466554573
2	4	-1.2516149983555015e-08
4	2	-1.2516149983555015e-08
2	7	-1.6334628209528557e-07
7	2	-1.6334628209528557e-07
2	10	-1.6660020694804528e-07
10	2	-1.6660020694804528e-07
2	39	-1.5326363848930785e-07
39	2	-1.5326363848930785e-07
2	41	-1.6423900586059205e-07
41	2	-1.6423900586059205e-07
2	43	-1.6514804843970037e-07
43	2	-1.6514804843970037e-07
2	23	-1.6103091720471142e-07
23	2	-1.6103091720471142e-07
2	47	-1.6160884791432082e-07
47	2	-1.6160884791432082e-07
3	4	-1.251328379867624e-08
4	3	-1.251328379867624e-08
3	7	-1.633319590425741e-07
7	3	-1.633319590425741e-07
3	10	-1.6658530759549146e-07
10	3	-1.6658530759549146e-07
3	39	-1.5325102899424785e-07
39	3	-1.5325102899424785e-07
3	41	-1.6422452582967134e-07
41	3	-1.6422452582967134e-07
3	43	-1.6513340768197076e-07
43	3	-1.6513340768197076e-07
3	23	-1.6101699730343336e-07
23	3	-1.6101699730343336e-07
3	47	-1.6159482792264508e-07
47	3	-1.6159482792264508e-07
54	7	-4.95730295149714e-10
7	54	-4.95730295149714e-10
54	39	-5.043994278452846e-05
39	54	-5.043994278452846e-05
4	5	-1.4815363331766046e-08
5	4	-1.4815363331766046e-08
4	6	-1.9761415397909474e-08
6	4	-1.9761415397909474e-08
4	52	-0.00014955984647980114
52	4	-0.00014955984647980114
4	7	-2.199511633100651e-08
7	4	-2.199511633100651e-08
4	8	-6.450381265984289e-09
8	4	-6.450381265984289e-09
4	9	-8.661289332417066e-09
9	4	-8.661289332417066e-09
4	53	-0.00015029137761922768
53	4	-0.00015029137761922768
4	38	-0.0001471272687245928
38	4	-0.0001471272687245928
4	11	-2.794483792538439e-08
11	4	-2.794483792538439e-08
4	12	-2.3431723806929162e-08
12	4	-2.3431723806929162e-08
4	39	-0.000192445143143679
39	4	-0.000192445143143679
4	40	-0.00014974040690679308
40	4	-0.00014974040690679308
4	15	-0.0001497409018982027
15	4	-0.0001497409018982027
4	16	-0.00014974231302330226
16	4	-0.00014974231302330226
4	42	-0.00014995160586216128
42	4	-0.00014995160586216128
4	18	-0.00014995210187338765
18	4	-0.00014995210187338765
4	19	-0.0001499535158999871
19	4	-0.0001499535158999871
4	49	-0.0001490276035663649
49	4	-0.0001490276035663649
4	22	-0.00014902809501493586
22	4	-0.00014902809501493586
4	51	-0.00014902949605953968
51	4	-0.00014902949605953968
4	45	-0.00014713034072527014
45	4	-0.00014713034072527014
4	24	-0.00014713082304528783
24	4	-0.00014713082304528783
4	25	-0.00014713219811703462
25	4	-0.00014713219811703462
4	46	-0.00014914471171934498
46	4	-0.00014914471171934498
4	28	-0.00014914520379615963
28	4	-0.00014914520379615963
4	29	-0.00014914660662858443
29	4	-0.00014914660662858443
5	7	-1.2424640429328543e-09
7	5	-1.2424640429328543e-09
5	10	-4.683976601297981e-05
10	5	-4.683976601297981e-05
5	39	-1.6000718522664378e-07
39	5	-1.6000718522664378e-07
5	41	-4.751381706247365e-05
41	5	-4.751381706247365e-05
5	43	-4.7252031235007664e-05
43	5	-4.7252031235007664e-05
5	23	-4.8461302287062985e-05
23	5	-4.8461302287062985e-05
5	47	-4.8287836819845575e-05
47	5	-4.8287836819845575e-05
6	7	-1.5013130788540876e-09
7	6	-1.5013130788540876e-09
6	39	-5.09199257359418e-05
39	6	-5.09199257359418e-05
52	39	-5.092089461047606e-05
39	52	-5.092089461047606e-05
7	8	-1.2485401208568e-09
8	7	-1.2485401208568e-09
7	9	-1.5086550294874506e-09
9	7	-1.5086550294874506e-09
7	53	-2.254322203948957e-09
53	7	-2.254322203948957e-09
7	12	-1.974985601937761e-07
12	7	-1.974985601937761e-07
7	39	-0.00018537702017354027
39	7	-0.00018537702017354027
7	49	-1.0694775103875396e-08
49	7	-1.0694775103875396e-08
7	22	-1.095270484407406e-08
22	7	-1.095270484407406e-08
7	51	-1.1692107300756415e-08
51	7	-1.1692107300756415e-08
8	39	-5.116860648980019e-05
39	8	-5.116860648980019e-05
9	39	-5.1168947448977626e-05
39	9	-5.1168947448977626e-05
53	39	-5.116992217648598e-05
39	53	-5.116992217648598e-05
10	11	-2.158312589357479e-07
11	10	-2.158312589357479e-07
10	12	-2.0143281241644937e-07
12	10	-2.0143281241644937e-07
10	39	-0.00018175635904638254
39	10	-0.00018175635904638254
38	39	-5.00845647119604e-05
39	38	-5.00845647119604e-05
11	39	-1.985536791952273e-07
39	11	-1.985536791952273e-07
11	41	-2.1277231313585214e-07
41	11	-2.1277231313585214e-07
11	43	-2.139499815665782e-07
43	11	-2.139499815665782e-07
11	23	-2.0861622097930312e-07
23	11	-2.0861622097930312e-07
11	47	-2.0936493261008473e-07
47	11	-2.0936493261008473e-07
12	41	-1.9857793375549538e-07
41	12	-1.9857793375549538e-07
12	43	-1.9967703805236575e-07
43	12	-1.9967703805236575e-07
12	23	-1.946991011161286e-07
23	12	-1.946991011161286e-07
12	47	-1.953978650033473e-07
47	12	-1.953978650033473e-07
39	40	-5.097398480458403e-05
40	39	-5.097398480458403e-05
39	15	-5.097432423847653e-05
15	39	-5.097432423847653e-05
39	16	-5.0975294613300145e-05
16	39	-5.0975294613300145e-05
39	41	-0.00018436940039050844
41	39	-0.00018436940039050844
39	42	-5.104812903121143e-05
42	39	-5.104812903121143e-05
39	18	-5.1048469052897336e-05
18	39	-5.1048469052897336e-05
39	19	-5.1049441105139874e-05
19	39	-5.1049441105139874e-05
39	43	-0.0001833545556083684
43	39	-0.0001833545556083684
39	49	-5.074528785505432e-05
49	39	-5.074528785505432e-05
39	22	-5.074562526731111e-05
22	39	-5.074562526731111e-05
39	51	-5.074658987176573e-05
51	39	-5.074658987176573e-05
39	23	-0.00018804244276120045
23	39	-0.00018804244276120045
39	45	-5.008671894959867e-05
45	39	-5.008671894959867e-05
39	24	-5.008705109160758e-05
24	39	-5.008705109160758e-05
39	46	-5.077347918155405e-05
46	39	-5.077347918155405e-05
39	28	-5.077381694321238e-05
28	39	-5.077381694321238e-05
39	29	-5.077478254542572e-05
29	39	-5.077478254542572e-05
39	47	-0.00018736998265902037
47	39	-0.00018736998265902037
48	31	-0.00015079231365178934
31	48	-0.00015079231365178934
48	33	-0.00015078841236329594
33	48	-0.00015078841236329594
48	14	-1.1918921206026739e-08
14	48	-1.1918921206026739e-08
48	21	-0.00015079674690819764
21	48	-0.00015079674690819764
0	33	-0.00015078871320075573
33	0	-0.00015078871320075573
0	14	-1.217992269861205e-08
14	0	-1.217992269861205e-08
0	21	-0.0001507970477478595
21	0	-0.0001507970477478595
50	31	-0.00015079423912179354
31	50	-0.00015079423912179354
50	33	-0.0001507895676344645
33	50	-0.0001507895676344645
50	14	-1.292812705858162e-08
14	50	-1.292812705858162e-08
50	21	-0.00015079790218744036
21	50	-0.00015079790218744036
34	1	-1.658774731538354e-08
1	34	-1.658774731538354e-08
34	4	-0.00019750630474092365
4	34	-0.00019750630474092365
34	7	-2.1030893917718413e-08
7	34	-2.1030893917718413e-08
34	33	-0.00019751234395541748
33	34	-0.00019751234395541748
34	39	-6.725394414375866e-05
39	34	-6.725394414375866e-05
34	14	-2.247162518192953e-08
14	34	-2.247162518192953e-08
34	21	-0.00019752326069827968
21	34	-0.00019752326069827968
1	31	-1.754907193022749e-08
31	1	-1.754907193022749e-08
1	35	-1.7545499630757809e-09
35	1	-1.7545499630757809e-09
1	36	-4.056006322538361e-09
36	1	-4.056006322538361e-09
1	37	-4.0560226952654356e-09
37	1	-4.0560226952654356e-09
1	17	-0.00015872088367694894
17	1	-0.00015872088367694894
1	44	-1.658770331625169e-08
44	1	-1.658770331625169e-08
1	26	-0.00015872506138108833
26	1	-0.00015872506138108833
31	2	-1.2515126092238752e-08
2	31	-1.2515126092238752e-08
31	3	-1.2512260376227132e-08
3	31	-1.2512260376227132e-08
31	54	-0.0001481624959379702
54	31	-0.0001481624959379702
31	35	-0.0001975162617771432
35	31	-0.0001975162617771432
31	32	-0.00019756350693741231
32	31	-0.00019756350693741231
31	5	-1.481415162941282e-08
5	31	-1.481415162941282e-08
31	6	-1.9759799173386018e-08
6	31	-1.9759799173386018e-08
31	52	-0.00014957208349467225
52	31	-0.00014957208349467225
31	36	-0.0001975202042880827
36	31	-0.0001975202042880827
31	7	-2.1993317419051335e-08
7	31	-2.1993317419051335e-08
31	33	-0.00019756120451895092
33	31	-0.00019756120451895092
31	8	-6.449853709421271e-09
8	31	-6.449853709421271e-09
31	9	-8.660580952579796e-09
9	31	-8.660580952579796e-09
31	53	-0.0001503036744881147
53	31	-0.0001503036744881147
31	37	-0.0001975210017929869
37	31	-0.0001975210017929869
31	10	-6.188318094414071e-05
10	31	-6.188318094414071e-05
31	38	-0.00014713930772664873
38	31	-0.00014713930772664873
31	11	-2.7942552340191034e-08
11	31	-2.7942552340191034e-08
31	12	-2.3429807345608795e-08
12	31	-2.3429807345608795e-08
31	13	-2.5686179842899916e-08
13	31	-2.5686179842899916e-08
31	39	-6.727153521752022e-05
39	31	-6.727153521752022e-05
31	14	-2.3434516617161092e-08
14	31	-2.3434516617161092e-08
31	40	-0.00014975265973444517
40	31	-0.00014975265973444517
31	15	-0.00014975315474514663
15	31	-0.00014975315474514663
31	16	-0.0001497545659249067
16	31	-0.0001497545659249067
31	17	-0.00019748987465924555
17	31	-0.00019748987465924555
31	41	-6.277342245670829e-05
41	31	-6.277342245670829e-05
31	42	-0.0001499638756912326
42	31	-0.0001499638756912326
31	18	-0.0001499643717218044
18	31	-0.0001499643717218044
31	19	-0.00014996578580321615
19	31	-0.00014996578580321615
31	20	-0.00019749969522022198
20	31	-0.00019749969522022198
31	43	-6.242767325687086e-05
43	31	-6.242767325687086e-05
31	21	-0.00019757212390947583
21	31	-0.00019757212390947583
31	49	-0.00014903979634074018
49	31	-0.00014903979634074018
31	22	-0.00014904028780841436
22	31	-0.00014904028780841436
31	51	-0.00014904168890714423
51	31	-0.00014904168890714423
31	23	-6.40247975270494e-05
23	31	-6.40247975270494e-05
31	45	-0.0001471423798411426
45	31	-0.0001471423798411426
31	24	-0.00014714286217978507
24	31	-0.00014714286217978507
31	25	-0.00014714423730430223
25	31	-0.00014714423730430223
31	26	-0.00019749452288779352
26	31	-0.00019749452288779352
31	27	-0.00019754447238693446
27	31	-0.00019754447238693446
31	46	-0.00014915691552409364
46	31	-0.00014915691552409364
31	28	-0.00014915740762004608
28	31	-0.00014915740762004608
31	29	-0.00014915881050669486
29	31	-0.00014915881050669486
31	30	-0.00019749942183311983
30	31	-0.00019749942183311983
31	47	-6.37956959478295e-05
47	31	-6.37956959478295e-05
2	14	-5.813474050515971e-10
14	2	-5.813474050515971e-10
2	21	-0.0001481732452521461
21	2	-0.0001481732452521461
3	33	-0.00014815984932802076
33	3	-0.00014815984932802076
3	14	-8.378244189208309e-10
14	3	-8.378244189208309e-10
3	21	-0.00014817354019898917
21	3	-0.00014817354019898917
54	33	-0.0001481612384467891
33	54	-0.0001481612384467891
54	14	-1.5730591817631845e-09
14	54	-1.5730591817631845e-09
54	21	-0.0001481743780200609
21	54	-0.0001481743780200609
35	4	-0.00019750010254627443
4	35	-0.00019750010254627443
35	7	-6.197890778657305e-09
7	35	-6.197890778657305e-09
35	33	-0.00019751771697624042
33	35	-0.00019751771697624042
35	39	-6.724204960797206e-05
39	35	-6.724204960797206e-05
35	14	-7.635790036249118e-09
14	35	-7.635790036249118e-09
35	21	-0.00019753189357275128
21	35	-0.00019753189357275128
4	32	-0.000197550056178822
32	4	-0.000197550056178822
4	36	-0.00019750404492299757
36	4	-0.00019750404492299757
4	33	-6.551589872557229e-05
33	4	-6.551589872557229e-05
4	37	-0.000197504842362657
37	4	-0.000197504842362657
4	14	-2.3436433848988268e-08
14	4	-2.3436433848988268e-08
4	17	-0.0001974737165132099
17	4	-0.0001974737165132099
4	20	-0.00019748353663989773
20	4	-0.00019748353663989773
4	21	-6.55013613239786e-05
21	4	-6.55013613239786e-05
4	44	-0.00019750578073392022
44	4	-0.00019750578073392022
4	26	-0.00019747836454605131
26	4	-0.00019747836454605131
4	27	-0.000197528310036825
27	4	-0.000197528310036825
4	30	-0.00019748326327516293
30	4	-0.00019748326327516293
32	6	-0.00014957253623545526
6	32	-0.00014957253623545526
32	7	-7.156692628560467e-09
7	32	-7.156692628560467e-09
32	33	-0.00019756767814927773
33	32	-0.00019756767814927773
32	11	-1.310577586449386e-08
11	32	-1.310577586449386e-08
32	12	-8.592830436372495e-09
12	32	-8.592830436372495e-09
32	13	-0.00019749579438159182
13	32	-0.00019749579438159182
32	39	-6.725968506476856e-05
39	32	-6.725968506476856e-05
32	14	-8.595203272373743e-09
14	32	-8.595203272373743e-09
32	21	-0.0001975550482303854
21	32	-0.0001975550482303854
5	33	-2.2792280302588346e-09
33	5	-2.2792280302588346e-09
5	14	-2.330205827922654e-09
14	5	-2.330205827922654e-09
5	21	-0.00014958172897853325
21	5	-0.00014958172897853325
6	33	-7.225152855920501e-09
33	6	-7.225152855920501e-09
6	14	-2.5891182651710186e-09
14	6	-2.5891182651710186e-09
6	21	-0.00014958202709472384
21	6	-0.00014958202709472384
52	33	-0.00014957088178385174
33	52	-0.00014957088178385174
52	14	-3.3313344961742898e-09
14	52	-3.3313344961742898e-09
52	21	-0.00014958287385439755
21	52	-0.00014958287385439755
36	7	-8.499384035431505e-09
7	36	-8.499384035431505e-09
36	39	-6.724490950500975e-05
39	36	-6.724490950500975e-05
36	14	-9.937890499917882e-09
14	36	-9.937890499917882e-09
36	21	-0.00019753353482741362
21	36	-0.00019753353482741362
7	33	-9.45879632557416e-09
33	7	-9.45879632557416e-09
7	37	-8.49941834457307e-09
37	7	-8.49941834457307e-09
7	14	-1.974985601937761e-07
14	7	-1.974985601937761e-07
7	21	-6.309330850873302e-05
21	7	-6.309330850873302e-05
7	44	-2.1030838133104818e-08
44	7	-2.1030838133104818e-08
33	8	-0.00015030058578163134
8	33	-0.00015030058578163134
33	9	-0.00015030108345840277
9	33	-0.00015030108345840277
33	53	-0.0001503025022235297
53	33	-0.0001503025022235297
33	10	-6.187411446589077e-05
10	33	-6.187411446589077e-05
33	38	-0.00014713801046068004
38	33	-0.00014713801046068004
33	11	-1.5408013415852734e-08
11	33	-1.5408013415852734e-08
33	12	-1.0895015403517168e-08
12	33	-1.0895015403517168e-08
33	13	-1.3151514409684955e-08
13	33	-1.3151514409684955e-08
33	39	-6.726277085013497e-05
39	33	-6.726277085013497e-05
33	14	-1.0897896987253707e-08
14	33	-1.0897896987253707e-08
33	40	-0.00014975146515845727
40	33	-0.00014975146515845727
33	15	-0.00014975196019109346
15	33	-0.00014975196019109346
33	16	-0.0001497533714334185
16	33	-0.0001497533714334185
33	17	-0.00019749132808646584
17	33	-0.00019749132808646584
33	41	-6.276440589196061e-05
41	33	-6.276440589196061e-05
33	42	-0.00014996268963361834
42	33	-0.00014996268963361834
33	18	-0.0001499631856862179
18	33	-0.0001499631856862179
33	19	-0.0001499645998304593
19	33	-0.0001499645998304593
33	20	-0.0001975011493096087
20	33	-0.0001975011493096087
33	43	-6.241863730687409e-05
43	33	-6.241863730687409e-05
33	21	-0.00019755044329836655
21	33	-0.00019755044329836655
33	49	-0.00014903588807076005
49	33	-0.00014903588807076005
33	22	-0.00014903618495411858
22	33	-0.00014903618495411858
33	51	-0.00014903702823685147
51	33	-0.00014903702823685147
33	44	-0.00019751181992985252
44	33	-0.00019751181992985252
33	23	-6.401585112361357e-05
23	33	-6.401585112361357e-05
33	45	-0.00014714108270813452
45	33	-0.00014714108270813452
33	24	-0.00014714156506757142
24	33	-0.00014714156506757142
33	25	-0.00014714294025140826
25	33	-0.00014714294025140826
33	26	-0.00019749597662753745
26	33	-0.00019749597662753745
33	27	-0.00019754592965728654
27	33	-0.00019754592965728654
33	46	-0.00014915569718038432
46	33	-0.00014915569718038432
33	28	-0.00014915618929800677
28	33	-0.00014915618929800677
33	29	-0.00014915759224646722
29	33	-0.00014915759224646722
33	30	-0.00019750087590314762
30	33	-0.00019750087590314762
33	47	-6.378673669927014e-05
47	33	-6.378673669927014e-05
3	55	-1.8790418437020857e-05
55	3	-1.8790418437020857e-05
8	14	-2.341604217779845e-09
14	8	-2.341604217779845e-09
8	21	-0.0001503134200772247
21	8	-0.0001503134200772247
9	14	-2.601783149445115e-09
14	9	-2.601783149445115e-09
9	21	-0.00015031371984438444
21	9	-0.00015031371984438444
53	14	-3.347630003441026e-09
14	53	-3.347630003441026e-09
53	21	-0.00015031457125994863
21	53	-0.00015031457125994863
37	39	-6.724518095759634e-05
39	37	-6.724518095759634e-05
37	14	-9.93793062775054e-09
14	37	-9.93793062775054e-09
37	21	-0.00019753433244061233
21	37	-0.00019753433244061233
10	14	-2.0143281241644937e-07
14	10	-2.0143281241644937e-07
10	21	-6.185977829751043e-05
21	10	-6.185977829751043e-05
38	14	-0.00014715806935341723
14	38	-0.00014715806935341723
38	21	-0.00014715220255241354
21	38	-0.00014715220255241354
11	14	-0.0001471585517626435
14	11	-0.0001471585517626435
11	21	-4.489956978878234e-09
21	11	-4.489956978878234e-09
11	27	-2.2335571512034128e-09
27	11	-2.2335571512034128e-09
12	21	-2.234296871863733e-09
21	12	-2.234296871863733e-09
13	21	-2.2335826595434893e-09
21	13	-2.2335826595434893e-09
39	14	-1.853078474968934e-07
14	39	-1.853078474968934e-07
39	17	-6.722441185783205e-05
17	39	-6.722441185783205e-05
39	20	-6.723072995538061e-05
20	39	-6.723072995538061e-05
39	21	-6.724813692204055e-05
21	39	-6.724813692204055e-05
39	44	-6.72537657471368e-05
44	39	-6.72537657471368e-05
39	26	-6.72274817016009e-05
26	39	-6.72274817016009e-05
39	27	-6.724511257489405e-05
27	39	-6.724511257489405e-05
39	30	-6.72306369105697e-05
30	39	-6.72306369105697e-05
14	40	-0.00014977203513671402
40	14	-0.00014977203513671402
14	15	-0.00014977253023105871
15	14	-0.00014977253023105871
14	16	-0.00014977394164873776
16	14	-0.00014977394164873776
14	41	-1.9857793375549538e-07
41	14	-1.9857793375549538e-07
14	42	-0.00014998330068379464
42	14	-0.00014998330068379464
14	18	-0.00014998379679831354
18	14	-0.00014998379679831354
14	19	-0.0001499852111185079
19	14	-0.0001499852111185079
14	20	-0.0001975284516222379
20	14	-0.0001975284516222379
14	43	-1.9967703805236575e-07
43	14	-1.9967703805236575e-07
14	49	-1.1780394653309566e-08
49	14	-1.1780394653309566e-08
14	22	-1.2038362643366034e-08
22	14	-1.2038362643366034e-08
14	51	-1.2777870960875739e-08
51	14	-1.2777870960875739e-08
14	44	-2.2471565561827588e-08
44	14	-2.2471565561827588e-08
14	23	-1.946991011161286e-07
23	14	-1.946991011161286e-07
14	45	-0.00014716114196930581
45	14	-0.00014716114196930581
14	24	-0.00014716162438784713
24	14	-0.00014716162438784713
14	25	-0.000147162999739642
25	14	-0.000147162999739642
14	26	-0.00019752553421328826
26	14	-0.00019752553421328826
14	27	-0.00019756776934296374
27	14	-0.00019756776934296374
14	46	-0.00014917614970775753
46	14	-0.00014917614970775753
14	28	-0.0001491766418864854
28	14	-0.0001491766418864854
14	29	-0.00014917804500858703
29	14	-0.00014917804500858703
14	30	-0.0001975281781615457
30	14	-0.0001975281781615457
14	47	-1.953978650033473e-07
47	14	-1.953978650033473e-07
40	21	-0.0001497660188496281
21	40	-0.0001497660188496281
15	21	-0.00014976651392592391
21	15	-0.00014976651392592391
16	21	-0.00014976792529231448
21	16	-0.00014976792529231448
17	21	-0.000197513159073382
21	17	-0.000197513159073382
41	21	-6.275002052895705e-05
21	41	-6.275002052895705e-05
42	21	-0.0001499772723836834
21	42	-0.0001499772723836834
18	21	-0.00014997776848009177
21	18	-0.00014997776848009177
19	21	-0.00014997918274882246
21	19	-0.00014997918274882246
43	21	-6.240427104992364e-05
21	43	-6.240427104992364e-05
21	49	-0.00014904412574818913
49	21	-0.00014904412574818913
21	22	-0.0001490444226336988
22	21	-0.0001490444226336988
21	51	-0.0001490452659221681
51	21	-0.0001490452659221681
21	44	-0.0001975227366437512
44	21	-0.0001975227366437512
21	23	-6.400139660979619e-05
23	21	-6.400139660979619e-05
21	45	-0.0001471552750605407
45	21	-0.0001471552750605407
21	24	-0.00014715575746179483
24	21	-0.00014715575746179483
21	25	-0.0001471571327644645
25	21	-0.0001471571327644645
21	26	-0.00019751780813577946
26	21	-0.00019751780813577946
21	27	-0.00019756776934296369
27	21	-0.00019756776934296369
21	46	-0.00014917016777359383
46	21	-0.00014917016777359383
21	28	-0.00014917065993444927
28	21	-0.00014917065993444927
21	29	-0.00014917206300576338
29	21	-0.00014917206300576338
21	47	-6.377229484557444e-05
47	21	-6.377229484557444e-05
