11	6	-0.0001783722586525374
6	11	-0.0001783722586525374
1	6	-1.6179041902620065e-05
6	1	-1.6179041902620065e-05
6	0	-1.6179041902620065e-05
0	6	-1.6179041902620065e-05
16	57	-0.00015877233106149463
57	16	-0.00015877233106149463
5	55	-4.424914895009039e-05
55	5	-4.424914895009039e-05
0	2	-1.9586557103830053e-05
2	0	-1.9586557103830053e-05
1	0	-1.3116832098458593e-05
0	1	-1.3116832098458593e-05
0	3	-0.00011529487701907426
3	0	-0.00011529487701907426
10	3	-0.00016656124926458087
3	10	-0.00016656124926458087
3	4	-0.00019098210286820096
4	3	-0.00019098210286820096
4	6	-0.0001714155415823226
6	4	-0.0001714155415823226
16	6	-6.673794829730443e-05
6	16	-6.673794829730443e-05
0	37	-1.7135771273508058e-07
37	0	-1.7135771273508058e-07
5	37	-1.9704419953384618e-07
37	5	-1.9704419953384618e-07
0	5	-1.1996798997072187e-06
5	0	-1.1996798997072187e-06
6	5	-0.000197522183860467
5	6	-0.000197522183860467
37	4	-2.038435636864606e-07
4	37	-2.038435636864606e-07
5	4	-4.2990421126352215e-05
4	5	-4.2990421126352215e-05
0	36	-0.00019374361695368868
36	0	-0.00019374361695368868
0	39	-1.7536976797283064e-07
39	0	-1.7536976797283064e-07
5	39	-2.0165766104771586e-07
39	5	-2.0165766104771586e-07
0	9	-0.00015251538486627908
9	0	-0.00015251538486627908
6	9	-0.00019752204713557943
9	6	-0.00019752204713557943
9	8	-0.0001908526090447948
8	9	-0.0001908526090447948
0	7	-1.7390401869762912e-05
7	0	-1.7390401869762912e-05
0	38	-0.00019488547349305854
38	0	-0.00019488547349305854
16	13	-0.00015876945362332736
13	16	-0.00015876945362332736
0	41	-1.811259725774224e-07
41	0	-1.811259725774224e-07
5	41	-2.0827671956898794e-07
41	5	-2.0827671956898794e-07
0	12	-0.00019508457398344928
12	0	-0.00019508457398344928
0	10	-0.00016281295632110244
10	0	-0.00016281295632110244
11	10	-0.0001975706537233329
10	11	-0.0001975706537233329
40	0	-0.0001964605415157348
0	40	-0.0001964605415157348
1	2	-1.9586557103830053e-05
2	1	-1.9586557103830053e-05
0	32	-1.1650262260432314e-08
32	0	-1.1650262260432314e-08
16	32	-0.0001587933788794589
32	16	-0.0001587933788794589
0	16	-1.6817043039910694e-07
16	0	-1.6817043039910694e-07
5	16	-1.93379144214444e-07
16	5	-1.93379144214444e-07
16	52	-0.00011851546033450161
52	16	-0.00011851546033450161
0	15	-0.00017981809211013331
15	0	-0.00017981809211013331
0	14	-0.00019107561885461206
14	0	-0.00019107561885461206
0	4	-2.955935241961334e-09
4	0	-2.955935241961334e-09
9	4	-0.0001656382029586221
4	9	-0.0001656382029586221
16	20	-0.00015876538418296818
20	16	-0.00015876538418296818
0	44	-1.7081865836367462e-07
44	0	-1.7081865836367462e-07
5	44	-1.964243410201934e-07
44	5	-1.964243410201934e-07
0	17	-0.00019358933746502948
17	0	-0.00019358933746502948
43	0	-0.00019358891379314878
0	43	-0.00019358891379314878
1	7	-1.7390401869762912e-05
7	1	-1.7390401869762912e-05
0	33	-0.00015246489477777504
33	0	-0.00015246489477777504
16	33	-0.00015878075811202785
33	16	-0.00015878075811202785
0	23	-1.72813231493246e-08
23	0	-1.72813231493246e-08
5	23	-2.5807991827223555e-08
23	5	-2.5807991827223555e-08
0	45	-0.00015250308194938406
45	0	-0.00015250308194938406
0	22	-0.0001951536576369824
22	0	-0.0001951536576369824
0	21	-0.00019515334827100762
21	0	-0.00019515334827100762
13	5	-0.00017732768517547323
5	13	-0.00017732768517547323
1	5	-1.807017848933998e-05
5	1	-1.807017848933998e-05
0	34	-8.595203272373743e-09
34	0	-8.595203272373743e-09
16	34	-0.00015878499234151728
34	16	-0.00015878499234151728
0	26	-1.7366106845652235e-07
26	0	-1.7366106845652235e-07
5	26	-1.9969282781633774e-07
26	5	-1.9969282781633774e-07
0	46	-7.635763608700457e-09
46	0	-7.635763608700457e-09
0	25	-0.0001926539556067146
25	0	-0.0001926539556067146
0	24	-0.0001926536480675112
24	0	-0.0001926536480675112
0	48	-1.8537714230009617e-07
48	0	-1.8537714230009617e-07
5	48	-2.1316513878115267e-07
48	5	-2.1316513878115267e-07
16	23	-0.00015880939718482064
23	16	-0.00015880939718482064
0	31	-1.7323544593449262e-07
31	0	-1.7323544593449262e-07
5	31	-1.9920340456355087e-07
31	5	-1.9920340456355087e-07
0	49	-1.6318884886248116e-08
49	0	-1.6318884886248116e-08
0	30	-7.3724001695056856e-09
30	0	-7.3724001695056856e-09
0	50	-7.115221567052128e-09
50	0	-7.115221567052128e-09
1	14	-0.00019107592514052958
14	1	-0.00019107592514052958
1	3	-0.00018439192225336933
3	1	-0.00018439192225336933
1	10	-0.00019467763140688747
10	1	-0.00019467763140688747
1	15	-0.00019107622974803203
15	1	-0.00019107622974803203
3	7	-0.00019641468431249565
7	3	-0.00019641468431249565
3	14	-0.00010656966521102848
14	3	-0.00010656966521102848
3	15	-0.00011856798202173896
15	3	-0.00011856798202173896
3	21	-0.00019613769513533946
21	3	-0.00019613769513533946
3	22	-0.00019613713277190115
22	3	-0.00019613713277190115
3	24	-0.00019688239457442384
24	3	-0.00019688239457442384
3	25	-0.0001968818312492726
25	3	-0.0001968818312492726
3	50	-0.00019699299775924315
50	3	-0.00019699299775924315
3	30	-0.00019699243432250635
30	3	-0.00019699243432250635
7	10	-0.0001959848055570431
10	7	-0.0001959848055570431
10	14	-0.00013227296945050485
14	10	-0.00013227296945050485
10	15	-0.00014533283225701038
15	10	-0.00014533283225701038
10	50	-0.00019539247106179533
50	10	-0.00019539247106179533
10	30	-0.00019539277910640994
30	10	-0.00019539277910640994
0	8	-0.00018896659418431608
8	0	-0.00018896659418431608
0	11	-0.00019467867985336284
11	0	-0.00019467867985336284
0	52	-5.036706526519942e-09
52	0	-5.036706526519942e-09
0	18	-0.00019359020602778586
18	0	-0.00019359020602778586
0	54	-0.00019515453428016585
54	0	-0.00019515453428016585
0	53	-0.00019265448404796556
53	0	-0.00019265448404796556
0	51	-8.109645816429091e-09
51	0	-8.109645816429091e-09
1	4	-2.6920117332870252e-09
4	1	-2.6920117332870252e-09
1	9	-0.0001710806795908503
9	1	-0.0001710806795908503
1	16	-0.00012253712582865932
16	1	-0.00012253712582865932
1	23	-4.91340516686456e-05
23	1	-4.91340516686456e-05
0	42	-1.066734218358343e-08
42	0	-1.066734218358343e-08
0	35	-1.7280375977952104e-08
35	0	-1.7280375977952104e-08
2	3	-0.00013462726759915143
3	2	-0.00013462726759915143
2	4	-3.7125165500356362e-09
4	2	-3.7125165500356362e-09
2	5	-4.424883571507926e-05
5	2	-4.424883571507926e-05
2	6	-0.00016320021105920902
6	2	-0.00016320021105920902
2	9	-0.00016840751092119638
9	2	-0.00016840751092119638
2	10	-0.00019467544428799054
10	2	-0.00019467544428799054
2	16	-0.00012253889882547398
16	2	-0.00012253889882547398
2	23	-4.913537376601484e-05
23	2	-4.913537376601484e-05
55	3	-0.00019197930711395777
3	55	-0.00019197930711395777
55	4	-3.958845720029229e-09
4	55	-3.958845720029229e-09
55	16	-0.00012253933055551432
16	55	-0.00012253933055551432
56	3	-0.00014819217688939553
3	56	-0.00014819217688939553
56	4	-5.1285121460091645e-09
4	56	-5.1285121460091645e-09
56	5	-0.00019756006660515826
5	56	-0.00019756006660515826
56	16	-0.00015873189591410713
16	56	-0.00015873189591410713
57	3	-0.0001481547759149728
3	57	-0.0001481547759149728
57	4	-6.087319028445061e-09
4	57	-6.087319028445061e-09
57	5	-0.00019750996859073362
5	57	-0.00019750996859073362
57	10	-0.000150235809926109
10	57	-0.000150235809926109
6	37	-6.549535259595426e-05
37	6	-6.549535259595426e-05
6	3	-0.00016613054045599128
3	6	-0.00016613054045599128
6	39	-6.399542214168421e-05
39	6	-6.399542214168421e-05
6	41	-6.195948967526557e-05
41	6	-6.195948967526557e-05
6	14	-0.00014746455397932174
14	6	-0.00014746455397932174
6	15	-0.00014746484731875217
15	6	-0.00014746484731875217
6	52	-0.0001474656806056758
52	6	-0.0001474656806056758
6	42	-0.00019754158068405547
42	6	-0.00019754158068405547
6	32	-0.00019753672032564958
32	6	-0.00019753672032564958
6	44	-6.570225055778286e-05
44	6	-6.570225055778286e-05
6	45	-0.00019753433241434247
45	6	-0.00019753433241434247
6	23	-6.365727000909434e-05
23	6	-6.365727000909434e-05
6	33	-0.0001975507168556857
33	6	-0.0001975507168556857
6	7	-0.0001838100279227126
7	6	-0.0001838100279227126
6	53	-0.0001486824875516697
53	6	-0.0001486824875516697
6	46	-0.00019753572299100765
46	6	-0.00019753572299100765
6	26	-6.462575667905956e-05
26	6	-6.462575667905956e-05
6	34	-0.0001975460208409342
34	6	-0.0001975460208409342
6	48	-6.0537049094339556e-05
48	6	-6.0537049094339556e-05
6	50	-0.00014859222979285154
50	6	-0.00014859222979285154
6	30	-0.00014859252565363777
30	6	-0.00014859252565363777
6	51	-0.00014859336605187317
51	6	-0.00014859336605187317
6	49	-0.0001975369334963586
49	6	-0.0001975369334963586
6	31	-6.478470208397172e-05
31	6	-6.478470208397172e-05
6	35	-0.0001975301342210306
35	6	-0.0001975301342210306
36	5	-4.298917308548791e-05
5	36	-4.298917308548791e-05
36	16	-0.00011906728305752613
16	36	-0.00011906728305752613
3	5	-4.2989496430379624e-05
5	3	-4.2989496430379624e-05
3	37	-4.9116531073990064e-05
37	3	-4.9116531073990064e-05
3	8	-0.00019641308137210566
8	3	-0.00019641308137210566
3	9	-0.00016053132594432638
9	3	-0.00016053132594432638
3	39	-4.799156895846895e-05
39	3	-4.799156895846895e-05
3	11	-0.00019483493024186798
11	3	-0.00019483493024186798
3	12	-0.00013653469232290542
12	3	-0.00013653469232290542
3	41	-4.646460023271224e-05
41	3	-4.646460023271224e-05
3	13	-0.0001305662988324494
13	3	-0.0001305662988324494
3	52	-0.00019663244425472418
52	3	-0.00019663244425472418
3	42	-0.00014817637453137878
42	3	-0.00014817637453137878
3	16	-5.0048489675769774e-05
16	3	-5.0048489675769774e-05
3	32	-0.00014813945825656983
32	3	-0.00014813945825656983
3	19	-0.00014819704570003702
19	3	-0.00014819704570003702
3	44	-4.927170651440671e-05
44	3	-4.927170651440671e-05
3	20	-2.2335571512034128e-09
20	3	-2.2335571512034128e-09
3	54	-0.00019613553093007977
54	3	-0.00019613553093007977
3	45	-0.0001481857352419895
45	3	-0.0001481857352419895
3	23	-2.0972322905882627e-07
23	3	-2.0972322905882627e-07
3	33	-0.00014814864270521597
33	3	-0.00014814864270521597
3	53	-0.00019688022665046405
53	3	-0.00019688022665046405
3	46	-0.0001481833714996563
46	3	-0.0001481833714996563
3	26	-4.846432586038604e-05
26	3	-4.846432586038604e-05
3	34	-0.00014814556122342255
34	3	-0.00014814556122342255
3	29	-0.00014819713118943185
29	3	-0.00014819713118943185
3	48	-4.5397756259669274e-05
48	3	-4.5397756259669274e-05
3	51	-0.0001969908294032381
51	3	-0.0001969908294032381
3	49	-0.00014817405383311274
49	3	-0.00014817405383311274
3	31	-4.858353642675151e-05
31	3	-4.858353642675151e-05
3	35	-0.00014813645089070581
35	3	-0.00014813645089070581
4	7	-0.0001964155555325255
7	4	-0.0001964155555325255
4	8	-0.00019641468351104055
8	4	-0.00019641468351104055
4	39	-2.0861622097930312e-07
39	4	-2.0861622097930312e-07
4	10	-0.00017185995224568417
10	4	-0.00017185995224568417
4	11	-0.00019483652538801005
11	4	-0.00019483652538801005
4	12	-3.5329725883796866e-09
12	4	-3.5329725883796866e-09
4	41	-2.1546368200793176e-07
41	4	-2.1546368200793176e-07
4	13	-4.49139269139954e-09
13	4	-4.49139269139954e-09
4	14	-7.4189255578610195e-09
14	4	-7.4189255578610195e-09
4	15	-7.674165805275582e-09
15	4	-7.674165805275582e-09
4	52	-8.405854811151529e-09
52	4	-8.405854811151529e-09
4	42	-1.677599112631924e-08
42	4	-1.677599112631924e-08
4	16	-2.000520390479156e-07
16	4	-2.000520390479156e-07
4	32	-1.776038023654946e-08
32	4	-1.776038023654946e-08
4	19	-0.00014819843498754164
19	4	-0.00014819843498754164
4	44	-2.0320231584103662e-07
44	4	-2.0320231584103662e-07
4	20	-2.234296871863733e-09
20	4	-2.234296871863733e-09
4	21	-2.2388777726904933e-09
21	4	-2.2388777726904933e-09
4	22	-2.4972104764219876e-09
22	4	-2.4972104764219876e-09
4	54	-3.2377648065971236e-09
54	4	-3.2377648065971236e-09
4	45	-9.801176898947816e-09
45	4	-9.801176898947816e-09
4	23	-2.806505118313798e-08
23	4	-2.806505118313798e-08
4	33	-1.0761103301221236e-08
33	4	-1.0761103301221236e-08
4	24	-3.98035298320115e-09
24	4	-3.98035298320115e-09
4	25	-4.237704495573457e-09
25	4	-4.237704495573457e-09
4	53	-4.975445981612601e-09
53	4	-4.975445981612601e-09
4	46	-1.2148841801305509e-08
46	4	-1.2148841801305509e-08
4	26	-2.0658358764687708e-07
26	4	-2.0658358764687708e-07
4	34	-1.3109394911445366e-08
34	4	-1.3109394911445366e-08
4	29	-0.0001481985204773138
29	4	-0.0001481985204773138
4	48	-2.2052078490849117e-07
48	4	-2.2052078490849117e-07
4	50	-1.522485964227058e-08
50	4	-1.522485964227058e-08
4	30	-1.548204035596194e-08
30	4	-1.548204035596194e-08
4	51	-1.6219291632858183e-08
51	4	-1.6219291632858183e-08
4	49	-2.709937727618577e-08
49	4	-2.709937727618577e-08
4	31	-2.0607727596536037e-07
31	4	-2.0607727596536037e-07
4	35	-2.8063512966832505e-08
35	4	-2.8063512966832505e-08
5	38	-4.324245772347072e-05
38	5	-4.324245772347072e-05
5	7	-4.324278337021878e-05
7	5	-4.324278337021878e-05
5	8	-4.3243714638544724e-05
8	5	-4.3243714638544724e-05
5	9	-0.00019757214672280334
9	5	-0.00019757214672280334
5	40	-4.359526268655899e-05
40	5	-4.359526268655899e-05
5	10	-4.359562211830229e-05
10	5	-4.359562211830229e-05
5	11	-4.359656249009469e-05
11	5	-4.359656249009469e-05
5	12	-0.00018460074456744827
12	5	-0.00018460074456744827
5	14	-4.2797805722561285e-05
14	5	-4.2797805722561285e-05
5	15	-4.279812723167154e-05
15	5	-4.279812723167154e-05
5	52	-4.279904668552253e-05
52	5	-4.279904668552253e-05
5	42	-1.4519437972099671e-08
42	5	-1.4519437972099671e-08
5	32	-1.550328441701365e-08
32	5	-1.550328441701365e-08
5	43	-4.2956540337938164e-05
43	5	-4.2956540337938164e-05
5	17	-4.295688936839462e-05
17	5	-4.295688936839462e-05
5	18	-4.295781318286282e-05
18	5	-4.295781318286282e-05
5	21	-4.3310016039725e-05
21	5	-4.3310016039725e-05
5	22	-4.331034223975073e-05
22	5	-4.331034223975073e-05
5	54	-4.331127508752252e-05
54	5	-4.331127508752252e-05
5	45	-0.00019755031185662449
45	5	-0.00019755031185662449
5	33	-0.00019750062533082242
33	5	-0.00019750062533082242
5	24	-4.314761685615752e-05
24	5	-4.314761685615752e-05
5	25	-4.314794156607794e-05
25	5	-4.314794156607794e-05
5	53	-4.3148870159210014e-05
53	5	-4.3148870159210014e-05
5	46	-0.00019754657425055978
46	5	-0.00019754657425055978
5	34	-0.00019749593107922355
34	5	-0.00019749593107922355
5	47	-4.384017102653405e-05
47	5	-4.384017102653405e-05
5	27	-4.3840529185650277e-05
27	5	-4.3840529185650277e-05
5	28	-4.384147597937909e-05
28	5	-4.384147597937909e-05
5	50	-1.352749353350393e-08
50	5	-1.352749353350393e-08
5	30	-1.3784673805308305e-08
30	5	-1.3784673805308305e-08
5	51	-1.4521923903838141e-08
51	5	-1.4521923903838141e-08
5	49	-2.4842995148059286e-08
49	5	-2.4842995148059286e-08
5	35	-2.5806577317997074e-08
35	5	-2.5806577317997074e-08
6	8	-0.00018495128813990987
8	6	-0.00018495128813990987
6	10	-0.00019710346789510673
10	6	-0.00019710346789510673
6	12	-0.00019752751730133205
12	6	-0.00019752751730133205
6	13	-0.00019756325530603295
13	6	-0.00019756325530603295
6	20	-0.00019756776934296374
20	6	-0.00019756776934296374
38	16	-0.00011976880652309383
16	38	-0.00011976880652309383
7	9	-0.00018967493414324794
9	7	-0.00018967493414324794
7	16	-0.0001197692520458959
16	7	-0.0001197692520458959
7	23	-4.8019221634564836e-05
23	7	-4.8019221634564836e-05
8	10	-0.000195986415215295
10	8	-0.000195986415215295
8	16	-0.00011977052296508095
16	8	-0.00011977052296508095
8	23	-0.0001490026289417219
23	8	-0.0001490026289417219
9	10	-0.0001910088652520708
10	9	-0.0001910088652520708
9	11	-0.00018406365961234837
11	9	-0.00018406365961234837
9	12	-0.0001975632575140812
12	9	-0.0001975632575140812
9	13	-0.0001975130223578643
13	9	-0.0001975130223578643
9	14	-0.00013681811356205795
14	9	-0.00013681811356205795
9	15	-0.00014750163567012913
15	9	-0.00014750163567012913
9	52	-0.0001475024689823999
52	9	-0.0001475024689823999
9	42	-0.00019753595411376113
42	9	-0.00019753595411376113
9	16	-0.00015872077385102446
16	9	-0.00015872077385102446
9	32	-0.00019748649736782255
32	9	-0.00019748649736782255
9	45	-0.00019755017511906568
45	9	-0.00019755017511906568
9	23	-6.364044088251261e-05
23	9	-6.364044088251261e-05
9	33	-0.00019750048862831728
33	9	-0.00019750048862831728
9	46	-0.00019754643751721272
46	9	-0.00019754643751721272
9	34	-0.00019749579438159182
34	9	-0.00019749579438159182
9	50	-0.00014862929752544902
50	9	-0.00014862929752544902
9	30	-0.00014862959339588536
30	9	-0.00014862959339588536
9	51	-0.00014863043381985438
51	9	-0.00014863043381985438
9	49	-0.00019753028126916596
49	9	-0.00019753028126916596
9	35	-0.0001974799155242361
35	9	-0.0001974799155242361
40	16	-0.00012073989838627402
16	40	-0.00012073989838627402
10	12	-0.00016488913963905974
12	10	-0.00016488913963905974
10	13	-0.00015839269506351592
13	10	-0.00015839269506351592
10	52	-0.00019391321828691836
52	10	-0.00019391321828691836
10	42	-0.0001502576257686608
42	10	-0.0001502576257686608
10	16	-0.00012074043378171153
16	10	-0.00012074043378171153
10	32	-0.00015022018398061894
32	10	-0.00015022018398061894
10	45	-0.00015026717362941438
45	10	-0.00015026717362941438
10	23	-4.8410662917924065e-05
23	10	-4.8410662917924065e-05
10	33	-0.0001502295532754826
33	10	-0.0001502295532754826
10	53	-0.00019551438755490674
53	10	-0.00019551438755490674
10	46	-0.00015026475792815532
46	10	-0.00015026475792815532
10	34	-0.00015022640977500708
34	10	-0.00015022640977500708
10	51	-0.0001953936519948853
51	10	-0.0001953936519948853
10	49	-0.00015025518980312812
49	10	-0.00015025518980312812
10	35	-0.00015021705192292388
35	10	-0.00015021705192292388
11	16	-0.0001207417193153895
16	11	-0.0001207417193153895
11	23	-0.00015021023501579845
23	11	-0.00015021023501579845
12	16	-0.00015872890968376401
16	12	-0.00015872890968376401
12	23	-0.00019747811296171093
23	12	-0.00019747811296171093
13	23	-0.0001975283323561219
23	13	-0.0001975283323561219
14	16	-0.00011851376952555578
16	14	-0.00011851376952555578
15	16	-0.00011851420838527712
16	15	-0.00011851420838527712
15	23	-0.0001474363615762009
23	15	-0.0001474363615762009
42	16	-0.00015875344430599968
16	42	-0.00015875344430599968
16	43	-0.00011897390766048532
43	16	-0.00011897390766048532
16	17	-0.00011897442097819335
17	16	-0.00011897442097819335
16	18	-0.00011897567994085672
18	16	-0.00011897567994085672
16	19	-0.0001587251529063254
19	16	-0.0001587251529063254
16	21	-0.00011994148032657141
21	16	-0.00011994148032657141
16	22	-0.00011994192673219757
22	16	-0.00011994192673219757
16	54	-0.00011994320016455188
54	16	-0.00011994320016455188
16	45	-0.00015874064945024653
45	16	-0.00015874064945024653
16	24	-0.00011948864125296302
24	16	-0.00011948864125296302
16	25	-0.00011948908525903057
25	16	-0.00011948908525903057
16	53	-0.00011949035185993771
53	16	-0.00011949035185993771
16	46	-0.00015874411321200962
46	16	-0.00015874411321200962
16	47	-0.00012142124152685189
47	16	-0.00012142124152685189
16	27	-0.00012142177080163324
27	16	-0.00012142177080163324
16	28	-0.00012142306667365957
28	16	-0.00012142306667365957
16	29	-0.00015872506138108833
29	16	-0.00015872506138108833
16	50	-0.00011942604198822459
50	16	-0.00011942604198822459
16	30	-0.00011942648562213343
30	16	-0.00011942648562213343
16	51	-0.00011942775116327963
51	16	-0.00011942775116327963
16	49	-0.0001587600314452472
49	16	-0.0001587600314452472
16	35	-0.00015880069499487067
35	16	-0.00015880069499487067
20	23	-0.00019752381925664368
23	20	-0.00019752381925664368
