1	6	-0.00015247704013545104
6	1	-0.00015247704013545104
6	0	-0.0001838100279227126
0	6	-0.0001838100279227126
0	2	-4.390495188511839e-05
2	0	-4.390495188511839e-05
1	0	-3.9514456696606546e-05
0	1	-3.9514456696606546e-05
0	3	-0.00019689198750657468
3	0	-0.00019689198750657468
16	6	-0.00015876131483555443
6	16	-0.00015876131483555443
0	5	-4.424787842564915e-05
5	0	-4.424787842564915e-05
0	7	-0.00019488578237735174
7	0	-0.00019488578237735174
1	2	-0.00014347432999033363
2	1	-0.00014347432999033363
5	16	-0.00016972691667497462
16	5	-0.00016972691667497462
0	4	-0.0001961463915675156
4	0	-0.0001961463915675156
16	20	-0.00015876538418296818
20	16	-0.00015876538418296818
1	7	-0.00019311340056424228
7	1	-0.00019311340056424228
1	5	-1.807017848933998e-05
5	1	-1.807017848933998e-05
