1	4	-0.00015880576558886691
4	1	-0.00015880576558886691
2	1	-0.00011908312485053006
1	2	-0.00011908312485053006
13	1	-0.00015947994090918308
1	13	-0.00015947994090918308
1	0	-0.00013171485565535503
0	1	-0.00013171485565535503
0	5	-1.807017848933998e-05
5	0	-1.807017848933998e-05
13	4	-0.0001729434269101961
4	13	-0.0001729434269101961
0	3	-1.8790418437020857e-05
3	0	-1.8790418437020857e-05
1	33	-0.00015878914445067096
33	1	-0.00015878914445067096
13	7	-0.00017953689907851302
7	13	-0.00017953689907851302
0	11	-0.00019508053542619902
11	0	-0.00019508053542619902
1	14	-0.00015876131483555443
14	1	-0.00015876131483555443
13	39	-0.00016845579204157282
39	13	-0.00016845579204157282
0	13	-0.0001508381114872434
13	0	-0.0001508381114872434
0	12	-0.0001941251625732148
12	0	-0.0001941251625732148
1	12	-0.00011826215881957294
12	1	-0.00011826215881957294
1	21	-0.00015876945362332736
21	1	-0.00015876945362332736
2	12	-0.0001706111559896801
12	2	-0.0001706111559896801
2	13	-0.00014821359760143794
13	2	-0.00014821359760143794
3	13	-0.0001482138925587576
13	3	-0.0001482138925587576
8	13	-0.00015035435478799478
13	8	-0.00015035435478799478
1	3	-1.8790418437020857e-05
3	1	-1.8790418437020857e-05
1	5	-1.807017848933998e-05
5	1	-1.807017848933998e-05
1	8	-0.0001626475277457415
8	1	-0.0001626475277457415
1	11	-0.0001545629324538704
11	1	-0.0001545629324538704
2	7	-0.00017647558202636977
7	2	-0.00017647558202636977
4	12	-2.038435636864606e-07
12	4	-2.038435636864606e-07
1	31	-0.0001587927773606635
31	1	-0.0001587927773606635
