0	1	-0.00011529487701907426
1	0	-0.00011529487701907426
4	0	-1.3116832098458593e-05
0	4	-1.3116832098458593e-05
1	3	-3.9514456696606546e-05
3	1	-3.9514456696606546e-05
9	3	-0.00015876131483555443
3	9	-0.00015876131483555443
0	2	-1.9586557103830053e-05
2	0	-1.9586557103830053e-05
2	1	-3.292871391383878e-05
1	2	-3.292871391383878e-05
37	2	-0.00019700782888581355
2	37	-0.00019700782888581355
0	3	-1.7390401869762912e-05
3	0	-1.7390401869762912e-05
1	9	-0.0001210755754153712
9	1	-0.0001210755754153712
2	9	-0.00018151707800039923
9	2	-0.00018151707800039923
1	13	-2.560169971509919e-08
13	1	-2.560169971509919e-08
9	13	-0.00015879810521195545
13	9	-0.00015879810521195545
1	11	-2.0597913099309826e-07
11	1	-2.0597913099309826e-07
2	11	-0.00019209955003392
11	2	-0.00019209955003392
47	2	-0.00019716037758468814
2	47	-0.00019716037758468814
2	13	-0.00017722943745243904
13	2	-0.00017722943745243904
0	5	-1.6179041902620065e-05
5	0	-1.6179041902620065e-05
5	1	-1.6179041902620065e-05
1	5	-1.6179041902620065e-05
9	31	-0.00015877233106149463
31	9	-0.00015877233106149463
2	18	-0.00019392850539079104
18	2	-0.00019392850539079104
8	2	-0.00019449154202387178
2	8	-0.00019449154202387178
2	34	-0.00019711620522190054
34	2	-0.00019711620522190054
44	2	-0.00019711470030907792
2	44	-0.00019711470030907792
35	2	-0.00019577735205454234
2	35	-0.00019577735205454234
2	7	-0.00016847689990140953
7	2	-0.00016847689990140953
2	48	-0.00019332227975192727
48	2	-0.00019332227975192727
2	21	-0.00019570567992351846
21	2	-0.00019570567992351846
2	45	-0.00019083191359640228
45	2	-0.00019083191359640228
2	12	-0.00019332258829228048
12	2	-0.00019332258829228048
2	19	-0.0001939289834803854
19	2	-0.0001939289834803854
2	22	-0.00019570611275978106
22	2	-0.00019570611275978106
2	24	-0.0001908323487313327
24	2	-0.0001908323487313327
4	2	-0.00016281295632110244
2	4	-0.00016281295632110244
2	26	-0.00019711501527923828
26	2	-0.00019711501527923828
10	2	-0.00019716069327307194
2	10	-0.00019716069327307194
1	4	-0.00016281295632110244
4	1	-0.00016281295632110244
1	40	-2.4635439658972273e-08
40	1	-2.4635439658972273e-08
2	5	-0.00016320021105920902
5	2	-0.00016320021105920902
2	52	-0.00019489879334289704
52	2	-0.00019489879334289704
2	49	-0.00019716158774264102
49	2	-0.00019716158774264102
2	50	-0.00019332346267579784
50	2	-0.00019332346267579784
2	53	-0.00019392985926725088
53	2	-0.00019392985926725088
2	51	-0.0001957069977826746
51	2	-0.0001957069977826746
2	46	-0.00019083321013158044
46	2	-0.00019083321013158044
2	54	-0.0001971159077158196
54	2	-0.0001971159077158196
0	9	-0.00012107428479260368
9	0	-0.00012107428479260368
4	9	-0.00016488913963905974
9	4	-0.00016488913963905974
5	9	-0.00012183631056891004
9	5	-0.00012183631056891004
7	9	-0.00016635554169793927
9	7	-0.00016635554169793927
1	29	-2.5598911305855783e-08
29	1	-2.5598911305855783e-08
9	6	-0.00018307224762334446
6	9	-0.00018307224762334446
9	40	-0.00015873994009197917
40	9	-0.00015873994009197917
9	29	-0.00015878081388116046
29	9	-0.00015878081388116046
