0	7	-1.6179041902620065e-05
7	0	-1.6179041902620065e-05
0	1	-0.00013171485565535503
1	0	-0.00013171485565535503
1	2	-0.00012156020447763215
2	1	-0.00012156020447763215
5	2	-0.0001879523340999074
2	5	-0.0001879523340999074
1	6	-1.676581701387706e-05
6	1	-1.676581701387706e-05
2	6	-0.00015876538418296818
6	2	-0.00015876538418296818
0	5	-1.7390401869762912e-05
5	0	-1.7390401869762912e-05
0	6	-1.676581701387706e-05
6	0	-1.676581701387706e-05
2	33	-0.00015877656509072282
33	2	-0.00015877656509072282
5	9	-0.00017666408378939932
9	5	-0.00017666408378939932
2	34	-0.00015878075811202785
34	2	-0.00015878075811202785
2	19	-0.00015876131483555443
19	2	-0.00015876131483555443
0	2	-0.00012156065949475625
2	0	-0.00012156065949475625
3	2	-0.0001545629324538704
2	3	-0.0001545629324538704
0	4	-0.00019313012786200962
4	0	-0.00019313012786200962
1	5	-1.7390401869762912e-05
5	1	-1.7390401869762912e-05
4	2	-0.00011882596234345722
2	4	-0.00011882596234345722
4	9	-0.00016488913963905974
9	4	-0.00016488913963905974
