2	5	-1.890122902253233e-07
5	2	-1.890122902253233e-07
1	5	-1.676581701387706e-05
5	1	-1.676581701387706e-05
5	0	-1.1130832872283525e-06
0	5	-1.1130832872283525e-06
1	0	-1.3116832098458593e-05
0	1	-1.3116832098458593e-05
0	29	-2.3254926625520464e-09
29	0	-2.3254926625520464e-09
2	29	-6.180701834034557e-05
29	2	-6.180701834034557e-05
0	2	-1.7410776795035825e-07
2	0	-1.7410776795035825e-07
0	35	-0.00015037332530744253
35	0	-0.00015037332530744253
29	35	-0.00019752257124867645
35	29	-0.00019752257124867645
2	52	-0.00012082506537687191
52	2	-0.00012082506537687191
0	3	-7.284797117599039e-10
3	0	-7.284797117599039e-10
1	3	-4.683076461071971e-10
3	1	-4.683076461071971e-10
3	4	-0.00013462726759915143
4	3	-0.00013462726759915143
4	6	-0.00014716014212127029
6	4	-0.00014716014212127029
2	6	-6.179591766909199e-05
6	2	-6.179591766909199e-05
0	20	-1.463731300805786e-07
20	0	-1.463731300805786e-07
5	20	-1.7372017559932853e-07
20	5	-1.7372017559932853e-07
6	5	-0.00018331090386541934
5	6	-0.00018331090386541934
20	4	-1.463610874899233e-07
4	20	-1.463610874899233e-07
5	4	-4.269917499473466e-05
4	5	-4.269917499473466e-05
0	36	-0.0001933908003694599
36	0	-0.0001933908003694599
10	6	-0.00014745455081375153
6	10	-0.00014745455081375153
1	6	-1.807017848933998e-05
6	1	-1.807017848933998e-05
6	0	-1.807017848933998e-05
0	6	-1.807017848933998e-05
0	30	-4.650985325104093e-09
30	0	-4.650985325104093e-09
2	30	-0.00015878499234151728
30	2	-0.00015878499234151728
0	9	-7.819575246909191e-09
9	0	-7.819575246909191e-09
5	9	-1.7139662311053714e-08
9	5	-1.7139662311053714e-08
0	37	-3.6925338570999665e-09
37	0	-3.6925338570999665e-09
9	50	-0.0001495635919600655
50	9	-0.0001495635919600655
0	8	-1.6179041902620065e-05
8	0	-1.6179041902620065e-05
50	8	-0.00019757066097005375
8	50	-0.00019757066097005375
0	7	-1.7390401869762912e-05
7	0	-1.7390401869762912e-05
8	7	-0.00019757171387616829
7	8	-0.00019757171387616829
12	8	-5.053617020160135e-05
8	12	-5.053617020160135e-05
1	8	-1.6179041902620065e-05
8	1	-1.6179041902620065e-05
2	31	-0.00015877233106149463
31	2	-0.00015877233106149463
0	12	-1.6122792365317189e-07
12	0	-1.6122792365317189e-07
5	12	-1.7503102393435458e-07
12	5	-1.7503102393435458e-07
0	11	-0.00016635554169793927
11	0	-0.00016635554169793927
0	10	-0.00017317858082889072
10	0	-0.00017317858082889072
11	10	-0.00019757172196097834
10	11	-0.00019757172196097834
11	7	-0.00019475818852851543
7	11	-0.00019475818852851543
1	7	-1.7390401869762912e-05
7	1	-1.7390401869762912e-05
0	32	-2.3026937148799642e-09
32	0	-2.3026937148799642e-09
2	32	-0.00015878075811202785
32	2	-0.00015878075811202785
0	15	-1.7028920488283126e-07
15	0	-1.7028920488283126e-07
5	15	-1.8486720142297387e-07
15	5	-1.8486720142297387e-07
0	39	-1.3448117133882612e-09
39	0	-1.3448117133882612e-09
0	14	-0.0001964938021096066
14	0	-0.0001964938021096066
0	13	-0.00018874071136420575
13	0	-0.00018874071136420575
2	9	-1.0757873152682655e-08
9	2	-1.0757873152682655e-08
9	33	-6.31105404432884e-05
33	9	-6.31105404432884e-05
1	33	-1.964465445086597e-08
33	1	-1.964465445086597e-08
0	17	-1.687334632086667e-07
17	0	-1.687334632086667e-07
5	17	-1.831784234461411e-07
17	5	-1.831784234461411e-07
1	40	-1.8682893613478437e-08
40	1	-1.8682893613478437e-08
33	40	-0.0001975227163117457
40	33	-0.0001975227163117457
0	16	-3.7867667569350636e-09
16	0	-3.7867667569350636e-09
0	45	-3.5285771921836025e-09
45	0	-3.5285771921836025e-09
13	4	-2.2430612241100243e-09
4	13	-2.2430612241100243e-09
1	4	-4.68428588869192e-10
4	1	-4.68428588869192e-10
4	0	-7.286668857534939e-10
0	4	-7.286668857534939e-10
0	34	-6.97647798765614e-09
34	0	-6.97647798765614e-09
2	34	-2.9174465445842263e-09
34	2	-2.9174465445842263e-09
0	41	-5.99464495751927e-09
41	0	-5.99464495751927e-09
20	49	-5.010236980785146e-05
49	20	-5.010236980785146e-05
0	19	-1.358602110945884e-09
19	0	-1.358602110945884e-09
0	18	-1.1038639304922946e-09
18	0	-1.1038639304922946e-09
0	43	-1.6982768020436187e-07
43	0	-1.6982768020436187e-07
5	43	-1.8436621061760758e-07
43	5	-1.8436621061760758e-07
6	23	-0.00019752284470009212
23	6	-0.00019752284470009212
0	21	-0.00019635288221489752
21	0	-0.00019635288221489752
0	42	-0.00019635257216627013
42	0	-0.00019635257216627013
1	54	-1.5266542864478217e-09
54	1	-1.5266542864478217e-09
29	54	-0.0001975228447000921
54	29	-0.0001975228447000921
5	53	-4.4200050995519314e-05
53	5	-4.4200050995519314e-05
0	26	-0.00019503071916881918
26	0	-0.00019503071916881918
0	25	-0.000195032340365518
25	0	-0.000195032340365518
24	2	-0.00012239796036534622
2	24	-0.00012239796036534622
0	28	-1.6376682597431253e-07
28	0	-1.6376682597431253e-07
5	28	-1.7778705555609147e-07
28	5	-1.7778705555609147e-07
0	44	-1.1508708832689958e-08
44	0	-1.1508708832689958e-08
33	44	-0.0001975219188824347
44	33	-0.0001975219188824347
0	27	-3.7581425336009975e-09
27	0	-3.7581425336009975e-09
0	46	-3.5019046343301456e-09
46	0	-3.5019046343301456e-09
1	10	-0.00015839269506351592
10	1	-0.00015839269506351592
1	13	-0.00014533283225701038
13	1	-0.00014533283225701038
1	45	-8.948642817794413e-09
45	1	-8.948642817794413e-09
1	18	-2.971232629495614e-09
18	1	-2.971232629495614e-09
1	2	-0.00012082332752674035
2	1	-0.00012082332752674035
1	46	-8.881014126985657e-09
46	1	-8.881014126985657e-09
36	2	-0.00011826064569336234
2	36	-0.00011826064569336234
7	10	-0.00019475763138299934
10	7	-0.00019475763138299934
7	13	-0.0001974941393769424
13	7	-0.0001974941393769424
7	45	-0.00019702927848458466
45	7	-0.00019702927848458466
7	2	-4.6793886506898235e-05
2	7	-4.6793886506898235e-05
7	46	-0.000195539931775422
46	7	-0.000195539931775422
10	13	-0.0001948346700444756
13	10	-0.0001948346700444756
10	2	-0.00011849956669376916
2	10	-0.00011849956669376916
13	2	-0.00012016553649795138
2	13	-0.00012016553649795138
45	2	-2.237160704448605e-09
2	45	-2.237160704448605e-09
18	2	-0.00011828146017814756
2	18	-0.00011828146017814756
42	2	-0.00012007124065503832
2	42	-0.00012007124065503832
2	46	-2.220253531746416e-09
46	2	-2.220253531746416e-09
1	11	-0.00016488913963905974
11	1	-0.00016488913963905974
1	16	-9.206791179958931e-09
16	1	-9.206791179958931e-09
1	19	-3.2259147019942447e-09
19	1	-3.2259147019942447e-09
1	25	-1.581286403055244e-10
25	1	-1.581286403055244e-10
1	27	-9.137211444176228e-09
27	1	-9.137211444176228e-09
3	7	-4.003557142888898e-09
7	3	-4.003557142888898e-09
3	8	-4.2624145215486656e-09
8	3	-4.2624145215486656e-09
3	10	-0.0001305662988324494
10	3	-0.0001305662988324494
3	11	-0.00013653469232290542
11	3	-0.00013653469232290542
3	13	-2.2425054252525963e-09
13	3	-2.2425054252525963e-09
3	14	-2.501259982174731e-09
14	3	-2.501259982174731e-09
3	45	-1.3440457632830077e-08
45	3	-1.3440457632830077e-08
3	16	-1.3698618501611766e-08
16	3	-1.3698618501611766e-08
3	18	-7.402768452506772e-09
18	3	-7.402768452506772e-09
3	19	-7.657462698504504e-09
19	3	-7.657462698504504e-09
3	2	-2.160333843129863e-07
2	3	-2.160333843129863e-07
3	24	-4.497971323976391e-09
24	3	-4.497971323976391e-09
3	25	-4.743961724647701e-09
25	3	-4.743961724647701e-09
3	46	-1.3338880257808828e-08
46	3	-1.3338880257808828e-08
3	27	-1.3595089893287543e-08
27	3	-1.3595089893287543e-08
7	16	-0.00019702958816903525
16	7	-0.00019702958816903525
7	27	-0.00019554023873264844
27	7	-0.00019554023873264844
8	10	-0.00019475707351185415
10	8	-0.00019475707351185415
8	11	-0.00019475763065578567
11	8	-0.00019475763065578567
8	13	-0.0001974935700926615
13	8	-0.0001974935700926615
8	45	-0.00019702896865829463
45	8	-0.00019702896865829463
8	16	-0.00019702927834266425
16	8	-0.00019702927834266425
8	18	-0.00019438977584133524
18	8	-0.00019438977584133524
8	19	-0.00019439008070614317
19	8	-0.00019439008070614317
8	2	-4.679421892689443e-05
2	8	-4.679421892689443e-05
8	25	-0.0001940459524913245
25	8	-0.0001940459524913245
8	46	-0.00019553962429111267
46	8	-0.00019553962429111267
8	27	-0.00019553993124825933
27	8	-0.00019553993124825933
11	13	-0.00019483522731431272
13	11	-0.00019483522731431272
11	45	-0.00019528574057539426
45	11	-0.00019528574057539426
11	16	-0.00019528518204756174
16	11	-0.00019528518204756174
11	2	-0.00011850000551107438
2	11	-0.00011850000551107438
11	46	-0.00019677326020335818
46	11	-0.00019677326020335818
11	27	-0.0001967726997539854
27	11	-0.0001967726997539854
14	2	-0.00012016598408960035
2	14	-0.00012016598408960035
16	2	-2.4952985441010233e-09
2	16	-2.4952985441010233e-09
19	2	-0.000118281897818274
2	19	-0.000118281897818274
21	2	-0.00012007168777780339
2	21	-0.00012007168777780339
2	27	-2.4764404848701973e-09
27	2	-2.4764404848701973e-09
0	50	-0.00019657034273281576
50	0	-0.00019657034273281576
0	55	-0.00019377539897664288
55	0	-0.00019377539897664288
0	51	-0.00019649468132713915
51	0	-0.00019649468132713915
0	47	-4.526910687244311e-09
47	0	-4.526910687244311e-09
0	49	-2.0888521819745935e-09
49	0	-2.0888521819745935e-09
0	22	-0.00019635376074006195
22	0	-0.00019635376074006195
0	48	-4.492691681831016e-09
48	0	-4.492691681831016e-09
1	35	-1.526652173634017e-09
35	1	-1.526652173634017e-09
1	50	-5.004370373094615e-10
50	1	-5.004370373094615e-10
1	37	-6.197895067542932e-09
37	1	-6.197895067542932e-09
1	39	-3.850852293315944e-09
39	1	-3.850852293315944e-09
1	47	-9.946820451273737e-09
47	1	-9.946820451273737e-09
1	49	-3.9560074726123286e-09
49	1	-3.9560074726123286e-09
1	41	-1.0823739707376695e-08
41	1	-1.0823739707376695e-08
1	26	-9.136362876609414e-10
26	1	-9.136362876609414e-10
1	53	-1.177186996459301e-09
53	1	-1.177186996459301e-09
1	48	-9.871647660171382e-09
48	1	-9.871647660171382e-09
1	44	-1.868281820595091e-08
44	1	-1.868281820595091e-08
0	40	-1.1508755295514274e-08
40	0	-1.1508755295514274e-08
0	53	-0.00019503016735560402
53	0	-0.00019503016735560402
0	54	-0.00015037311712213215
54	0	-0.00015037311712213215
52	3	-1.4743107794345813e-09
3	52	-1.4743107794345813e-09
52	4	-1.474684019031829e-09
4	52	-1.474684019031829e-09
52	5	-4.362857365362259e-05
5	52	-4.362857365362259e-05
35	3	-7.473969352763007e-09
3	35	-7.473969352763007e-09
35	4	-7.476245702262485e-09
4	35	-7.476245702262485e-09
35	8	-0.00014961361720342042
8	35	-0.00014961361720342042
36	5	-4.269793713573919e-05
5	36	-4.269793713573919e-05
3	5	-4.2698257839616984e-05
5	3	-4.2698257839616984e-05
3	50	-5.004476589197448e-09
50	3	-5.004476589197448e-09
3	37	-1.2145480351796981e-08
37	3	-1.2145480351796981e-08
3	38	-5.126889728460735e-09
38	3	-5.126889728460735e-09
3	51	-3.2430273830180537e-09
51	3	-3.2430273830180537e-09
3	39	-9.798301145541125e-09
39	3	-9.798301145541125e-09
3	47	-1.4438683390774062e-08
47	3	-1.4438683390774062e-08
3	40	-2.4630212152493417e-08
40	3	-2.4630212152493417e-08
3	49	-8.387590138278048e-09
49	3	-8.387590138278048e-09
3	41	-1.6771569884444908e-08
41	3	-1.6771569884444908e-08
3	26	-5.499506497674202e-09
26	3	-5.499506497674202e-09
3	53	-5.7630698349317115e-09
53	3	-5.7630698349317115e-09
3	54	-7.473979696670058e-09
54	3	-7.473979696670058e-09
3	48	-1.4329561190781945e-08
48	3	-1.4329561190781945e-08
3	44	-2.4630112737729975e-08
44	3	-2.4630112737729975e-08
4	7	-4.004514112063843e-09
7	4	-4.004514112063843e-09
4	8	-4.263427779831636e-09
8	4	-4.263427779831636e-09
4	50	-5.005647450563731e-09
50	4	-5.005647450563731e-09
4	37	-1.2148892258236325e-08
37	4	-1.2148892258236325e-08
4	10	-0.00019717902479838846
10	4	-0.00019717902479838846
4	11	-0.0001971784648908693
11	4	-0.0001971784648908693
4	38	-5.1285121460091645e-09
38	4	-5.1285121460091645e-09
4	14	-2.5018766362172828e-09
14	4	-2.5018766362172828e-09
4	51	-3.2438147325705344e-09
51	4	-3.2438147325705344e-09
4	39	-9.801170114524619e-09
39	4	-9.801170114524619e-09
4	45	-1.344301847363606e-08
45	4	-1.344301847363606e-08
4	16	-1.370121062963776e-08
16	4	-1.370121062963776e-08
4	47	-1.4441361469954273e-08
47	4	-1.4441361469954273e-08
4	40	-2.4635573216734515e-08
40	4	-2.4635573216734515e-08
4	18	-7.404379595302177e-09
18	4	-7.404379595302177e-09
4	19	-7.659119400457445e-09
19	4	-7.659119400457445e-09
4	49	-8.38937380402806e-09
49	4	-8.38937380402806e-09
4	41	-1.677588855032009e-08
41	4	-1.677588855032009e-08
4	2	-2.160333843129863e-07
2	4	-2.160333843129863e-07
4	24	-4.49905640413149e-09
24	4	-4.49905640413149e-09
4	25	-4.745100239576032e-09
25	4	-4.745100239576032e-09
4	26	-5.500805303301924e-09
26	4	-5.500805303301924e-09
4	53	-5.764423196386723e-09
53	4	-5.764423196386723e-09
4	54	-7.476256052471396e-09
54	4	-7.476256052471396e-09
4	46	-1.3341402533716303e-08
46	4	-1.3341402533716303e-08
4	27	-1.3597642985210867e-08
27	4	-1.3597642985210867e-08
4	48	-1.4332198939377256e-08
48	4	-1.4332198939377256e-08
4	44	-2.4635473758688794e-08
44	4	-2.4635473758688794e-08
5	7	-4.340945893068621e-05
7	5	-4.340945893068621e-05
5	8	-4.340978602277454e-05
8	5	-4.340978602277454e-05
5	50	-4.341072141750149e-05
50	5	-4.341072141750149e-05
5	37	-3.6913933858160067e-09
37	5	-3.6913933858160067e-09
5	10	-4.2787123239967536e-05
10	5	-4.2787123239967536e-05
5	11	-4.278744471757368e-05
11	5	-4.278744471757368e-05
5	55	-4.2788364081766774e-05
55	5	-4.2788364081766774e-05
5	13	-4.339092113068973e-05
13	5	-4.339092113068973e-05
5	14	-4.3391248067219346e-05
14	5	-4.3391248067219346e-05
5	51	-4.3392183017856865e-05
51	5	-4.3392183017856865e-05
5	39	-1.3443803864239081e-09
39	5	-1.3443803864239081e-09
5	45	-7.055660683260977e-09
45	5	-7.055660683260977e-09
5	16	-7.3138060775374675e-09
16	5	-7.3138060775374675e-09
5	47	-8.053826939785654e-09
47	5	-8.053826939785654e-09
5	40	-1.6176651787280108e-08
40	5	-1.6176651787280108e-08
5	18	-1.1036006909555114e-09
18	5	-1.1036006909555114e-09
5	19	-1.3582798745238886e-09
19	5	-1.3582798745238886e-09
5	49	-2.0883644597910538e-09
49	5	-2.0883644597910538e-09
5	41	-8.317189459352615e-09
41	5	-8.317189459352615e-09
5	42	-4.3351651390372806e-05
42	5	-4.3351651390372806e-05
5	21	-4.335197803090914e-05
21	5	-4.335197803090914e-05
5	22	-4.335291213670827e-05
22	5	-4.335291213670827e-05
5	24	-4.419844793274851e-05
24	5	-4.419844793274851e-05
5	25	-4.419876465983319e-05
25	5	-4.419876465983319e-05
5	26	-4.419972062517497e-05
26	5	-4.419972062517497e-05
5	46	-7.002338061661765e-09
46	5	-7.002338061661765e-09
5	27	-7.258532455654012e-09
27	5	-7.258532455654012e-09
5	48	-7.992960389204509e-09
48	5	-7.992960389204509e-09
5	44	-1.6176586495396517e-08
44	5	-1.6176586495396517e-08
7	37	-0.00014960699147730067
37	7	-0.00014960699147730067
7	47	-0.00019703046563279272
47	7	-0.00019703046563279272
7	40	-0.00014961534578983556
40	7	-0.00014961534578983556
7	49	-0.00019439125031303232
49	7	-0.00019439125031303232
7	41	-0.0001496014386171559
41	7	-0.0001496014386171559
7	48	-0.00019554110853346436
48	7	-0.00019554110853346436
7	44	-0.0001496159498743132
44	7	-0.0001496159498743132
8	37	-0.00014960748564420208
37	8	-0.00014960748564420208
8	39	-0.00014961060971328897
39	8	-0.00014961060971328897
8	47	-0.00019703015580620575
47	8	-0.00019703015580620575
8	40	-0.00014961583994621677
40	8	-0.00014961583994621677
8	49	-0.0001943909446273472
49	8	-0.0001943909446273472
8	41	-0.00014960193276656176
41	8	-0.00014960193276656176
8	26	-0.00019404434322883244
26	8	-0.00019404434322883244
8	53	-0.00019404379550905064
53	8	-0.00019404379550905064
8	54	-0.00014961341007479163
54	8	-0.00014961341007479163
8	48	-0.0001955408010488626
48	8	-0.0001955408010488626
8	44	-0.00014961644403164428
44	8	-0.00014961644403164428
50	2	-0.0001202154855395165
2	50	-0.0001202154855395165
10	40	-0.00014748278525779888
40	10	-0.00014748278525779888
10	44	-0.0001474833807529746
44	10	-0.0001474833807529746
11	47	-0.0001952835911511565
47	11	-0.0001952835911511565
11	40	-0.00014748326908223884
40	11	-0.00014748326908223884
11	48	-0.00019677110334919237
48	11	-0.00019677110334919237
11	44	-0.00014748386457833762
44	11	-0.00014748386457833762
55	2	-0.0001185012573397234
2	55	-0.0001185012573397234
13	40	-0.0001495557469190165
40	13	-0.0001495557469190165
13	44	-0.000149556350769964
44	13	-0.000149556350769964
51	2	-0.00012016726089846892
2	51	-0.00012016726089846892
47	2	-3.235298001452361e-09
2	47	-3.235298001452361e-09
49	2	-0.00011828314629527131
2	49	-0.00011828314629527131
22	2	-0.00012007296325197224
2	22	-0.00012007296325197224
2	48	-3.2108473358342937e-09
48	2	-3.2108473358342937e-09
1	20	-5.117369361816923e-05
20	1	-5.117369361816923e-05
1	9	-1.9646793766128063e-08
9	1	-1.9646793766128063e-08
1	12	-0.00017794900244556526
12	1	-0.00017794900244556526
52	20	-5.1175009602946284e-05
20	52	-5.1175009602946284e-05
52	9	-0.00015032299524454928
9	52	-0.00015032299524454928
2	20	-0.00018158630397478072
20	2	-0.00018158630397478072
2	12	-0.0001903594451323159
12	2	-0.0001903594451323159
2	25	-0.0001223984022677071
25	2	-0.0001223984022677071
2	26	-0.00012239971289850757
26	2	-0.00012239971289850757
2	53	-0.0001224001614913864
53	2	-0.0001224001614913864
36	20	-5.0084637877516504e-05
20	36	-5.0084637877516504e-05
36	9	-0.00014713371043954563
9	36	-0.00014713371043954563
3	20	-1.985536791952273e-07
20	3	-1.985536791952273e-07
3	9	-2.5596250477485615e-08
9	3	-2.5596250477485615e-08
3	12	-2.000520390479156e-07
12	3	-2.000520390479156e-07
3	15	-2.1129530104190766e-07
15	3	-2.1129530104190766e-07
3	17	-2.0936493261008473e-07
17	3	-2.0936493261008473e-07
3	43	-2.1072263998601423e-07
43	3	-2.1072263998601423e-07
3	28	-2.0320231584103662e-07
28	3	-2.0320231584103662e-07
4	9	-7.817691719004553e-09
9	4	-7.817691719004553e-09
4	12	-2.000520390479156e-07
12	4	-2.000520390479156e-07
4	15	-2.1129530104190766e-07
15	4	-2.1129530104190766e-07
4	17	-2.0936493261008473e-07
17	4	-2.0936493261008473e-07
4	43	-2.1072263998601423e-07
43	4	-2.1072263998601423e-07
4	28	-2.0320231584103662e-07
28	4	-2.0320231584103662e-07
20	7	-1.668971267309683e-07
7	20	-1.668971267309683e-07
20	8	-1.806101171036531e-07
8	20	-1.806101171036531e-07
20	50	-5.0918858127133225e-05
50	20	-5.0918858127133225e-05
20	9	-0.00018537702017354027
9	20	-0.00018537702017354027
20	10	-5.018846362388011e-05
10	20	-5.018846362388011e-05
20	11	-5.018879657910399e-05
11	20	-5.018879657910399e-05
20	55	-5.018974846358525e-05
55	20	-5.018974846358525e-05
20	12	-0.00019609249662865303
12	20	-0.00019609249662865303
20	13	-5.089611013203369e-05
13	20	-5.089611013203369e-05
20	14	-5.0896448870527053e-05
14	20	-5.0896448870527053e-05
20	51	-5.08974172604464e-05
51	20	-5.08974172604464e-05
20	15	-0.00018565819305550035
15	20	-0.00018565819305550035
20	45	-5.078708381552248e-05
45	20	-5.078708381552248e-05
20	16	-5.07874215828889e-05
16	20	-5.07874215828889e-05
20	47	-5.0788387200876995e-05
47	20	-5.0788387200876995e-05
20	17	-0.00018736998265902037
17	20	-0.00018736998265902037
20	18	-5.0101087945229536e-05
18	20	-5.0101087945229536e-05
20	19	-5.010142012807579e-05
19	20	-5.010142012807579e-05
20	42	-5.0851460306471384e-05
42	20	-5.0851460306471384e-05
20	21	-5.0851798732057076e-05
21	20	-5.0851798732057076e-05
20	22	-5.085276622921323e-05
22	20	-5.085276622921323e-05
20	43	-0.00018616273882655508
43	20	-0.00018616273882655508
20	24	-5.18429498125335e-05
24	20	-5.18429498125335e-05
20	25	-5.1843278783410004e-05
25	20	-5.1843278783410004e-05
20	26	-5.18442694409739e-05
26	20	-5.18442694409739e-05
20	53	-5.1844611375715374e-05
53	20	-5.1844611375715374e-05
20	46	-5.0403256210845995e-05
46	20	-5.0403256210845995e-05
20	27	-5.040359082825964e-05
27	20	-5.040359082825964e-05
20	48	-5.040454745625371e-05
48	20	-5.040454745625371e-05
20	28	-0.00019305244445760563
28	20	-0.00019305244445760563
7	9	-1.4814867689075684e-08
9	7	-1.4814867689075684e-08
7	12	-5.053583189855353e-05
12	7	-5.053583189855353e-05
7	15	-4.784425078541642e-05
15	7	-4.784425078541642e-05
7	17	-4.828581552753815e-05
17	7	-4.828581552753815e-05
7	43	-4.797440090598396e-05
43	7	-4.797440090598396e-05
7	28	-4.975163514319017e-05
28	7	-4.975163514319017e-05
8	9	-1.9487249037168783e-08
9	8	-1.9487249037168783e-08
8	15	-4.7844584856785524e-05
15	8	-4.7844584856785524e-05
8	17	-4.8286150293131223e-05
17	8	-4.8286150293131223e-05
8	43	-4.797473518197387e-05
43	8	-4.797473518197387e-05
8	28	-4.975197221333117e-05
28	8	-4.975197221333117e-05
9	10	-6.313412845959944e-09
10	9	-6.313412845959944e-09
9	11	-8.524246947252782e-09
11	9	-8.524246947252782e-09
9	55	-0.00014743176234392812
55	9	-0.00014743176234392812
9	12	-1.2968707253975487e-08
12	9	-1.2968707253975487e-08
9	13	-1.8689525392372406e-09
13	9	-1.8689525392372406e-09
9	14	-0.0001495026052620871
14	9	-0.0001495026052620871
9	51	-0.00014950401295603757
51	9	-0.00014950401295603757
9	45	-0.0001491600977240637
45	9	-0.0001491600977240637
9	16	-0.0001491605898066577
16	9	-0.0001491605898066577
9	47	-0.00014916199265513613
47	9	-0.00014916199265513613
9	18	-0.00014715637750130527
18	9	-0.00014715637750130527
9	19	-0.0001471568598929042
19	9	-0.0001471568598929042
9	49	-0.00014715823516801705
49	9	-0.00014715823516801705
9	42	-0.00014938676843517465
42	9	-0.00014938676843517465
9	21	-0.00014938726168558188
21	9	-0.00014938726168558188
9	22	-0.0001493886678570955
22	9	-0.0001493886678570955
9	24	-0.00015227952268665853
24	9	-0.00015227952268665853
9	25	-0.0001522800125118916
25	9	-0.0001522800125118916
9	26	-0.00015228145893587494
26	9	-0.00015228145893587494
9	53	-0.0001522819527955977
53	9	-0.0001522819527955977
9	46	-0.00014803262807290145
46	9	-0.00014803262807290145
9	27	-0.00014803311468129484
27	9	-0.00014803311468129484
9	48	-0.0001480345019543304
48	9	-0.0001480345019543304
10	12	-0.00017585940927262775
12	10	-0.00017585940927262775
11	12	-0.00018307224762334446
12	11	-0.00018307224762334446
12	13	-0.00016135937341293965
13	12	-0.00016135937341293965
12	45	-5.040641426003183e-05
45	12	-5.040641426003183e-05
12	16	-5.040675143055768e-05
16	12	-5.040675143055768e-05
12	47	-5.040771535748733e-05
47	12	-5.040771535748733e-05
12	46	-5.002546359714212e-05
46	12	-5.002546359714212e-05
12	27	-5.002579762670245e-05
27	12	-5.002579762670245e-05
12	48	-5.0026752589102215e-05
48	12	-5.0026752589102215e-05
1	29	-2.4842708565087497e-09
29	1	-2.4842708565087497e-09
1	30	-7.156692628560467e-09
30	1	-7.156692628560467e-09
1	31	-1.367472296781929e-10
31	1	-1.367472296781929e-10
1	32	-4.8090579684723655e-09
32	1	-4.8090579684723655e-09
1	34	-1.1806541485114278e-08
34	1	-1.1806541485114278e-08
0	33	-7.818723577834847e-09
33	0	-7.818723577834847e-09
52	29	-0.00015033708108280492
29	52	-0.00015033708108280492
52	6	-0.00015034728004513723
6	52	-0.00015034728004513723
52	33	-0.00015033937141910227
33	52	-0.00015033937141910227
35	2	-0.0001587364396277037
2	35	-0.0001587364396277037
35	6	-0.00019753198469522283
6	35	-0.00019753198469522283
35	33	-0.00019752148158247058
33	35	-0.00019752148158247058
35	9	-0.00019749996655594272
9	35	-0.00019749996655594272
29	36	-0.00014714729167896677
36	29	-0.00014714729167896677
29	3	-8.433082422094428e-09
3	29	-8.433082422094428e-09
29	4	-8.43561063866919e-09
4	29	-8.43561063866919e-09
29	5	-0.00019750552474769964
5	29	-0.00019750552474769964
29	6	-0.00019755536738806702
6	29	-0.00019755536738806702
29	7	-0.00014957565356226452
7	29	-0.00014957565356226452
29	8	-2.3247305262742422e-09
8	29	-2.3247305262742422e-09
29	50	-0.00014957755634559318
50	29	-0.00014957755634559318
29	37	-0.0001975280870438417
37	29	-0.0001975280870438417
29	30	-0.00019756293613560852
30	29	-0.00019756293613560852
29	10	-0.00014744352685552484
10	29	-0.00014744352685552484
29	11	-0.00014744401064873268
11	29	-0.00014744401064873268
29	55	-0.00014744538991194587
55	29	-0.00014744538991194587
29	38	-0.0001975174890965408
38	29	-0.0001975174890965408
29	31	-0.00019756758695563378
31	29	-0.00019756758695563378
29	13	-0.0001495160663362413
13	29	-0.0001495160663362413
29	14	-0.0001495165601761985
14	29	-0.0001495165601761985
29	51	-0.00014951796802487163
51	29	-0.00014951796802487163
29	39	-0.000197525739321698
39	29	-0.000197525739321698
29	32	-0.00019756763255245047
32	29	-0.00019756763255245047
29	45	-0.00014916865577896315
45	29	-0.00014916865577896315
29	16	-0.00014916895295450408
16	29	-0.00014916895295450408
29	47	-0.0001491697970611372
47	29	-0.0001491697970611372
29	40	-0.0001975076065572332
40	29	-0.0001975076065572332
29	33	-0.00019755621292873992
33	29	-0.00019755621292873992
29	9	-6.309851072511735e-05
9	29	-6.309851072511735e-05
29	18	-0.00014716912616830792
18	29	-0.00014716912616830792
29	19	-0.0001471694188564191
19	29	-0.0001471694188564191
29	49	-0.00014717025030640103
49	29	-0.00014717025030640103
29	41	-0.00019753191650120834
41	29	-0.00019753191650120834
29	34	-0.0001975536348239929
34	29	-0.0001975536348239929
29	42	-0.00014940070571118773
42	29	-0.00014940070571118773
29	21	-0.00014940119901590045
21	29	-0.00014940119901590045
29	22	-0.00014940260534184756
22	29	-0.00014940260534184756
29	23	-0.0001975059348718704
23	29	-0.0001975059348718704
29	24	-0.00015229392263815667
24	29	-0.00015229392263815667
29	25	-0.0001522944125192544
25	29	-0.0001522944125192544
29	26	-0.00015229585910544614
26	29	-0.00015229585910544614
29	53	-0.00015229635302002357
53	29	-0.00015229635302002357
29	46	-0.00014804108809814254
46	29	-0.00014804108809814254
29	27	-0.00014804138273485462
27	29	-0.00014804138273485462
29	48	-0.00014804221968093434
48	29	-0.00014804221968093434
29	44	-0.00019750680918505966
44	29	-0.00019750680918505966
2	37	-0.00015874477230914748
37	2	-0.00015874477230914748
2	38	-0.00015873189591410713
38	2	-0.00015873189591410713
2	39	-0.0001587405396044253
39	2	-0.0001587405396044253
2	40	-9.79712713877528e-09
40	2	-9.79712713877528e-09
2	33	-1.0756701741077426e-08
33	2	-1.0756701741077426e-08
2	41	-1.936879737109517e-09
41	2	-1.936879737109517e-09
2	23	-0.00015872141450439325
23	2	-0.00015872141450439325
2	54	-0.00015873665931136628
54	2	-0.00015873665931136628
2	44	-9.797087595803529e-09
44	2	-9.797087595803529e-09
36	6	-0.00014715828438273252
6	36	-0.00014715828438273252
36	33	-0.00014714973996726252
33	36	-0.00014714973996726252
3	6	-0.00014715876679299638
6	3	-0.00014715876679299638
3	30	-1.310577586449386e-08
30	3	-1.310577586449386e-08
3	31	-6.085422304667453e-09
31	3	-6.085422304667453e-09
3	32	-1.0758004704240769e-08
32	3	-1.0758004704240769e-08
3	33	-2.5593463255058745e-08
33	3	-2.5593463255058745e-08
3	34	-1.7755895085080635e-08
34	3	-1.7755895085080635e-08
4	30	-1.3109394911445366e-08
30	4	-1.3109394911445366e-08
4	31	-6.087319028445061e-09
31	4	-6.087319028445061e-09
4	32	-1.0761103301221236e-08
32	4	-1.0761103301221236e-08
4	33	-7.816840460147363e-09
33	4	-7.816840460147363e-09
4	34	-1.776038023654946e-08
34	4	-1.776038023654946e-08
5	30	-4.6495710070902365e-09
30	5	-4.6495710070902365e-09
5	32	-2.3019661365673368e-09
32	5	-2.3019661365673368e-09
5	33	-1.7137795994258942e-08
33	5	-1.7137795994258942e-08
5	34	-9.29936086086221e-09
34	5	-9.29936086086221e-09
6	7	-0.0001495838606652184
7	6	-0.0001495838606652184
6	8	-0.00014958415878287928
8	6	-0.00014958415878287928
6	50	-0.00014958500554663204
50	6	-0.00014958500554663204
6	37	-0.00019753654340224285
37	6	-0.00019753654340224285
6	30	-0.0001975460208409342
30	6	-0.0001975460208409342
6	11	-0.0001474550346395073
11	6	-0.0001474550346395073
6	55	-0.00014745641399521226
55	6	-0.00014745641399521226
6	38	-0.00019752924956778075
38	6	-0.00019752924956778075
6	31	-0.0001975600636249915
31	6	-0.0001975600636249915
6	13	-0.00014952560148488793
13	6	-0.00014952560148488793
6	14	-0.00014952589947468326
14	6	-0.00014952589947468326
6	51	-0.00014952674587790198
51	6	-0.00014952674587790198
6	39	-0.00019753419568009916
39	6	-0.00019753419568009916
6	32	-0.0001975507168556857
32	6	-0.0001975507168556857
6	45	-0.0001491750416430524
45	6	-0.0001491750416430524
6	16	-0.00014917533882026235
16	6	-0.00014917533882026235
6	47	-0.0001491761829313462
47	6	-0.0001491761829313462
6	40	-0.0001975160615041929
40	6	-0.0001975160615041929
6	33	-1.2465923416036762e-08
33	6	-1.2465923416036762e-08
6	9	-1.2467280962960618e-08
9	6	-1.2467280962960618e-08
6	18	-0.00014717542668397275
18	6	-0.00014717542668397275
6	19	-0.00014717571937370862
19	6	-0.00014717571937370862
6	49	-0.0001471765508280231
49	6	-0.0001471765508280231
6	41	-0.000197540372825464
41	6	-0.000197540372825464
6	34	-0.00019753672032564958
34	6	-0.00019753672032564958
6	42	-0.00014941193972191626
42	6	-0.00014941193972191626
6	21	-0.00014941243306024793
21	6	-0.00014941243306024793
6	22	-0.00014941383948172867
22	6	-0.00014941383948172867
6	24	-0.00015230198709490297
24	6	-0.00015230198709490297
6	25	-0.00015230228732738936
25	6	-0.00015230228732738936
6	26	-0.00015230315140987073
26	6	-0.00015230315140987073
6	53	-0.0001523034421221423
53	6	-0.0001523034421221423
6	54	-0.00019753225816099556
54	6	-0.00019753225816099556
6	46	-0.0001480474256914076
46	6	-0.0001480474256914076
6	27	-0.00014804772032976356
27	6	-0.00014804772032976356
6	48	-0.00014804855728022695
48	6	-0.00014804855728022695
6	44	-0.0001975152640978853
44	6	-0.0001975152640978853
7	30	-0.00014956943641348795
30	7	-0.00014956943641348795
7	33	-1.4813254516314243e-08
33	7	-1.4813254516314243e-08
7	34	-0.0001495632498133243
34	7	-0.0001495632498133243
8	30	-0.0001495699305195201
30	8	-0.0001495699305195201
8	32	-0.0001495730542392085
32	8	-0.0001495730542392085
8	33	-1.9485127094536434e-08
33	8	-1.9485127094536434e-08
8	34	-0.0001495637439008223
34	8	-0.0001495637439008223
50	33	-0.000149579885019835
33	50	-0.000149579885019835
37	33	-0.0001975307111167107
33	37	-0.0001975307111167107
37	9	-0.0001975091955937897
9	37	-0.0001975091955937897
30	33	-0.0001975515399306832
33	30	-0.0001975515399306832
30	9	-0.00019755901533452164
9	30	-0.00019755901533452164
10	33	-6.312725386183147e-09
33	10	-6.312725386183147e-09
11	33	-8.523318752463893e-09
33	11	-8.523318752463893e-09
11	34	-0.0001474318583324007
34	11	-0.0001474318583324007
55	33	-0.00014744782373686977
33	55	-0.00014744782373686977
38	33	-0.00019751639988686774
33	38	-0.00019751639988686774
38	9	-0.0001974948851581648
9	38	-0.0001974948851581648
31	33	-0.00019755856082532452
33	31	-0.00019755856082532452
31	9	-0.00019754497304140664
9	31	-0.00019754497304140664
13	33	-1.8687490312888746e-09
33	13	-1.8687490312888746e-09
14	33	-0.00014951889195065246
33	14	-0.00014951889195065246
51	33	-0.00014952029971713663
33	51	-0.00014952029971713663
39	33	-0.0001975260165417513
33	39	-0.0001975260165417513
39	9	-0.00019750450127447563
9	39	-0.00019750450127447563
32	33	-0.00019755388782726778
33	32	-0.00019755388782726778
32	9	-0.0001975543192617834
9	32	-0.0001975543192617834
45	33	-0.00014917634590760206
33	45	-0.00014917634590760206
16	33	-0.0001491768380156752
33	16	-0.0001491768380156752
47	33	-0.00014917824093634496
33	47	-0.00014917824093634496
40	9	-0.00019750120301993197
9	40	-0.00019750120301993197
33	18	-0.00014717240805544785
18	33	-0.00014717240805544785
33	19	-0.00014717289047184797
19	33	-0.00014717289047184797
33	49	-0.00014717426581723123
49	33	-0.00014717426581723123
33	41	-0.00019753916625772785
41	33	-0.00019753916625772785
33	34	-0.00019754688972773896
34	33	-0.00019754688972773896
33	42	-0.00014940304342299363
42	33	-0.00014940304342299363
33	21	-0.00014940353669896413
21	33	-0.00014940353669896413
33	22	-0.0001494049429429075
22	33	-0.0001494049429429075
33	23	-0.00019750484669582832
23	33	-0.00019750484669582832
33	24	-0.0001522961116777836
24	33	-0.0001522961116777836
33	25	-0.00015229660152957586
25	33	-0.00015229660152957586
33	26	-0.00015229804802881078
26	33	-0.00015229804802881078
33	53	-0.00015229854191361753
53	33	-0.00015229854191361753
33	54	-0.00019752175500862472
54	33	-0.00019752175500862472
33	46	-0.00014804875343985477
46	33	-0.00014804875343985477
33	27	-0.0001480492400733436
27	33	-0.0001480492400733436
33	48	-0.00014805062741748325
48	33	-0.00014805062741748325
9	41	-0.0001975176503178189
41	9	-0.0001975176503178189
9	34	-0.00019756840789180233
34	9	-0.00019756840789180233
9	23	-0.00019748333256026872
23	9	-0.00019748333256026872
9	54	-0.00019750023995231394
54	9	-0.00019750023995231394
9	44	-0.00019750040567747344
44	9	-0.00019750040567747344
35	20	-6.723587387043984e-05
20	35	-6.723587387043984e-05
29	20	-6.725342205813931e-05
20	29	-6.725342205813931e-05
29	12	-6.674926048198598e-05
12	29	-6.674926048198598e-05
29	15	-6.31943059830094e-05
15	29	-6.31943059830094e-05
29	17	-6.377751061278388e-05
17	29	-6.377751061278388e-05
29	43	-6.336620411173221e-05
43	29	-6.336620411173221e-05
29	28	-6.57135184157502e-05
28	29	-6.57135184157502e-05
20	6	-1.6000718522664378e-07
6	20	-1.6000718522664378e-07
20	37	-6.724209614018004e-05
37	20	-6.724209614018004e-05
20	30	-6.725968506476856e-05
30	20	-6.725968506476856e-05
20	38	-6.723259636991012e-05
38	20	-6.723259636991012e-05
20	31	-6.725027539100612e-05
31	20	-6.725027539100612e-05
20	39	-6.72389503112874e-05
39	20	-6.72389503112874e-05
20	32	-6.725653824880002e-05
32	20	-6.725653824880002e-05
20	40	-6.724761077335026e-05
40	20	-6.724761077335026e-05
20	33	-6.726511388722802e-05
33	20	-6.726511388722802e-05
20	41	-6.724802492234457e-05
41	20	-6.724802492234457e-05
20	34	-6.72659178142233e-05
34	20	-6.72659178142233e-05
20	23	-6.722463669001518e-05
23	20	-6.722463669001518e-05
20	54	-6.723596692429076e-05
54	20	-6.723596692429076e-05
20	44	-6.724733934226085e-05
44	20	-6.724733934226085e-05
6	12	-6.673794829730443e-05
12	6	-6.673794829730443e-05
6	15	-6.318314593992488e-05
15	6	-6.318314593992488e-05
6	17	-6.376632561025648e-05
17	6	-6.376632561025648e-05
6	43	-6.335503671191335e-05
43	6	-6.335503671191335e-05
6	28	-6.570225055778286e-05
28	6	-6.570225055778286e-05
30	12	-6.67555115654249e-05
12	30	-6.67555115654249e-05
12	40	-6.674361420275529e-05
40	12	-6.674361420275529e-05
12	33	-1.2967295107358165e-08
33	12	-1.2967295107358165e-08
12	41	-6.674396632744793e-05
41	12	-6.674396632744793e-05
12	34	-6.676173244929136e-05
34	12	-6.676173244929136e-05
12	44	-6.674334480594394e-05
44	12	-6.674334480594394e-05
15	33	-6.32063279108405e-05
33	15	-6.32063279108405e-05
17	33	-6.378948511277322e-05
33	17	-6.378948511277322e-05
33	43	-6.337821206032372e-05
43	33	-6.337821206032372e-05
33	28	-6.572533547413671e-05
28	33	-6.572533547413671e-05
