0	1	-0.00011529487701907426
1	0	-0.00011529487701907426
4	0	-1.3116832098458593e-05
0	4	-1.3116832098458593e-05
1	3	-3.9514456696606546e-05
3	1	-3.9514456696606546e-05
9	3	-0.00015876131483555443
3	9	-0.00015876131483555443
0	2	-1.9586557103830053e-05
2	0	-1.9586557103830053e-05
2	1	-3.292871391383878e-05
1	2	-3.292871391383878e-05
37	2	-0.00019746520822003027
2	37	-0.00019746520822003027
0	3	-1.7390401869762912e-05
3	0	-1.7390401869762912e-05
1	9	-0.0001210755754153712
9	1	-0.0001210755754153712
2	9	-0.00018151707800039923
9	2	-0.00018151707800039923
1	13	-2.560169971509919e-08
13	1	-2.560169971509919e-08
9	13	-0.00015879810521195545
13	9	-0.00015879810521195545
1	11	-2.2642446695833915e-07
11	1	-2.2642446695833915e-07
2	11	-0.0001974737165132099
11	2	-0.0001974737165132099
2	13	-0.00017722943745243904
13	2	-0.00017722943745243904
0	5	-1.6179041902620065e-05
5	0	-1.6179041902620065e-05
5	1	-1.6179041902620065e-05
1	5	-1.6179041902620065e-05
9	31	-0.00015877233106149463
31	9	-0.00015877233106149463
2	18	-0.00019437872491893875
18	2	-0.00019437872491893875
8	2	-0.00019489791251730502
2	8	-0.00019489791251730502
35	2	-0.0001962318746765307
2	35	-0.0001962318746765307
2	7	-0.00019449111202735552
7	2	-0.00019449111202735552
2	48	-0.0001937261843294982
48	2	-0.0001937261843294982
2	21	-0.00019616000467797884
21	2	-0.00019616000467797884
2	45	-0.0001912306114803586
45	2	-0.0001912306114803586
2	12	-0.00019372649297535644
12	2	-0.00019372649297535644
2	19	-0.00019437920351871808
19	2	-0.00019437920351871808
2	22	-0.0001961604379138809
22	2	-0.0001961604379138809
2	24	-0.0001912310469922317
24	2	-0.0001912310469922317
4	2	-0.00016281295632110244
2	4	-0.00016281295632110244
1	4	-0.00016281295632110244
4	1	-0.00016281295632110244
1	40	-2.4635439658972273e-08
40	1	-2.4635439658972273e-08
2	5	-0.00019659824756006148
5	2	-0.00019659824756006148
2	52	-0.00019535125489936815
52	2	-0.00019535125489936815
2	50	-0.0001937273676402209
50	2	-0.0001937273676402209
2	53	-0.00019438007961954413
53	2	-0.00019438007961954413
2	51	-0.0001961613232564865
51	2	-0.0001961613232564865
2	46	-0.00019123190866662007
46	2	-0.00019123190866662007
0	9	-0.00012107428479260368
9	0	-0.00012107428479260368
4	9	-0.00016488913963905974
9	4	-0.00016488913963905974
5	9	-0.00016528133263174523
9	5	-0.00016528133263174523
1	29	-2.5598911305855783e-08
29	1	-2.5598911305855783e-08
9	40	-0.00015873994009197917
40	9	-0.00015873994009197917
9	29	-0.00015878081388116046
29	9	-0.00015878081388116046
