1	6	-1.6179041902620065e-05
6	1	-1.6179041902620065e-05
6	0	-1.6179041902620065e-05
0	6	-1.6179041902620065e-05
16	57	-0.00015877233106149463
57	16	-0.00015877233106149463
5	55	-4.424914895009039e-05
55	5	-4.424914895009039e-05
0	2	-1.9586557103830053e-05
2	0	-1.9586557103830053e-05
1	0	-1.3116832098458593e-05
0	1	-1.3116832098458593e-05
0	3	-0.0001456496483358744
3	0	-0.0001456496483358744
10	3	-0.0001948365272820578
3	10	-0.0001948365272820578
3	4	-0.00019757067623484055
4	3	-0.00019757067623484055
16	6	-0.00015876131483555443
6	16	-0.00015876131483555443
0	37	-1.9024483538123175e-07
37	0	-1.9024483538123175e-07
5	37	-0.0001729434269101961
37	5	-0.0001729434269101961
0	5	-1.807017848933998e-05
5	0	-1.807017848933998e-05
37	4	-4.9117482824580444e-05
4	37	-4.9117482824580444e-05
5	4	-4.2990421126352215e-05
4	5	-4.2990421126352215e-05
0	36	-0.00019614521313227135
36	0	-0.00019614521313227135
0	39	-1.946991011161286e-07
39	0	-1.946991011161286e-07
5	39	-0.00017699225898133283
39	5	-0.00017699225898133283
0	9	-0.00016840751092119638
9	0	-0.00016840751092119638
0	7	-1.7390401869762912e-05
7	0	-1.7390401869762912e-05
0	38	-0.0001973012238324056
38	0	-0.0001973012238324056
16	13	-0.00015876945362332736
13	16	-0.00015876945362332736
0	41	-2.010897571300441e-07
41	0	-2.010897571300441e-07
5	41	-0.00018280120033786748
41	5	-0.00018280120033786748
0	10	-0.00017647558202636977
10	0	-0.00017647558202636977
1	2	-1.9586557103830053e-05
2	1	-1.9586557103830053e-05
0	32	-0.00015245532529349135
32	0	-0.00015245532529349135
16	32	-0.0001587933788794589
32	16	-0.0001587933788794589
0	16	-1.8670624938097245e-07
16	0	-1.8670624938097245e-07
5	16	-0.00015872088367694894
16	5	-0.00015872088367694894
16	52	-0.00011851546033450161
52	16	-0.00011851546033450161
0	15	-0.00019107626377980945
15	0	-0.00019107626377980945
0	14	-0.00019282139753685947
14	0	-0.00019282139753685947
0	4	-0.00011927333391168085
4	0	-0.00011927333391168085
9	4	-0.0001656382029586221
4	9	-0.0001656382029586221
16	20	-0.00015876538418296818
20	16	-0.00015876538418296818
0	44	-1.8964636619935022e-07
44	0	-1.8964636619935022e-07
5	44	-0.0001723994300323299
44	5	-0.0001723994300323299
0	17	-0.0001959889970920644
17	0	-0.0001959889970920644
43	0	-0.00019598857134512924
0	43	-0.00019598857134512924
1	7	-1.7390401869762912e-05
7	1	-1.7390401869762912e-05
16	33	-0.00015878075811202785
33	16	-0.00015878075811202785
0	23	-2.355093247130912e-08
23	0	-2.355093247130912e-08
5	23	-2.02727743992511e-07
23	5	-2.02727743992511e-07
1	5	-1.807017848933998e-05
5	1	-1.807017848933998e-05
16	34	-0.00015878499234151728
34	16	-0.00015878499234151728
0	26	-1.9280206798579837e-07
26	0	-1.9280206798579837e-07
5	26	-0.00017526789848854078
26	5	-0.00017526789848854078
0	25	-0.00019551399438046599
25	0	-0.00019551399438046599
0	24	-0.0001955136860961863
24	0	-0.0001955136860961863
0	48	-2.058094926538142e-07
48	0	-2.058094926538142e-07
5	48	-0.00018709129693770662
48	5	-0.00018709129693770662
16	23	-0.00015880939718482064
23	16	-0.00015880939718482064
0	31	-1.9232953316174131e-07
31	0	-1.9232953316174131e-07
5	31	-0.0001748383744985434
31	5	-0.0001748383744985434
0	49	-2.2586613019932798e-08
49	0	-2.2586613019932798e-08
0	30	-1.208730725465467e-08
30	0	-1.208730725465467e-08
0	50	-1.1830127424737275e-08
50	0	-1.1830127424737275e-08
1	3	-0.0001919819737073395
3	1	-0.0001919819737073395
3	14	-0.0001966312710490857
14	3	-0.0001966312710490857
3	15	-0.00019663157709194862
15	3	-0.00019663157709194862
10	14	-0.00019391204765740227
14	10	-0.00019391204765740227
10	15	-0.0001939123529976868
15	10	-0.0001939123529976868
0	8	-0.0001931224119561569
8	0	-0.0001931224119561569
0	11	-0.00019593638200142674
11	0	-0.00019593638200142674
0	52	-0.000191077127114977
52	0	-0.000191077127114977
0	18	-0.00019598986731486702
18	0	-0.00019598986731486702
0	53	-0.0001944147110527087
53	0	-0.0001944147110527087
0	51	-1.2824556174818097e-08
51	0	-1.2824556174818097e-08
1	4	-0.00019075469684489376
4	1	-0.00019075469684489376
1	16	-0.00012253712582865932
16	1	-0.00012253712582865932
0	42	-0.00015249333143140036
42	0	-0.00015249333143140036
0	35	-2.354964166916164e-08
35	0	-2.354964166916164e-08
2	3	-0.0001919798303649711
3	2	-0.0001919798303649711
2	4	-0.00013891007591930435
4	2	-0.00013891007591930435
2	5	-4.424883571507926e-05
5	2	-4.424883571507926e-05
2	16	-0.00012253889882547398
16	2	-0.00012253889882547398
55	4	-0.0001919808896136339
4	55	-0.0001919808896136339
55	16	-0.00012253933055551432
16	55	-0.00012253933055551432
56	4	-0.00014819356613509328
4	56	-0.00014819356613509328
56	16	-0.00015873189591410713
16	56	-0.00015873189591410713
57	4	-0.00014815616499055302
4	57	-0.00014815616499055302
6	23	-0.00019751930626026748
23	6	-0.00019751930626026748
36	5	-4.298917308548791e-05
5	36	-4.298917308548791e-05
36	16	-0.00011906728305752613
16	36	-0.00011906728305752613
3	5	-4.2989496430379624e-05
5	3	-4.2989496430379624e-05
3	9	-0.00016053132594432638
9	3	-0.00016053132594432638
3	12	-0.0001481943740265538
12	3	-0.0001481943740265538
3	13	-0.00014815687023155875
13	3	-0.00014815687023155875
3	16	-0.00011906772487828018
16	3	-0.00011906772487828018
3	20	-0.00014815983223690672
20	3	-0.00014815983223690672
3	23	-4.773795164083712e-05
23	3	-4.773795164083712e-05
4	39	-4.799251574523072e-05
39	4	-4.799251574523072e-05
4	10	-0.0001948381224411846
10	4	-0.0001948381224411846
4	12	-0.00014087818028561994
12	4	-0.00014087818028561994
4	41	-4.646554028181506e-05
41	4	-4.646554028181506e-05
4	13	-0.00013471991823618093
13	4	-0.00013471991823618093
4	14	-0.0001099598955631788
14	4	-0.0001099598955631788
4	15	-0.00012233990689967987
15	4	-0.00012233990689967987
4	52	-0.00019663157644380242
52	4	-0.00019663157644380242
4	42	-0.00014817776364590442
42	4	-0.00014817776364590442
4	16	-5.004944553857222e-05
16	4	-5.004944553857222e-05
4	32	-0.00014814084720300483
32	4	-0.00014814084720300483
4	44	-4.9272658949699526e-05
44	4	-4.9272658949699526e-05
4	20	-0.00014816122135511876
20	4	-0.00014816122135511876
4	21	-0.00019613929600117267
21	4	-0.00019613929600117267
4	22	-0.00019613873363317428
22	4	-0.00019613873363317428
4	54	-0.00019613713177832608
54	4	-0.00019613713177832608
4	45	-0.00014818712443461217
45	4	-0.00014818712443461217
4	23	-2.02727743992511e-07
23	4	-2.02727743992511e-07
4	33	-0.00014815003172908553
33	4	-0.00014815003172908553
4	24	-0.00019688399871284638
24	4	-0.00019688399871284638
4	25	-0.00019688343538312662
25	4	-0.00019688343538312662
4	53	-0.00019688183077126698
53	4	-0.00019688183077126698
4	46	-0.00014818476066946463
46	4	-0.00014818476066946463
4	26	-4.8465274733159593e-05
26	4	-4.8465274733159593e-05
4	34	-0.00014814695022131175
34	4	-0.00014814695022131175
4	48	-4.539869160138633e-05
48	4	-4.539869160138633e-05
4	50	-0.00019699460229472248
50	4	-0.00019699460229472248
4	30	-0.00019699403885341645
30	4	-0.00019699403885341645
4	51	-0.0001969924339210949
51	4	-0.0001969924339210949
4	49	-0.0001481754428829451
49	4	-0.0001481754428829451
4	31	-4.858448582553462e-05
31	4	-4.858448582553462e-05
4	35	-0.00014813783976954422
35	4	-0.00014813783976954422
5	38	-4.324245772347072e-05
38	5	-4.324245772347072e-05
5	7	-4.324278337021878e-05
7	5	-4.324278337021878e-05
5	8	-4.3243714638544724e-05
8	5	-4.3243714638544724e-05
5	40	-4.359526268655899e-05
40	5	-4.359526268655899e-05
5	10	-4.359562211830229e-05
10	5	-4.359562211830229e-05
5	11	-4.359656249009469e-05
11	5	-4.359656249009469e-05
5	14	-4.2797805722561285e-05
14	5	-4.2797805722561285e-05
5	15	-4.279812723167154e-05
15	5	-4.279812723167154e-05
5	52	-4.279904668552253e-05
52	5	-4.279904668552253e-05
5	43	-4.2956540337938164e-05
43	5	-4.2956540337938164e-05
5	17	-4.295688936839462e-05
17	5	-4.295688936839462e-05
5	18	-4.295781318286282e-05
18	5	-4.295781318286282e-05
5	21	-4.3310016039725e-05
21	5	-4.3310016039725e-05
5	22	-4.331034223975073e-05
22	5	-4.331034223975073e-05
5	54	-4.331127508752252e-05
54	5	-4.331127508752252e-05
5	24	-4.314761685615752e-05
24	5	-4.314761685615752e-05
5	25	-4.314794156607794e-05
25	5	-4.314794156607794e-05
5	53	-4.3148870159210014e-05
53	5	-4.3148870159210014e-05
5	47	-4.384017102653405e-05
47	5	-4.384017102653405e-05
5	27	-4.3840529185650277e-05
27	5	-4.3840529185650277e-05
5	28	-4.384147597937909e-05
28	5	-4.384147597937909e-05
5	50	-4.313219647944267e-05
50	5	-4.313219647944267e-05
5	30	-4.3132520964609335e-05
30	5	-4.3132520964609335e-05
5	51	-4.313344891563176e-05
51	5	-4.313344891563176e-05
38	16	-0.00011976880652309383
16	38	-0.00011976880652309383
7	16	-0.0001197692520458959
16	7	-0.0001197692520458959
8	16	-0.00011977052296508095
16	8	-0.00011977052296508095
9	10	-0.0001910088652520708
10	9	-0.0001910088652520708
9	14	-0.00014750134232119347
14	9	-0.00014750134232119347
9	15	-0.00015032673743274215
15	9	-0.00015032673743274215
9	16	-0.00015872077385102446
16	9	-0.00015872077385102446
40	16	-0.00012073989838627402
16	40	-0.00012073989838627402
10	16	-0.00012074043378171153
16	10	-0.00012074043378171153
11	16	-0.0001207417193153895
16	11	-0.0001207417193153895
12	16	-0.00015872890968376401
16	12	-0.00015872890968376401
14	16	-0.00011851376952555578
16	14	-0.00011851376952555578
15	16	-0.00011851420838527712
16	15	-0.00011851420838527712
42	16	-0.00015875344430599968
16	42	-0.00015875344430599968
16	43	-0.00011897390766048532
43	16	-0.00011897390766048532
16	17	-0.00011897442097819335
17	16	-0.00011897442097819335
16	18	-0.00011897567994085672
18	16	-0.00011897567994085672
16	19	-0.0001587251529063254
19	16	-0.0001587251529063254
16	21	-0.00011994148032657141
21	16	-0.00011994148032657141
16	22	-0.00011994192673219757
22	16	-0.00011994192673219757
16	54	-0.00011994320016455188
54	16	-0.00011994320016455188
16	45	-0.00015874064945024653
45	16	-0.00015874064945024653
16	24	-0.00011948864125296302
24	16	-0.00011948864125296302
16	25	-0.00011948908525903057
25	16	-0.00011948908525903057
16	53	-0.00011949035185993771
53	16	-0.00011949035185993771
16	46	-0.00015874411321200962
46	16	-0.00015874411321200962
16	47	-0.00012142124152685189
47	16	-0.00012142124152685189
16	27	-0.00012142177080163324
27	16	-0.00012142177080163324
16	28	-0.00012142306667365957
28	16	-0.00012142306667365957
16	29	-0.00015872506138108833
29	16	-0.00015872506138108833
16	50	-0.00011942604198822459
50	16	-0.00011942604198822459
16	30	-0.00011942648562213343
30	16	-0.00011942648562213343
16	51	-0.00011942775116327963
51	16	-0.00011942775116327963
16	49	-0.0001587600314452472
49	16	-0.0001587600314452472
16	35	-0.00015880069499487067
35	16	-0.00015880069499487067
