0	1	-0.00012181849015294799
1	0	-0.00012181849015294799
4	0	-0.00016656124926458087
0	4	-0.00016656124926458087
1	3	-0.00014251470411942634
3	1	-0.00014251470411942634
9	3	-0.00015876131483555443
3	9	-0.00015876131483555443
0	2	-1.9586557103830053e-05
2	0	-1.9586557103830053e-05
2	1	-4.371491000741807e-05
1	2	-4.371491000741807e-05
0	3	-1.7390401869762912e-05
3	0	-1.7390401869762912e-05
1	9	-0.00015849116973151476
9	1	-0.00015849116973151476
2	9	-0.00018151707800039923
9	2	-0.00018151707800039923
1	13	-2.0889580133968172e-07
13	1	-2.0889580133968172e-07
9	13	-0.00015879810521195545
13	9	-0.00015879810521195545
0	5	-1.6179041902620065e-05
5	0	-1.6179041902620065e-05
5	1	-1.6179041902620065e-05
1	5	-1.6179041902620065e-05
9	31	-0.00015877233106149463
31	9	-0.00015877233106149463
1	4	-0.00019633916669302263
4	1	-0.00019633916669302263
9	40	-0.00015873994009197917
40	9	-0.00015873994009197917
9	29	-0.00015878081388116046
29	9	-0.00015878081388116046
