0	1	-4.390495188511839e-05
1	0	-4.390495188511839e-05
4	0	-1.3116832098458593e-05
0	4	-1.3116832098458593e-05
1	3	-1.7390401869762912e-05
3	1	-1.7390401869762912e-05
9	3	-1.79837560963124e-07
3	9	-1.79837560963124e-07
0	36	-2.1795042822143906e-07
36	0	-2.1795042822143906e-07
2	36	-1.606578404366665e-07
36	2	-1.606578404366665e-07
0	2	-1.9586557103830053e-05
2	0	-1.9586557103830053e-05
3	2	-0.0001646435695691938
2	3	-0.0001646435695691938
36	1	-1.6067235072389103e-07
1	36	-1.6067235072389103e-07
2	1	-1.9586557103830053e-05
1	2	-1.9586557103830053e-05
1	35	-0.00019757007538578048
35	1	-0.00019757007538578048
0	35	-0.00019757170972330772
35	0	-0.00019757170972330772
0	38	-2.2368681470580584e-07
38	0	-2.2368681470580584e-07
2	38	-1.6488591217091056e-07
38	2	-1.6488591217091056e-07
0	6	-0.00014853300913361588
6	0	-0.00014853300913361588
3	6	-0.00019172737663053965
6	3	-0.00019172737663053965
38	5	-2.034698184924399e-07
5	38	-2.034698184924399e-07
6	5	-0.00015164719453376408
5	6	-0.00015164719453376408
5	4	-1.0741272632444856e-06
4	5	-1.0741272632444856e-06
1	37	-0.00019633947965358862
37	1	-0.00019633947965358862
4	37	-0.00019757170611718524
37	4	-0.00019757170611718524
37	2	-4.398829388795657e-05
2	37	-4.398829388795657e-05
0	3	-1.7390401869762912e-05
3	0	-1.7390401869762912e-05
1	28	-4.650985325104093e-09
28	1	-4.650985325104093e-09
9	28	-6.241251870688713e-05
28	9	-6.241251870688713e-05
1	9	-1.5772323438937773e-07
9	1	-1.5772323438937773e-07
2	9	-1.577092518586434e-07
9	2	-1.577092518586434e-07
0	39	-9.798268373489018e-09
39	0	-9.798268373489018e-09
28	39	-0.00019752179647377705
39	28	-0.00019752179647377705
9	52	-4.737770888930167e-05
52	9	-4.737770888930167e-05
39	52	-0.00015001667781273814
52	39	-0.00015001667781273814
0	8	-2.509014574858437e-09
8	0	-2.509014574858437e-09
52	8	-0.00019757065655332976
8	52	-0.00019757065655332976
0	7	-2.249456417743828e-09
7	0	-2.249456417743828e-09
8	7	-0.00018874071136420575
7	8	-0.00018874071136420575
7	1	-2.2500156679400188e-09
1	7	-2.2500156679400188e-09
1	13	-7.819575246909191e-09
13	1	-7.819575246909191e-09
9	13	-8.524246947252782e-09
13	9	-8.524246947252782e-09
13	29	-6.393283585531492e-05
29	13	-6.393283585531492e-05
0	29	-2.5593463255058745e-08
29	0	-2.5593463255058745e-08
1	11	-2.006231691353079e-09
11	1	-2.006231691353079e-09
2	11	-1.0165618532257927e-08
11	2	-1.0165618532257927e-08
0	40	-2.463007865285297e-08
40	0	-2.463007865285297e-08
29	40	-0.00019752164547958169
40	29	-0.00019752164547958169
11	49	-4.539046519097591e-05
49	11	-4.539046519097591e-05
40	49	-0.00015209231732770293
49	40	-0.00015209231732770293
0	10	-1.3962601416443963e-08
10	0	-1.3962601416443963e-08
49	10	-0.00019757063432139548
10	49	-0.00019757063432139548
1	47	-1.7544335051722935e-11
47	1	-1.7544335051722935e-11
10	47	-0.00019757170452074704
47	10	-0.00019757170452074704
47	2	-1.754055009972201e-11
2	47	-1.754055009972201e-11
2	13	-7.817691719004553e-09
13	2	-7.817691719004553e-09
13	50	-4.824472039698567e-05
50	13	-4.824472039698567e-05
40	50	-0.00014913161366193037
50	40	-0.00014913161366193037
0	12	-1.369084442349377e-08
12	0	-1.369084442349377e-08
50	12	-0.0001975706664253189
12	50	-0.0001975706664253189
1	48	-1.720280154907825e-11
48	1	-1.720280154907825e-11
12	48	-0.00019757171579132287
48	12	-0.00019757171579132287
48	0	-1.3432830075070307e-08
0	48	-1.3432830075070307e-08
0	5	-1.6179041902620065e-05
5	0	-1.6179041902620065e-05
5	1	-1.6179041902620065e-05
1	5	-1.6179041902620065e-05
1	31	-6.087319028445061e-09
31	1	-6.087319028445061e-09
9	31	-6.240637040386617e-05
31	9	-6.240637040386617e-05
0	30	-5.126886180732328e-09
30	0	-5.126886180732328e-09
31	30	-0.00019752204713557937
30	31	-0.00019752204713557937
0	17	-2.2838386816614717e-07
17	0	-2.2838386816614717e-07
2	17	-1.6834791619871256e-07
17	2	-1.6834791619871256e-07
0	16	-4.147056873748963e-09
16	0	-4.147056873748963e-09
30	16	-0.0001975701409187143
16	30	-0.0001975701409187143
17	15	-4.5078715487033015e-05
15	17	-4.5078715487033015e-05
16	15	-0.00015239576551105482
15	16	-0.00015239576551105482
1	14	-0.00019536668268866554
14	1	-0.00019536668268866554
15	14	-0.00019757170326693786
14	15	-0.00019757170326693786
14	2	-4.4211166053273603e-05
2	14	-4.4211166053273603e-05
1	20	-1.5460728611209968e-07
20	1	-1.5460728611209968e-07
2	20	-1.545938505726621e-07
20	2	-1.545938505726621e-07
0	41	-5.126883224295739e-09
41	0	-5.126883224295739e-09
31	41	-0.00019752193319831765
41	31	-0.00019752193319831765
20	53	-4.8089782504897745e-05
53	20	-4.8089782504897745e-05
41	53	-0.0001492735038104115
53	41	-0.0001492735038104115
0	19	-0.00019570661380387337
19	0	-0.00019570661380387337
53	19	-0.00019757066461205958
19	53	-0.00019757066461205958
2	18	-4.330556184906754e-05
18	2	-4.330556184906754e-05
19	18	-0.0001975715429347043
18	19	-0.0001975715429347043
18	0	-0.00019570613369988558
0	18	-0.00019570613369988558
8	2	-4.352576998669252e-05
2	8	-4.352576998669252e-05
1	32	-6.97647798765614e-09
32	1	-6.97647798765614e-09
9	32	-6.83776533886929e-10
32	9	-6.83776533886929e-10
1	23	-1.6038597434306e-07
23	1	-1.6038597434306e-07
2	23	-1.6037151573259675e-07
23	2	-1.6037151573259675e-07
0	42	-1.6771616309886414e-08
42	0	-1.6771616309886414e-08
32	42	-0.00019752216106719013
42	32	-0.00019752216106719013
23	51	-4.678879999899718e-05
51	23	-4.678879999899718e-05
42	51	-0.00015063434619356104
51	42	-0.00015063434619356104
0	22	-7.83625157789836e-09
22	0	-7.83625157789836e-09
51	22	-0.00019757064985121588
22	51	-0.00019757064985121588
0	21	-7.575605712279282e-09
21	0	-7.575605712279282e-09
22	21	-0.00019757158831945672
21	22	-0.00019757158831945672
9	11	-1.087219739884985e-08
11	9	-1.087219739884985e-08
11	33	-5.898613540746723e-05
33	11	-5.898613540746723e-05
0	33	-2.7942552340191034e-08
33	0	-2.7942552340191034e-08
1	25	-1.463731300805786e-07
25	1	-1.463731300805786e-07
2	25	-1.463610874899233e-07
25	2	-1.463610874899233e-07
0	43	-2.697861214591106e-08
43	0	-2.697861214591106e-08
33	43	-0.00019752232655639875
43	33	-0.00019752232655639875
25	46	-5.0107552260160786e-05
46	25	-5.0107552260160786e-05
43	46	-0.00014720160737693018
46	43	-0.00014720160737693018
0	24	-1.5246277568820173e-08
24	0	-1.5246277568820173e-08
46	24	-0.00019757068726947936
24	46	-0.00019757068726947936
3	45	-6.960834419480155e-09
45	3	-6.960834419480155e-09
24	45	-0.00019757158726121018
45	24	-0.00019757158726121018
45	0	-1.4991573512935613e-08
0	45	-1.4991573512935613e-08
1	27	-0.00015069933887842786
27	1	-0.00015069933887842786
3	27	-0.00019752284470009212
27	3	-0.00019752284470009212
2	34	-4.401774955464552e-05
34	2	-4.401774955464552e-05
27	34	-0.00015173321480325188
34	27	-0.00015173321480325188
4	54	-0.00019745954220528697
54	4	-0.00019745954220528697
34	54	-0.00019757172332020252
54	34	-0.00019757172332020252
0	26	-0.0001962279023590733
26	0	-0.0001962279023590733
54	26	-0.00019757063800996782
26	54	-0.00019757063800996782
1	44	-0.00019623010262849954
44	1	-0.00019623010262849954
26	44	-0.00019757170581567705
44	26	-0.00019757170581567705
44	2	-4.4016136756858543e-05
2	44	-4.4016136756858543e-05
35	2	-4.371363653647983e-05
2	35	-4.371363653647983e-05
35	37	-0.0001963382811659565
37	35	-0.0001963382811659565
35	7	-0.00019668427153014798
7	35	-0.00019668427153014798
35	47	-0.0001957579542733236
47	35	-0.0001957579542733236
35	48	-0.0001955021327502192
48	35	-0.0001955021327502192
35	14	-0.00019536448802475094
14	35	-0.00019536448802475094
35	18	-0.00019570644369726553
18	35	-0.00019570644369726553
35	21	-0.00019749982996374006
21	35	-0.00019749982996374006
35	45	-0.00019298366632716264
45	35	-0.00019298366632716264
35	44	-0.00019622790271398932
44	35	-0.00019622790271398932
2	7	-4.3525415141189675e-05
7	2	-4.3525415141189675e-05
2	48	-1.7199162509879872e-11
48	2	-1.7199162509879872e-11
2	21	-4.371116222498719e-05
21	2	-4.371116222498719e-05
2	45	-1.7486974273328164e-09
45	2	-1.7486974273328164e-09
37	7	-0.00019545586682232969
7	37	-0.00019545586682232969
37	47	-0.00019698818662719717
47	37	-0.00019698818662719717
37	48	-0.00019428118111307466
48	37	-0.00019428118111307466
37	14	-0.00019659234072253885
14	37	-0.00019659234072253885
37	18	-0.00019448412402812181
18	37	-0.00019448412402812181
37	21	-0.00019626636484542195
21	37	-0.00019626636484542195
37	45	-0.0001917784538557663
45	37	-0.0001917784538557663
37	44	-0.00019746118639279178
44	37	-0.00019746118639279178
7	47	-0.00019488635064739146
47	7	-0.00019488635064739146
7	48	-0.00019638475688929792
48	7	-0.00019638475688929792
7	14	-0.00019449109471954268
14	7	-0.00019449109471954268
7	18	-0.00019658654387365705
18	7	-0.00019658654387365705
7	21	-0.00019675115362260148
21	7	-0.00019675115362260148
7	45	-0.00019385491264651804
45	7	-0.00019385491264651804
7	44	-0.00019534990839218256
44	7	-0.00019534990839218256
47	48	-0.00019372616712669665
48	47	-0.00019372616712669665
47	14	-0.0001971603600403531
14	47	-0.0001971603600403531
47	18	-0.0001939140190369669
18	47	-0.0001939140190369669
47	21	-0.00019569972357786995
21	47	-0.00019569972357786995
47	45	-0.00019123059449931663
45	47	-0.00019123059449931663
47	44	-0.00019709901834686597
44	47	-0.00019709901834686597
48	14	-0.00019332226254912575
14	48	-0.00019332226254912575
48	18	-0.0001973658842700467
18	48	-0.0001973658842700467
48	21	-0.0001955738512298773
21	48	-0.0001955738512298773
48	45	-0.00019502713095340447
45	48	-0.00019502713095340447
48	44	-0.00019417586556199118
44	48	-0.00019417586556199118
14	18	-0.00019352413103072263
18	14	-0.00019352413103072263
14	21	-0.00019529761836607334
21	14	-0.00019529761836607334
14	45	-0.00019083189661536036
45	14	-0.00019083189661536036
14	44	-0.00019670296613590846
44	14	-0.00019670296613590846
18	21	-0.00019576952235426394
21	18	-0.00019576952235426394
18	45	-0.00019482339241208213
45	18	-0.00019482339241208213
18	44	-0.0001943786904747854
44	18	-0.0001943786904747854
21	45	-0.00019305446029105433
45	21	-0.00019305446029105433
21	44	-0.00019615996991975416
44	21	-0.00019615996991975416
45	44	-0.0001916744959169452
44	45	-0.0001916744959169452
35	4	-0.00019633770903514257
4	35	-0.00019633770903514257
35	8	-0.00019668470344792703
8	35	-0.00019668470344792703
35	10	-0.00019575738296511477
10	35	-0.00019575738296511477
35	12	-0.00019550244185997798
12	35	-0.00019550244185997798
35	15	-0.00019536391719287896
15	35	-0.00019536391719287896
35	16	-0.0001506912674834066
16	35	-0.0001506912674834066
35	19	-0.0001957069238016046
19	35	-0.0001957069238016046
35	22	-0.00019750026437819783
22	35	-0.00019750026437819783
35	24	-0.00019298410349643415
24	35	-0.00019298410349643415
35	26	-0.00019622733074035371
26	35	-0.00019622733074035371
0	37	-0.00019633859380051945
37	0	-0.00019633859380051945
0	47	-1.3699465175240206e-08
47	0	-1.3699465175240206e-08
0	14	-0.0001953650582754248
14	0	-0.0001953650582754248
0	15	-0.00019536448744189588
15	0	-0.00019536448744189588
0	44	-0.00019622847433436945
44	0	-0.00019622847433436945
2	12	-2.7518703136110844e-10
12	2	-2.7518703136110844e-10
2	19	-4.330592577351114e-05
19	2	-4.330592577351114e-05
2	22	-4.3711518949845216e-05
22	2	-4.3711518949845216e-05
2	24	-2.0033665771659584e-09
24	2	-2.0033665771659584e-09
37	8	-0.0001954562976639954
8	37	-0.0001954562976639954
37	10	-0.00019698761009465327
10	37	-0.00019698761009465327
37	12	-0.0001942814899039052
12	37	-0.0001942814899039052
37	15	-0.00019659176467209035
15	37	-0.00019659176467209035
37	16	-0.00015163833043449926
16	37	-0.00015163833043449926
37	19	-0.00019448460274733853
19	37	-0.00019448460274733853
37	22	-0.000196266798174882
22	37	-0.000196266798174882
37	24	-0.00019177888988558848
24	37	-0.00019177888988558848
37	26	-0.0001974606091861709
26	37	-0.0001974606091861709
4	7	-0.0001388363876814666
7	4	-0.0001388363876814666
4	8	-0.00014533283225701038
8	4	-0.00014533283225701038
4	2	-1.3003523388434887e-06
2	4	-1.3003523388434887e-06
4	47	-9.121086051857258e-09
47	4	-9.121086051857258e-09
4	10	-9.384209299765738e-09
10	4	-9.384209299765738e-09
4	48	-8.943564505139312e-09
48	4	-8.943564505139312e-09
4	12	-9.201566361137057e-09
12	4	-9.201566361137057e-09
4	14	-0.00019659291651434084
14	4	-0.00019659291651434084
4	15	-0.00019659234046220933
15	4	-0.00019659234046220933
4	16	-0.00015163883456040567
16	4	-0.00015163883456040567
4	18	-0.00019448381403074184
18	4	-0.00019448381403074184
4	19	-0.00019448429274960727
19	4	-0.00019448429274960727
4	21	-3.0406024517246054e-09
21	4	-3.0406024517246054e-09
4	22	-3.3012327769278224e-09
22	4	-3.3012327769278224e-09
4	45	-1.0560095143699166e-08
45	4	-1.0560095143699166e-08
4	24	-1.0814783980124711e-08
24	4	-1.0814783980124711e-08
4	44	-0.00019746176357158545
44	4	-0.00019746176357158545
4	26	-0.00019746118636327788
26	4	-0.00019746118636327788
7	10	-0.00019488578305209715
10	7	-0.00019488578305209715
7	12	-0.00019638506622960948
12	7	-0.00019638506622960948
7	15	-0.0001944907831789117
15	7	-0.0001944907831789117
7	16	-0.00015002217474277695
16	7	-0.00015002217474277695
7	19	-0.00019658728200565306
19	7	-0.00019658728200565306
7	22	-0.0001967504624085201
22	7	-0.0001967504624085201
7	24	-0.00019385535063949584
24	7	-0.00019385535063949584
7	26	-0.0001953495968515516
26	7	-0.0001953495968515516
8	47	-0.00019488703703990717
47	8	-0.00019488703703990717
8	10	-0.000194886469442468
10	8	-0.000194886469442468
8	48	-0.00019638432681925918
48	8	-0.00019638432681925918
8	12	-0.0001963846361594584
12	8	-0.0001963846361594584
8	14	-0.00019449152471604379
14	8	-0.00019449152471604379
8	15	-0.0001944912131751399
15	8	-0.0001944912131751399
8	16	-0.00015002276291626796
16	8	-0.00015002276291626796
8	18	-0.00019658585629265773
18	8	-0.00019658585629265773
8	19	-0.00019658659442201045
19	8	-0.00019658659442201045
8	21	-0.00019675184411979286
21	8	-0.00019675184411979286
8	22	-0.0001967511529032904
22	8	-0.0001967511529032904
8	45	-0.0001938544881204693
45	8	-0.0001938544881204693
8	24	-0.0001938549261130457
24	8	-0.0001938549261130457
8	44	-0.000195350339141026
44	8	-0.000195350339141026
8	26	-0.00019535002760012212
26	8	-0.00019535002760012212
2	26	-4.4016469433442e-05
26	2	-4.4016469433442e-05
47	12	-0.0001937264757725504
12	47	-0.0001937264757725504
47	15	-0.00019716004424232214
15	47	-0.00019716004424232214
47	16	-0.00015208443685402456
16	47	-0.00015208443685402456
47	19	-0.00019391475060467182
19	47	-0.00019391475060467182
47	22	-0.00019570041460499756
22	47	-0.00019570041460499756
47	24	-0.0001912310300111737
24	47	-0.0001912310300111737
47	26	-0.0001970995952152911
26	47	-0.0001970995952152911
10	48	-0.00019372560445825405
48	10	-0.00019372560445825405
10	12	-0.00019372616612204165
12	10	-0.00019372616612204165
10	2	-2.806492500864522e-10
2	10	-2.806492500864522e-10
10	14	-0.00019716067572873224
14	10	-0.00019716067572873224
10	15	-0.00019716035993061715
15	10	-0.00019716035993061715
10	16	-0.00015208474053423187
16	10	-0.00015208474053423187
10	18	-0.00019391345553450078
18	10	-0.00019391345553450078
10	19	-0.00019391418709987395
19	10	-0.00019391418709987395
10	21	-0.00019569915255599415
21	10	-0.00019569915255599415
10	22	-0.00019569984358095433
22	10	-0.00019569984358095433
10	45	-0.00019123028884056152
45	10	-0.00019123028884056152
10	24	-0.00019123072435212963
24	10	-0.00019123072435212963
10	44	-0.00019709844135434233
44	10	-0.00019709844135434233
10	26	-0.00019709901822108074
26	10	-0.00019709901822108074
48	15	-0.00019332195289869784
15	48	-0.00019332195289869784
48	16	-0.00014912382704673527
16	48	-0.00014912382704673527
48	19	-0.00019736540259160333
19	48	-0.00019736540259160333
48	22	-0.00019557342115983858
22	48	-0.00019557342115983858
48	24	-0.0001950275700546378
24	48	-0.0001950275700546378
48	26	-0.00019417555591156327
26	48	-0.00019417555591156327
12	14	-0.00019332257108947443
14	12	-0.00019332257108947443
12	15	-0.00019332226143896567
15	12	-0.00019332226143896567
12	16	-0.0001491241240418849
16	12	-0.0001491241240418849
12	18	-0.00019736619386664133
18	12	-0.00019736619386664133
12	19	-0.00019736571218807213
19	12	-0.00019736571218807213
12	21	-0.00019557416035836987
21	12	-0.00019557416035836987
12	22	-0.0001955737302882188
22	12	-0.0001955737302882188
12	45	-0.00019502682529464938
45	12	-0.00019502682529464938
12	24	-0.00019502726439559373
24	12	-0.00019502726439559373
12	44	-0.00019417617432531195
44	12	-0.00019417617432531195
12	26	-0.00019417586467480316
26	12	-0.00019417586467480316
14	16	-0.00015239525767198091
16	14	-0.00015239525767198091
14	19	-0.00019352460866208337
19	14	-0.00019352460866208337
14	22	-0.00019529805084339118
22	14	-0.00019529805084339118
14	24	-0.00019083233175027473
24	14	-0.00019083233175027473
14	26	-0.00019670354241645496
26	14	-0.00019670354241645496
15	18	-0.00019352356799599867
18	15	-0.00019352356799599867
15	19	-0.0001935242986643521
19	15	-0.0001935242986643521
15	21	-0.00019529730554205144
21	15	-0.00019529730554205144
15	22	-0.0001952977380190941
22	15	-0.0001952977380190941
15	45	-0.00019083159095660521
45	15	-0.00019083159095660521
15	24	-0.00019083202609123062
24	15	-0.00019083202609123062
15	44	-0.00019670238962598102
44	15	-0.00019670238962598102
15	26	-0.0001967029659048422
26	15	-0.0001967029659048422
16	18	-0.00014927282873058748
18	16	-0.00014927282873058748
16	19	-0.00014927345138212637
19	16	-0.00014927345138212637
16	21	-0.00015064619498624763
21	16	-0.00015064619498624763
16	22	-0.00015064658818666026
22	16	-0.00015064658818666026
16	45	-0.00014720321873564724
45	16	-0.00014720321873564724
16	24	-0.00014720361262250765
24	16	-0.00014720361262250765
16	44	-0.00015172457023886234
44	16	-0.00015172457023886234
16	26	-0.00015172507477574082
26	16	-0.00015172507477574082
18	22	-0.00019576883585983295
22	18	-0.00019576883585983295
18	24	-0.00019482383132069403
24	18	-0.00019482383132069403
18	26	-0.00019437838047740546
26	18	-0.00019437838047740546
19	21	-0.00019577025847253738
21	19	-0.00019577025847253738
19	22	-0.00019576957197546847
22	19	-0.00019576957197546847
19	45	-0.00019482291694290752
45	19	-0.00019482291694290752
19	24	-0.00019482335585106989
24	19	-0.00019482335585106989
19	44	-0.0001943791690745257
44	19	-0.0001943791690745257
19	26	-0.00019437885907679444
26	19	-0.00019437885907679444
21	24	-0.00019305489752725693
24	21	-0.00019305489752725693
21	26	-0.00019615965709573227
26	21	-0.00019615965709573227
22	45	-0.00019305403576500558
45	22	-0.00019305403576500558
22	24	-0.0001930544730008068
24	22	-0.0001930544730008068
22	44	-0.00019616040315562568
44	22	-0.00019616040315562568
22	26	-0.0001961600903313286
26	22	-0.0001961600903313286
45	26	-0.00019167419025819008
26	45	-0.00019167419025819008
24	44	-0.00019167493184848194
44	24	-0.00019167493184848194
24	26	-0.00019167462618943786
26	24	-0.00019167462618943786
0	52	-3.2530817032108246e-09
52	0	-3.2530817032108246e-09
0	50	-1.4430489283394276e-08
50	0	-1.4430489283394276e-08
0	53	-0.00019570749083036787
53	0	-0.00019570749083036787
0	51	-8.583427144171862e-09
51	0	-8.583427144171862e-09
0	46	-1.5976403194389498e-08
46	0	-1.5976403194389498e-08
35	5	-0.00019633607936713613
5	35	-0.00019633607936713613
35	6	-0.00015069812827366843
6	35	-0.00015069812827366843
35	52	-0.0001966855855257389
52	35	-0.0001966855855257389
35	39	-0.00015068371951379667
39	35	-0.00015068371951379667
35	49	-0.00019575575565419735
49	35	-0.00019575575565419735
35	40	-0.0001506892390522255
40	35	-0.0001506892390522255
35	50	-0.00019550331776191173
50	35	-0.00019550331776191173
35	30	-0.00015068981060934933
30	35	-0.00015068981060934933
35	53	-0.0001957078008283153
53	35	-0.0001957078008283153
35	41	-0.00015068989753840291
41	35	-0.00015068989753840291
35	51	-0.00019750115066364952
51	35	-0.00019750115066364952
35	42	-0.00015067402946406376
42	35	-0.00015067402946406376
35	46	-0.00019298496637620513
46	35	-0.00019298496637620513
35	43	-0.0001506782250527019
43	35	-0.0001506782250527019
35	54	-0.0001962257015227134
54	35	-0.0001962257015227134
35	34	-0.00019622514694112343
34	35	-0.00019622514694112343
35	27	-0.0001506974154386179
27	35	-0.0001506974154386179
0	49	-1.4716929185112952e-08
49	0	-1.4716929185112952e-08
0	54	-0.0001962262731366893
54	0	-0.0001962262731366893
0	34	-0.00019622571855346633
34	0	-0.00019622571855346633
0	27	-0.00015069791493550145
27	0	-0.00015069791493550145
1	4	-1.3116832098458593e-05
4	1	-1.3116832098458593e-05
1	6	-0.00014685933755325154
6	1	-0.00014685933755325154
1	8	-2.5096350588960182e-09
8	1	-2.5096350588960182e-09
1	52	-3.253873942948834e-09
52	1	-3.253873942948834e-09
1	39	-3.6925215031885497e-09
39	1	-3.6925215031885497e-09
1	10	-2.8070943560825984e-10
10	1	-2.8070943560825984e-10
1	49	-1.0351167791491039e-09
49	1	-1.0351167791491039e-09
1	40	-6.859636759806336e-09
40	1	-6.859636759806336e-09
1	12	-2.7524489668279045e-10
12	1	-2.7524489668279045e-10
1	50	-1.0149662635103878e-09
50	1	-1.0149662635103878e-09
1	15	-0.0001953661118504305
15	1	-0.0001953661118504305
1	16	-4.1483897911972245e-09
16	1	-4.1483897911972245e-09
1	30	-5.128508596035026e-09
30	1	-5.128508596035026e-09
1	18	-0.00019570525537397572
18	1	-0.00019570525537397572
1	19	-0.00019570573547696818
19	1	-0.00019570573547696818
1	53	-0.00019570661250285022
53	1	-0.00019570661250285022
1	41	-5.128505637727e-09
41	1	-5.128505637727e-09
1	21	-2.9196908709871547e-09
21	1	-2.9196908709871547e-09
1	22	-3.1803803534645987e-09
22	1	-3.1803803534645987e-09
1	51	-3.6496193673207953e-10
51	1	-3.6496193673207953e-10
1	42	-5.994661555589934e-09
42	1	-5.994661555589934e-09
1	45	-1.7490473209037165e-09
45	1	-1.7490473209037165e-09
1	24	-2.0037648445880145e-09
24	1	-2.0037648445880145e-09
1	46	-2.733952218636866e-09
46	1	-2.733952218636866e-09
1	43	-1.0483712402901968e-09
43	1	-1.0483712402901968e-09
1	26	-0.00019622953064848698
26	1	-0.00019622953064848698
1	54	-0.00019622790141262961
54	1	-0.00019622790141262961
1	34	-0.00019622734682476838
34	1	-0.00019622734682476838
2	5	-4.398957703800902e-05
5	2	-4.398957703800902e-05
2	6	-0.0001807671137174453
6	2	-0.0001807671137174453
2	52	-4.352670843673362e-05
52	2	-4.352670843673362e-05
2	39	-0.00019755110958164968
39	2	-0.00019755110958164968
2	49	-1.0348987955174597e-09
49	2	-1.0348987955174597e-09
2	40	-6.8579518268006804e-09
40	2	-6.8579518268006804e-09
2	50	-1.0147566833439018e-09
50	2	-1.0147566833439018e-09
2	15	-4.421150051077323e-05
15	2	-4.421150051077323e-05
2	16	-0.00019756234582412124
16	2	-0.00019756234582412124
2	30	-0.00019756020336125392
30	2	-0.00019756020336125392
2	53	-4.330685858255094e-05
53	2	-4.330685858255094e-05
2	41	-0.00019756031732466687
41	2	-0.00019756031732466687
2	51	-4.3712462123261645e-05
51	2	-4.3712462123261645e-05
2	42	-0.00019753675178548215
42	2	-0.00019753675178548215
2	46	-2.7334189192578263e-09
46	2	-2.7334189192578263e-09
2	43	-9.205281975659287e-09
43	2	-9.205281975659287e-09
2	54	-4.401742077287743e-05
54	2	-4.401742077287743e-05
2	27	-0.0001975716224748004
27	2	-0.0001975716224748004
37	5	-0.0001975700615077781
5	37	-0.0001975700615077781
37	6	-0.00015164525321379333
6	37	-0.00015164525321379333
37	52	-0.00019545717888091522
52	37	-0.00019545717888091522
37	39	-0.00015163071423096407
39	37	-0.00015163071423096407
37	49	-0.0001969859678729904
49	37	-0.0001969859678729904
37	40	-0.00015163621386924517
40	37	-0.00015163621386924517
37	50	-0.0001942823649553628
50	37	-0.0001942823649553628
37	30	-0.00015163686079823483
30	37	-0.00015163686079823483
37	53	-0.00019448547892166466
53	37	-0.00019448547892166466
37	41	-0.00015163694827361715
41	37	-0.00015163694827361715
37	51	-0.00019626768359233413
51	37	-0.00019626768359233413
37	42	-0.00015162093762532587
42	37	-0.00015162093762532587
37	46	-0.00019177975193666766
46	37	-0.00019177975193666766
37	43	-0.0001516251220188727
43	37	-0.0001516251220188727
37	54	-0.00019745896503299846
54	37	-0.00019745896503299846
37	34	-0.0001974584053277844
34	37	-0.0001974584053277844
37	27	-0.00015164453589863505
27	37	-0.00015164453589863505
4	6	-0.00015164575736077867
6	4	-0.00015164575736077867
4	52	-0.000195456867339793
52	4	-0.000195456867339793
4	39	-3.850839413859256e-09
39	4	-3.850839413859256e-09
4	49	-1.0138500064560881e-08
49	4	-1.0138500064560881e-08
4	40	-1.86827923520816e-08
40	4	-1.86827923520816e-08
4	50	-9.941175643606364e-09
50	4	-9.941175643606364e-09
4	30	-0.00015163736491987927
30	4	-0.00015163736491987927
4	53	-0.0001944851689237172
53	4	-0.0001944851689237172
4	41	-0.00015163745239540102
41	4	-0.00015163745239540102
4	51	-4.048372036201199e-09
51	4	-4.048372036201199e-09
4	42	-1.0823769667768895e-08
42	4	-1.0823769667768895e-08
4	46	-1.1544874938480265e-08
46	4	-1.1544874938480265e-08
4	43	-2.103087936518199e-08
43	4	-2.103087936518199e-08
4	34	-0.00019745898249841413
34	4	-0.00019745898249841413
4	27	-0.00015164504004447701
27	4	-0.00015164504004447701
5	7	-0.00013916661354411366
7	5	-0.00013916661354411366
5	8	-0.00014567851007753335
8	5	-0.00014567851007753335
5	52	-0.00019545598463994676
52	5	-0.00019545598463994676
5	39	-3.6913371896165644e-09
39	5	-3.6913371896165644e-09
5	47	-8.998302201159179e-09
47	5	-8.998302201159179e-09
5	10	-9.261425252852915e-09
10	5	-9.261425252852915e-09
5	49	-1.0015715461702876e-08
49	5	-1.0015715461702876e-08
5	40	-1.8523305100295535e-08
40	5	-1.8523305100295535e-08
5	48	-8.823170367570128e-09
48	5	-8.823170367570128e-09
5	12	-9.081172034916573e-09
12	5	-9.081172034916573e-09
5	50	-9.820780782870647e-09
50	5	-9.820780782870647e-09
5	14	-0.00019659455668223866
14	5	-0.00019659455668223866
5	15	-0.00019659398062532696
15	5	-0.00019659398062532696
5	16	-0.00015164027167349273
16	5	-0.00015164027167349273
5	30	-0.00015163880202085723
30	5	-0.00015163880202085723
5	18	-0.000194482935704832
18	5	-0.000194482935704832
5	19	-0.00019448341442270212
19	5	-0.00019448341442270212
5	53	-0.00019448429059619956
53	5	-0.00019448429059619956
5	41	-0.00015163888949677403
41	5	-0.00015163888949677403
5	21	-2.918978353655621e-09
21	5	-2.918978353655621e-09
5	22	-3.17960841146206e-09
22	5	-3.17960841146206e-09
5	51	-3.926747125242365e-09
51	5	-3.926747125242365e-09
5	42	-1.0664261483191248e-08
42	5	-1.0664261483191248e-08
5	45	-1.0441251629220238e-08
45	5	-1.0441251629220238e-08
5	24	-1.069594020012334e-08
24	5	-1.069594020012334e-08
5	46	-1.1426030637642967e-08
46	5	-1.1426030637642967e-08
5	43	-2.0871381905207694e-08
43	5	-2.0871381905207694e-08
5	44	-0.00019746340766934882
44	5	-0.00019746340766934882
5	26	-0.00019746283045625056
26	5	-0.00019746283045625056
5	54	-0.000197461186284574
54	5	-0.000197461186284574
5	34	-0.00019746062657298956
34	5	-0.00019746062657298956
5	27	-0.0001516464772142229
27	5	-0.0001516464772142229
6	7	-0.0001500267177850328
7	6	-0.0001500267177850328
6	8	-0.00015002710882962354
8	6	-0.00015002710882962354
6	52	-0.0001500279582088332
52	6	-0.0001500279582088332
6	39	-0.00019755083610561706
39	6	-0.00019755083610561706
6	47	-3.981704872637687e-09
47	6	-3.981704872637687e-09
6	10	-4.244819907557588e-09
10	6	-4.244819907557588e-09
6	49	-4.999087402075869e-09
49	6	-4.999087402075869e-09
6	40	-1.2007111670179271e-08
40	6	-1.2007111670179271e-08
6	48	-3.904209889743507e-09
48	6	-3.904209889743507e-09
6	12	-4.162203849336764e-09
12	6	-4.162203849336764e-09
6	50	-4.901790758525631e-09
50	6	-4.901790758525631e-09
6	14	-0.000152402229948258
14	6	-0.000152402229948258
6	15	-0.000152402737808669
15	6	-0.000152402737808669
6	16	-0.00019756207232470927
16	6	-0.00019756207232470927
6	30	-0.00019755992986616463
30	6	-0.00019755992986616463
6	18	-0.00014927959690923508
18	6	-0.00014927959690923508
6	19	-0.00014928021958950514
19	6	-0.00014928021958950514
6	53	-0.00014928128545401806
53	6	-0.00014928128545401806
6	41	-0.00019756004382941983
41	6	-0.00019756004382941983
6	21	-0.0001506500705282966
21	6	-0.0001506500705282966
6	22	-0.0001506504637321183
22	6	-0.0001506504637321183
6	51	-0.0001506513170490089
51	6	-0.0001506513170490089
6	42	-4.14721279901882e-09
42	6	-4.14721279901882e-09
6	45	-5.585645180509687e-09
45	6	-5.585645180509687e-09
6	24	-5.840322902924492e-09
24	6	-5.840322902924492e-09
6	46	-6.57039206057627e-09
46	6	-6.57039206057627e-09
6	43	-1.4354771397686517e-08
43	6	-1.4354771397686517e-08
6	44	-0.0001517314984923502
44	6	-0.0001517314984923502
6	26	-0.0001517320030503359
26	6	-0.0001517320030503359
6	54	-0.00015173344139257926
54	6	-0.00015173344139257926
6	34	-0.0001517339325129589
34	6	-0.0001517339325129589
6	27	-0.0001975713489554464
27	6	-0.0001975713489554464
7	52	-0.00019756996424789722
52	7	-0.00019756996424789722
7	39	-0.00015001467523344372
39	7	-0.00015001467523344372
7	49	-0.00019488416633789638
49	7	-0.00019488416633789638
7	40	-0.00015002020811759315
40	7	-0.00015002020811759315
7	50	-0.00019638594274635116
50	7	-0.00019638594274635116
7	30	-0.0001500207269371452
30	7	-0.0001500207269371452
7	53	-0.00019658889648421188
53	7	-0.00019658889648421188
7	41	-0.00015002081347548915
41	7	-0.00015002081347548915
7	51	-0.0001967488386216138
51	7	-0.0001967488386216138
7	42	-0.00015000504666815088
42	7	-0.00015000504666815088
7	46	-0.00019385621411832686
46	7	-0.00019385621411832686
7	43	-1.0481261655453665e-09
43	7	-1.0481261655453665e-09
7	54	-0.00019534871415309726
54	7	-0.00019534871415309726
7	34	-0.00019534841992027913
34	7	-0.00019534841992027913
7	27	-0.00015002600816470677
27	7	-0.00015002600816470677
8	39	-0.00015001526337773277
39	8	-0.00015001526337773277
8	49	-0.0001948848527221413
49	8	-0.0001948848527221413
8	40	-9.113557244917821e-10
40	8	-9.113557244917821e-10
8	50	-0.00019638551267590052
50	8	-0.00019638551267590052
8	30	-0.00015002131510524988
30	8	-0.00015002131510524988
8	53	-0.00019658820889540166
53	8	-0.00019658820889540166
8	41	-0.00015002140164378336
41	8	-0.00015002140164378336
8	51	-0.0001967495291102271
51	8	-0.0001967495291102271
8	42	-0.00015000563477558863
42	8	-0.00015000563477558863
8	46	-0.00019385578959158484
46	8	-0.00019385578959158484
8	43	-3.258305253760589e-09
43	8	-3.258305253760589e-09
8	54	-0.00019534914490089452
54	8	-0.00019534914490089452
8	34	-0.00019534885066781866
34	8	-0.00019534885066781866
8	27	-0.00015002639920867584
27	8	-0.00015002639920867584
52	47	-0.0001948886518960304
47	52	-0.0001948886518960304
52	10	-0.0001948880842939336
10	52	-0.0001948880842939336
52	49	-0.0001948864675603016
49	52	-0.0001948864675603016
52	40	-0.00015002221061952476
40	52	-0.00015002221061952476
52	48	-0.0001963834494763802
48	52	-0.0001963834494763802
52	12	-0.00019638375881635023
12	52	-0.00019638375881635023
52	50	-0.00019638463533218123
50	52	-0.00019638463533218123
52	14	-0.00019449240525683088
14	52	-0.00019449240525683088
52	15	-0.00019449209371570866
15	52	-0.00019449209371570866
52	16	-0.00015002409856048598
16	52	-0.00015002409856048598
52	30	-0.00015002272959269372
30	52	-0.00015002272959269372
52	18	-0.00019658424115184955
18	52	-0.00019658424115184955
52	19	-0.00019658497927449366
19	52	-0.00019658497927449366
52	53	-0.00019658659373465333
53	52	-0.00019658659373465333
52	41	-0.00015002281613161382
41	52	-0.00015002281613161382
52	21	-0.00019675346735599633
21	52	-0.00019675346735599633
52	22	-0.0001967527761342728
22	52	-0.0001967527761342728
52	51	-0.00019675115232784064
51	52	-0.00019675115232784064
52	42	-0.00015000704912966398
42	52	-0.00015000704912966398
52	45	-0.0001938536220873298
45	52	-0.0001938536220873298
52	24	-0.00019385406007908746
24	52	-0.00019385406007908746
52	46	-0.00019385492355703112
46	52	-0.00019385492355703112
52	43	-0.00015001125206427462
43	52	-0.00015001125206427462
52	44	-0.0001953512202836879
44	52	-0.0001953512202836879
52	26	-0.00019535090874256569
26	52	-0.00019535090874256569
52	54	-0.00019535002604271947
54	52	-0.00019535002604271947
52	34	-0.0001953497318094374
34	52	-0.0001953497318094374
52	27	-0.00015002724858738817
27	52	-0.00015002724858738817
39	47	-0.00015208013849193688
47	39	-0.00015208013849193688
39	10	-0.00015208044217099914
10	39	-0.00015208044217099914
39	49	-0.00015208130461567934
49	39	-0.00015208130461567934
39	40	-0.0001975537328374429
40	39	-0.0001975537328374429
39	48	-0.00014911961236035575
48	39	-0.00014911961236035575
39	12	-0.0001491199093544045
12	39	-0.0001491199093544045
39	50	-0.00014912075294774705
50	39	-0.00014912075294774705
39	14	-0.00015238758698469138
14	39	-0.00015238758698469138
39	15	-0.00015238809480027098
15	39	-0.00015238809480027098
39	16	-0.00019756104668273224
16	39	-0.00019756104668273224
39	30	-0.00019756318914287266
30	39	-0.00019756318914287266
39	18	-0.00014926538270176282
18	39	-0.00014926538270176282
39	19	-0.000149266005321669
19	39	-0.000149266005321669
39	53	-0.00014926740939469723
53	39	-0.00014926740939469723
39	41	-0.00019756307518402184
41	39	-0.00019756307518402184
39	21	-0.00015064193710372746
21	39	-0.00015064193710372746
39	22	-0.00015064233030039469
22	39	-0.00015064233030039469
39	51	-0.00015064318361156172
51	39	-0.00015064318361156172
39	42	-0.0001975579241841036
42	39	-0.0001975579241841036
39	45	-0.00014719905838036934
45	39	-0.00014719905838036934
39	24	-0.00014719945226329643
24	39	-0.00014719945226329643
39	46	-0.0001472002836620382
46	39	-0.0001472002836620382
39	43	-0.00019756638069713615
43	39	-0.00019756638069713615
39	44	-0.0001517169480095243
44	39	-0.0001517169480095243
39	26	-0.0001517174525231616
26	39	-0.0001517174525231616
39	54	-0.00015171889073938312
54	39	-0.00015171889073938312
39	34	-0.00015171938181726604
34	39	-0.00015171938181726604
39	27	-0.00019755177048518782
27	39	-0.00019755177048518782
47	49	-0.00019757005536395663
49	47	-0.00019757005536395663
47	40	-0.00015209036791260236
40	47	-0.00015209036791260236
47	50	-0.00019372735043740288
50	47	-0.00019372735043740288
47	30	-0.00015208354209293693
30	47	-0.00015208354209293693
47	53	-0.000193916353111439
53	47	-0.000193916353111439
47	41	-0.00015208362981461218
41	47	-0.00015208362981461218
47	51	-0.0001957020398056556
51	47	-0.0001957020398056556
47	42	-0.00015207445412738013
42	47	-0.00015207445412738013
47	46	-0.00019123189168555036
46	47	-0.00019123189168555036
47	43	-0.00015207924013216706
43	47	-0.00015207924013216706
47	54	-0.00019710123843772563
54	47	-0.00019710123843772563
47	34	-0.00019710179785106157
34	47	-0.00019710179785106157
47	27	-0.00015208762992300395
27	47	-0.00015208762992300395
10	40	-0.00015209087416503484
40	10	-0.00015209087416503484
10	50	-0.0001937270407866784
50	10	-0.0001937270407866784
10	30	-0.00015208384577290588
30	10	-0.00015208384577290588
10	53	-0.000193915789602041
53	10	-0.000193915789602041
10	41	-0.00015208393349460447
41	10	-0.00015208393349460447
10	51	-0.0001957014687769064
51	10	-0.0001957014687769064
10	42	-0.00015207475780492806
42	10	-0.00015207475780492806
10	46	-0.0001912315860262961
46	10	-0.0001912315860262961
10	43	-0.00015207974636218338
43	10	-0.00015207974636218338
10	54	-0.0001971006614387245
54	10	-0.0001971006614387245
10	34	-0.00019710122085044802
34	10	-0.00019710122085044802
10	27	-0.0001520879336040619
27	10	-0.0001520879336040619
49	48	-0.0001937240018051598
48	49	-0.0001937240018051598
49	12	-0.00019372456346433272
12	49	-0.00019372456346433272
49	50	-0.00019372616344295909
50	49	-0.00019372616344295909
49	14	-0.00019716157019828885
14	49	-0.00019716157019828885
49	15	-0.00019716125439994944
15	49	-0.00019716125439994944
49	16	-0.00015208560298196565
16	49	-0.00015208560298196565
49	30	-0.000152084708220004
30	49	-0.000152084708220004
49	18	-0.00019391185050135362
18	49	-0.00019391185050135362
49	19	-0.00019391258206006778
19	49	-0.00019391258206006778
49	53	-0.00019391418454909386
53	49	-0.00019391418454909386
49	41	-0.00015208479594176495
41	49	-0.00015208479594176495
49	21	-0.00019569752606206567
21	49	-0.00019569752606206567
49	22	-0.0001956982170808355
22	49	-0.0001956982170808355
49	51	-0.0001956998422633441
51	49	-0.0001956998422633441
49	42	-0.0001520756202455701
42	49	-0.0001520756202455701
49	45	-0.00019122942280742203
45	49	-0.00019122942280742203
49	24	-0.00019122985831817135
24	49	-0.00019122985831817135
49	46	-0.00019123071999174236
46	49	-0.00019123071999174236
49	43	-0.00015208118946125835
43	49	-0.00015208118946125835
49	44	-0.0001970967978197752
44	49	-0.0001970967978197752
49	26	-0.0001970973746816951
26	49	-0.0001970973746816951
49	54	-0.00019709901788565298
54	49	-0.00019709901788565298
49	34	-0.00019709957729277002
34	49	-0.00019709957729277002
49	27	-0.00015208879605406401
27	49	-0.00015208879605406401
40	48	-0.0001491297199820013
48	40	-0.0001491297199820013
40	12	-0.00014913021173947885
12	40	-0.00014913021173947885
40	14	-0.0001523930700576519
14	40	-0.0001523930700576519
40	15	-0.00015239357785259703
15	40	-0.00015239357785259703
40	16	-0.00019755931626271254
16	40	-0.00019755931626271254
40	30	-0.00019755815399867682
30	40	-0.00019755815399867682
40	18	-0.00014927093059764187
18	40	-0.00014927093059764187
40	19	-0.00014927155319575944
19	40	-0.00014927155319575944
40	53	-0.0001492729572137799
53	40	-0.0001492729572137799
40	41	-0.0001975582679461313
41	40	-0.0001975582679461313
40	21	-0.00015064753651191954
21	40	-0.00015064753651191954
40	22	-0.00015064812845272635
22	40	-0.00015064812845272635
40	51	-0.00015064955151025198
51	40	-0.00015064955151025198
40	42	-0.0001975463490423925
42	40	-0.0001975463490423925
40	45	-0.0001472103757512628
45	40	-0.0001472103757512628
40	24	-0.00014721095942355956
24	40	-0.00014721095942355956
40	46	-0.00014721233487469815
46	40	-0.00014721233487469815
40	43	-0.00019755728817617905
43	40	-0.00019755728817617905
40	44	-0.00015172244565720566
44	40	-0.00015172244565720566
40	26	-0.00015172295015051284
26	40	-0.00015172295015051284
40	54	-0.00015172438830862684
54	40	-0.00015172438830862684
40	34	-0.00015172487936646726
34	40	-0.00015172487936646726
40	27	-0.00019756346395005564
27	40	-0.00019756346395005564
48	50	-0.00019757009873826902
50	48	-0.00019757009873826902
48	30	-0.0001491229497038563
30	48	-0.0001491229497038563
48	53	-0.0001973645252487243
53	48	-0.0001973645252487243
48	41	-0.000149123035717864
41	48	-0.000149123035717864
48	51	-0.00019557254381695957
51	48	-0.00019557254381695957
48	42	-0.00014911403865265385
42	48	-0.00014911403865265385
48	46	-0.0001950284343394742
46	48	-0.0001950284343394742
48	43	-0.00014911883536821815
43	48	-0.00014911883536821815
48	54	-0.0001941746785686843
54	48	-0.0001941746785686843
48	34	-0.00019417438612105795
34	48	-0.00019417438612105795
48	27	-0.0001491269579566172
27	48	-0.0001491269579566172
12	30	-0.00014912324669877678
30	12	-0.00014912324669877678
12	53	-0.00019736483484496394
53	12	-0.00019736483484496394
12	41	-0.00014912333271280696
41	12	-0.00014912333271280696
12	51	-0.00019557285294511065
51	12	-0.00019557285294511065
12	42	-0.00014911433564524665
42	12	-0.00014911433564524665
12	46	-0.00019502812868021997
46	12	-0.00019502812868021997
12	43	-0.000149119327104227
43	12	-0.000149119327104227
12	54	-0.000194174987331695
54	12	-0.000194174987331695
12	34	-0.00019417469488399228
34	12	-0.00019417469488399228
12	27	-0.0001491272549525847
27	12	-0.0001491272549525847
50	14	-0.0001933234454729798
14	50	-0.0001933234454729798
50	15	-0.00019332313582225534
15	50	-0.00019332313582225534
50	16	-0.00014912496763816333
16	50	-0.00014912496763816333
50	30	-0.00014912409029444403
30	50	-0.00014912409029444403
50	18	-0.0001973670710668052
18	50	-0.0001973670710668052
50	19	-0.00019736658938790047
19	50	-0.00019736658938790047
50	53	-0.00019736571204418118
53	50	-0.00019736571204418118
50	41	-0.00014912417630853414
41	50	-0.00014912417630853414
50	21	-0.00019557503631026043
21	50	-0.00019557503631026043
50	22	-0.0001955746062398098
22	50	-0.0001955746062398098
50	51	-0.00019557372889609048
51	50	-0.00019557372889609048
50	42	-0.00014911517923470676
42	50	-0.00014911517923470676
50	45	-0.0001950259592615099
45	50	-0.0001950259592615099
50	24	-0.00019502639836163545
24	50	-0.00019502639836163545
50	46	-0.00019502726264566622
46	50	-0.00019502726264566622
50	43	-0.00014912072896577293
43	50	-0.00014912072896577293
50	44	-0.00019417704930341006
44	50	-0.00019417704930341006
50	26	-0.0001941767396526856
26	50	-0.0001941767396526856
50	54	-0.0001941758623089663
54	50	-0.0001941758623089663
50	34	-0.00019417556986105986
34	50	-0.00019417556986105986
50	27	-0.00014912809855104398
27	50	-0.00014912809855104398
