10	7	-0.0001783722586525374
7	10	-0.0001783722586525374
0	7	-4.641610519920665e-10
7	0	-4.641610519920665e-10
7	4	-0.00016528133263174523
4	7	-0.00016528133263174523
0	1	-3.9514456696606546e-05
1	0	-3.9514456696606546e-05
4	32	-1.5731273893734387e-09
32	4	-1.5731273893734387e-09
2	32	-6.026735585969749e-05
32	2	-6.026735585969749e-05
1	2	-2.0675676221102618e-07
2	1	-2.0675676221102618e-07
5	2	-1.8621327378231154e-07
2	5	-1.8621327378231154e-07
0	35	-2.8710506321626323e-09
35	0	-2.8710506321626323e-09
32	35	-0.00019752165974942575
35	32	-0.00019752165974942575
2	53	-4.613953433051479e-05
53	2	-4.613953433051479e-05
35	53	-0.00015129639723058578
53	35	-0.00015129639723058578
53	0	-0.00019757064267568426
0	53	-0.00019757064267568426
8	0	-7.220284915740937e-10
0	8	-7.220284915740937e-10
1	6	-1.676581701387706e-05
6	1	-1.676581701387706e-05
2	6	-1.938260008066786e-07
6	2	-1.938260008066786e-07
0	37	-1.954663026944001e-07
37	0	-1.954663026944001e-07
5	37	-1.6997126610868464e-07
37	5	-1.6997126610868464e-07
0	5	-1.276427922576375e-09
5	0	-1.276427922576375e-09
6	5	-0.00019047637752695184
5	6	-0.00019047637752695184
37	4	-1.6998550896567731e-07
4	37	-1.6998550896567731e-07
5	4	-4.290375557560668e-05
4	5	-4.290375557560668e-05
0	3	-0.00019098210286820096
3	0	-0.00019098210286820096
4	3	-0.00013653469232290542
3	4	-0.00013653469232290542
0	36	-0.00019312554489009937
36	0	-0.00019312554489009937
3	36	-0.00019757172039991565
36	3	-0.00019757172039991565
11	6	-0.0001489705568890999
6	11	-0.0001489705568890999
0	6	-2.234296871863733e-09
6	0	-2.234296871863733e-09
6	4	-0.00014785832640001084
4	6	-0.00014785832640001084
4	33	-2.3254926625520464e-09
33	4	-2.3254926625520464e-09
2	33	-6.0270419554581334e-05
33	2	-6.0270419554581334e-05
1	9	-1.9433806313201357e-07
9	1	-1.9433806313201357e-07
5	9	-1.7502946989043455e-07
9	5	-1.7502946989043455e-07
0	38	-5.2180819773991605e-09
38	0	-5.2180819773991605e-09
33	38	-0.00019752163696205228
38	33	-0.00019752163696205228
9	51	-4.8350335777961564e-05
51	9	-4.8350335777961564e-05
38	51	-0.00014900551434693032
51	38	-0.00014900551434693032
51	8	-0.00019757066752054995
8	51	-0.00019757066752054995
8	7	-0.00019146318467332956
7	8	-0.00019146318467332956
1	4	-0.0001455071015761199
4	1	-0.0001455071015761199
4	13	-0.00014785537304854695
13	4	-0.00014785537304854695
2	13	-6.026527377851388e-05
13	2	-6.026527377851388e-05
0	9	-2.012837195399808e-07
9	0	-2.012837195399808e-07
0	12	-1.2760129375722676e-09
12	0	-1.2760129375722676e-09
13	12	-0.00019752177368637203
12	13	-0.00019752177368637203
9	11	-4.8346660102419077e-05
11	9	-4.8346660102419077e-05
12	11	-0.00014900548899209255
11	12	-0.00014900548899209255
0	10	-0.00015325819162212103
10	0	-0.00015325819162212103
11	10	-0.0001903594451323159
10	11	-0.0001903594451323159
0	39	-0.00019457776096582996
39	0	-0.00019457776096582996
10	39	-0.00019757169898443864
39	10	-0.00019757169898443864
4	34	-2.3026937148799642e-09
34	4	-2.3026937148799642e-09
2	34	-3.646679028225494e-10
34	2	-3.646679028225494e-10
0	40	-7.542382761193937e-09
40	0	-7.542382761193937e-09
34	40	-0.00019752165974942575
40	34	-0.00019752165974942575
2	49	-4.614394728523477e-05
49	2	-4.614394728523477e-05
40	49	-0.00015129639723058578
49	40	-0.00015129639723058578
0	15	-8.027511119992527e-10
15	0	-8.027511119992527e-10
49	15	-0.00019757064267568426
15	49	-0.00019757064267568426
0	14	-5.409835849336501e-10
14	0	-5.409835849336501e-10
15	14	-0.00019757170745364865
14	15	-0.00019757170745364865
14	2	-4.6142653893330405e-05
2	14	-4.6142653893330405e-05
9	3	-2.0822937594794812e-07
3	9	-2.0822937594794812e-07
0	19	-0.0001512646286452806
19	0	-0.0001512646286452806
2	19	-6.025938464523648e-05
19	2	-6.025938464523648e-05
0	42	-2.1509335809695092e-07
42	0	-2.1509335809695092e-07
5	42	-1.870367542477694e-07
42	5	-1.870367542477694e-07
0	18	-0.00015130313806151267
18	0	-0.00015130313806151267
19	18	-0.00019752177368637206
18	19	-0.00019752177368637206
42	17	-4.597907954222504e-05
17	42	-4.597907954222504e-05
18	17	-0.00015145680972847883
17	18	-0.00015145680972847883
0	16	-0.00019736756580551013
16	0	-0.00019736756580551013
17	16	-0.00019757064093470128
16	17	-0.00019757064093470128
0	41	-0.0001973678800038556
41	0	-0.0001973678800038556
16	41	-0.00019757170684244973
41	16	-0.00019757170684244973
41	2	-4.618138543867535e-05
2	41	-4.618138543867535e-05
1	22	-2.0341060854898455e-07
22	1	-2.0341060854898455e-07
5	22	-1.831998683224328e-07
22	5	-1.831998683224328e-07
1	43	-5.286532585807953e-09
43	1	-5.286532585807953e-09
34	43	-0.00019752273076191024
43	34	-0.00019752273076191024
22	50	-4.671915838521526e-05
50	22	-4.671915838521526e-05
43	50	-0.00015069977473522976
50	43	-0.00015069977473522976
0	21	-7.995905975291453e-10
21	0	-7.995905975291453e-10
50	21	-0.00019757064913729353
21	50	-0.00019757064913729353
1	20	-5.389878785493241e-10
20	1	-5.389878785493241e-10
21	20	-0.0001975715706290374
20	21	-0.0001975715706290374
20	0	-5.388533005016918e-10
0	20	-5.388533005016918e-10
0	45	-1.9854702550262284e-07
45	0	-1.9854702550262284e-07
5	45	-1.726499364624186e-07
45	5	-1.726499364624186e-07
0	25	-0.00015130252712120302
25	0	-0.00015130252712120302
19	25	-0.00019752257124867645
25	19	-0.00019752257124867645
45	24	-4.884001864537541e-05
24	45	-4.884001864537541e-05
25	24	-0.00014848938834426044
24	25	-0.00014848938834426044
0	23	-0.00019389844451063934
23	0	-0.00019389844451063934
24	23	-0.00019757067311040416
23	24	-0.00019757067311040416
0	44	-0.00019389788491299485
44	0	-0.00019389788491299485
23	44	-0.00019757171813822468
44	23	-0.00019757171813822468
0	47	-1.964243410201934e-07
47	0	-1.964243410201934e-07
5	47	-1.7080427555350338e-07
47	5	-1.7080427555350338e-07
0	28	-1.2764261554842535e-09
28	0	-1.2764261554842535e-09
6	28	-0.00019752163696205228
28	6	-0.00019752163696205228
47	27	-4.923488486232121e-05
27	47	-4.923488486232121e-05
28	27	-0.00014808199465150766
27	28	-0.00014808199465150766
0	26	-0.00019336890067756695
26	0	-0.00019336890067756695
27	26	-0.00019757067753627293
26	27	-0.00019757067753627293
0	46	-0.00019336834343730919
46	0	-0.00019336834343730919
26	46	-0.00019757171969199392
46	26	-0.00019757171969199392
1	31	-2.010897571300441e-07
31	1	-2.010897571300441e-07
5	31	-1.811098017445013e-07
31	5	-1.811098017445013e-07
0	48	-5.218089199144018e-09
48	0	-5.218089199144018e-09
33	48	-0.00019752191041088105
48	33	-0.00019752191041088105
31	52	-4.7124104545380516e-05
52	31	-4.7124104545380516e-05
48	52	-0.00015027742675131325
52	48	-0.00015027742675131325
0	30	-7.281928685047445e-10
30	0	-7.281928685047445e-10
52	30	-0.00019757065372419098
30	52	-0.00019757065372419098
0	29	-4.681238636554947e-10
29	0	-4.681238636554947e-10
30	29	-0.0001975717113323968
29	30	-0.0001975717113323968
1	36	-0.00019312610220518654
36	1	-0.00019312610220518654
1	7	-1.6179041902620065e-05
7	1	-1.6179041902620065e-05
1	39	-0.00019457832436215816
39	1	-0.00019457832436215816
1	14	-5.411192292911581e-10
14	1	-5.411192292911581e-10
1	41	-0.0001973675658597704
41	1	-0.0001973675658597704
1	44	-0.00019389844546630335
44	1	-0.00019389844546630335
1	46	-0.00019336890176798388
46	1	-0.00019336890176798388
1	29	-0.00019624367860629474
29	1	-0.00019624367860629474
36	7	-0.00019609193669946988
7	36	-0.00019609193669946988
36	39	-0.00019609773306515177
39	36	-0.00019609773306515177
36	2	-4.509799267552202e-05
2	36	-4.509799267552202e-05
36	14	-0.0001931191852570052
14	36	-0.0001931191852570052
36	41	-0.00019292882107542408
41	36	-0.00019292882107542408
36	20	-0.00019388287285097779
20	36	-0.00019388287285097779
36	44	-0.00019678357364572122
44	36	-0.00019678357364572122
36	46	-0.00019732420239083453
46	36	-0.00019732420239083453
36	29	-0.00019443191920012079
29	36	-0.00019443191920012079
7	39	-0.00019756642138654955
39	7	-0.00019756642138654955
7	2	-2.015133624097159e-07
2	7	-2.015133624097159e-07
7	14	-0.00019457714782222593
14	7	-0.00019457714782222593
7	41	-0.00019438079804528547
41	7	-0.00019438079804528547
7	20	-0.0001953465824213775
20	7	-0.0001953465824213775
7	44	-0.00019687615993330628
44	7	-0.00019687615993330628
7	46	-0.00019633846275692976
46	7	-0.00019633846275692976
7	29	-0.00019589977368350455
29	7	-0.00019589977368350455
39	2	-4.543832384616288e-05
2	39	-4.543832384616288e-05
39	14	-0.0001945713295601637
14	39	-0.0001945713295601637
39	41	-0.0001943779085423291
41	39	-0.0001943779085423291
39	20	-0.0001953407529119794
20	39	-0.0001953407529119794
39	44	-0.00019688199129458815
44	39	-0.00019688199129458815
39	46	-0.00019634427009783135
46	39	-0.00019634427009783135
39	29	-0.00019589393603542573
29	39	-0.00019589393603542573
2	20	-4.596095341299096e-05
20	2	-4.596095341299096e-05
2	44	-4.527699982871563e-05
44	2	-4.527699982871563e-05
2	46	-4.515467529013233e-05
46	2	-4.515467529013233e-05
2	29	-4.582982543438891e-05
29	2	-4.582982543438891e-05
14	41	-0.00019737114422886735
41	14	-0.00019737114422886735
14	20	-0.0001967940893066419
20	14	-0.0001967940893066419
14	44	-0.00019389148706743572
44	14	-0.00019389148706743572
14	46	-0.0001933619718199759
46	14	-0.0001933619718199759
14	29	-0.00019623835058374666
29	14	-0.00019623835058374666
41	20	-0.0001965937422961734
20	41	-0.0001965937422961734
41	44	-0.00019370204781616538
44	41	-0.00019370204781616538
41	46	-0.00019317137618051996
46	41	-0.00019317137618051996
41	29	-0.00019604033947025952
29	41	-0.00019604033947025952
20	44	-0.00019465823542670486
44	20	-0.00019465823542670486
20	46	-0.00019412661951061564
46	20	-0.00019412661951061564
20	29	-0.00019701435423221997
29	20	-0.00019701435423221997
44	46	-0.00019703097504547435
46	44	-0.00019703097504547435
44	29	-0.00019520948922998848
29	44	-0.00019520948922998848
46	29	-0.000194676358289721
29	46	-0.000194676358289721
1	3	-0.00018439192225336933
3	1	-0.00018439192225336933
1	8	-0.0001710806795908503
8	1	-0.0001710806795908503
1	10	-0.00015829389058348513
10	1	-0.00015829389058348513
1	15	-8.02951327253649e-10
15	1	-8.02951327253649e-10
1	16	-0.00019736725166150825
16	1	-0.00019736725166150825
1	21	-7.997892391554917e-10
21	1	-7.997892391554917e-10
1	23	-0.00019389900506555055
23	1	-0.00019389900506555055
1	26	-0.00019336945900983344
26	1	-0.00019336945900983344
1	30	-0.00019624399033917815
30	1	-0.00019624399033917815
0	2	-2.1414626382073437e-07
2	0	-2.1414626382073437e-07
36	8	-0.00019609137554726415
8	36	-0.00019609137554726415
36	10	-0.0001960971548340742
10	36	-0.0001960971548340742
36	15	-0.00019311862796074508
15	36	-0.00019311862796074508
36	16	-0.00019292851393878056
16	36	-0.00019292851393878056
36	21	-0.0001938821780648462
21	36	-0.0001938821780648462
36	23	-0.00019678326650907774
23	36	-0.00019678326650907774
36	26	-0.0001973236396290966
26	36	-0.0001973236396290966
36	30	-0.00019443136019834978
30	36	-0.00019443136019834978
3	7	-4.6404230256857684e-10
7	3	-4.6404230256857684e-10
3	8	-7.218447120482156e-10
8	3	-7.218447120482156e-10
3	39	-0.00019609829385280796
39	3	-0.00019609829385280796
3	10	-0.00014853300913361588
10	3	-0.00014853300913361588
3	2	-2.2153576543044253e-07
2	3	-2.2153576543044253e-07
3	14	-2.2686408400443234e-09
14	3	-2.2686408400443234e-09
3	15	-2.5304111139106816e-09
15	3	-2.5304111139106816e-09
3	41	-0.00019292912700906185
41	3	-0.00019292912700906185
3	16	-0.00019292881987233878
16	3	-0.00019292881987233878
3	20	-2.259707389200628e-09
20	3	-2.259707389200628e-09
3	21	-2.5204486226462128e-09
21	3	-2.5204486226462128e-09
3	44	-0.00019678388057809562
44	3	-0.00019678388057809562
3	23	-0.00019678357344137258
23	3	-0.00019678357344137258
3	46	-0.00019732450946328167
46	3	-0.00019732450946328167
3	26	-0.00019732420232655863
26	3	-0.00019732420232655863
3	29	-4.680030781749768e-10
29	3	-4.680030781749768e-10
3	30	-7.280059379240613e-10
30	3	-7.280059379240613e-10
7	15	-0.0001945765844292471
15	7	-0.0001945765844292471
7	16	-0.00019438048860458414
16	7	-0.00019438048860458414
7	21	-0.00019534588049637038
21	7	-0.00019534588049637038
7	23	-0.00019687672417507084
23	7	-0.00019687672417507084
7	26	-0.00019633902461590753
26	7	-0.00019633902461590753
7	30	-0.00019589920855921485
30	7	-0.00019589920855921485
8	39	-0.0001975658540952813
39	8	-0.0001975658540952813
8	10	-0.00018406365961234837
10	8	-0.00018406365961234837
8	2	-4.5442290157571516e-05
2	8	-4.5442290157571516e-05
8	14	-0.00019457771043499044
14	8	-0.00019457771043499044
8	15	-0.00019457714704039495
15	8	-0.00019457714704039495
8	41	-0.00019438110665297522
41	8	-0.00019438110665297522
8	16	-0.00019438079721219314
16	8	-0.00019438079721219314
8	20	-0.00019534714623923325
20	8	-0.00019534714623923325
8	21	-0.00019534644431239088
21	8	-0.00019534644431239088
8	44	-0.0001968755955120777
44	8	-0.0001968755955120777
8	23	-0.00019687615975222744
23	8	-0.00019687615975222744
8	46	-0.00019633790057948795
46	8	-0.00019633790057948795
8	26	-0.00019633846243686195
26	8	-0.00019633846243686195
8	29	-0.00019590008268770154
29	8	-0.00019590008268770154
8	30	-0.0001958997732469194
30	8	-0.0001958997732469194
39	15	-0.00019457076618301404
15	39	-0.00019457076618301404
39	16	-0.00019437759910149313
16	39	-0.00019437759910149313
39	21	-0.00019534005100484112
21	39	-0.00019534005100484112
39	23	-0.0001968825555539182
23	39	-0.0001968825555539182
39	26	-0.00019634483197425342
26	39	-0.00019634483197425342
39	30	-0.00019589337092701593
30	39	-0.00019589337092701593
10	2	-4.543865674377675e-05
2	10	-4.543865674377675e-05
10	14	-0.00019457190908530063
14	10	-0.00019457190908530063
10	15	-0.00019457134570646323
15	10	-0.00019457134570646323
10	41	-0.0001943782340626402
41	10	-0.0001943782340626402
10	16	-0.00019437792462169654
16	10	-0.00019437792462169654
10	20	-0.00019534133370911996
20	10	-0.00019534133370911996
10	21	-0.00019534063180006329
21	10	-0.00019534063180006329
10	44	-0.00019688140972594158
44	10	-0.00019688140972594158
10	23	-0.00019688197398363004
23	10	-0.00019688197398363004
10	46	-0.00019634369082001634
46	10	-0.00019634369082001634
10	26	-0.00019634425269480802
26	10	-0.00019634425269480802
10	29	-0.00019589451775229696
29	10	-0.00019589451775229696
10	30	-0.00019589395264219366
30	10	-0.00019589395264219366
2	21	-4.59613192837856e-05
21	2	-4.59613192837856e-05
2	23	-4.527732737862709e-05
23	2	-4.527732737862709e-05
2	26	-4.515500175252409e-05
26	2	-4.515500175252409e-05
2	30	-4.5830157810133633e-05
30	2	-4.5830157810133633e-05
14	16	-0.00019737083003060516
16	14	-0.00019737083003060516
14	21	-0.0001967945406081216
21	14	-0.0001967945406081216
14	23	-0.0001938920466458758
23	14	-0.0001938920466458758
14	26	-0.00019336252904116142
26	14	-0.00019336252904116142
14	30	-0.00019623892062382072
30	14	-0.00019623892062382072
15	2	-4.6142989022162344e-05
2	15	-4.6142989022162344e-05
15	41	-0.000197371458373901
41	15	-0.000197371458373901
15	16	-0.0001973711441755555
16	15	-0.0001973711441755555
15	20	-0.00019679351657334458
20	15	-0.00019679351657334458
15	21	-0.000196794227647115
21	15	-0.000196794227647115
15	44	-0.0001938909265331412
44	15	-0.0001938909265331412
15	23	-0.00019389148610997865
23	15	-0.00019389148610997865
15	46	-0.0001933614135081868
46	15	-0.0001933614135081868
15	26	-0.0001933619707277806
26	15	-0.0001933619707277806
15	29	-0.0001962377801941499
29	15	-0.0001962377801941499
15	30	-0.00019623835023257265
30	15	-0.00019623835023257265
41	21	-0.00019659419340371318
21	41	-0.00019659419340371318
41	23	-0.00019370235517976605
23	41	-0.00019370235517976605
41	26	-0.00019317168256170866
26	41	-0.00019317168256170866
41	30	-0.00019604065114961093
30	41	-0.00019604065114961093
16	20	-0.0001965934293354697
20	16	-0.0001965934293354697
16	21	-0.00019659388044270654
21	16	-0.00019659388044270654
16	44	-0.00019370148750522893
44	16	-0.00019370148750522893
16	23	-0.00019370204680938953
23	16	-0.00019370204680938953
16	46	-0.00019317106865773633
46	16	-0.00019317106865773633
16	26	-0.00019317137503884526
26	16	-0.00019317137503884526
16	29	-0.00019604002738768373
29	16	-0.00019604002738768373
16	30	-0.00019604033906695298
30	16	-0.00019604033906695298
20	23	-0.00019465879620183643
23	20	-0.00019465879620183643
20	26	-0.00019412717792194445
26	20	-0.00019412717792194445
20	30	-0.00019701492549805002
30	20	-0.00019701492549805002
21	44	-0.0001946575368475163
44	21	-0.0001946575368475163
21	23	-0.00019465809762082823
23	21	-0.00019465809762082823
21	46	-0.00019412592353485977
46	21	-0.00019412592353485977
21	26	-0.00019412648194438103
26	21	-0.00019412648194438103
21	29	-0.00019701364411923208
29	21	-0.00019701364411923208
21	30	-0.0001970142153831885
30	21	-0.0001970142153831885
44	26	-0.00019703128242791256
26	44	-0.00019703128242791256
44	30	-0.00019520892697646663
30	44	-0.00019520892697646663
23	46	-0.00019703066752269072
46	23	-0.00019703066752269072
23	26	-0.00019703097490504916
26	23	-0.00019703097490504916
23	29	-0.00019521005087049743
29	23	-0.00019521005087049743
23	30	-0.0001952094886153676
30	23	-0.0001952094886153676
46	30	-0.00019467579826812437
30	46	-0.00019467579826812437
26	29	-0.00019467691756167716
29	26	-0.00019467691756167716
26	30	-0.00019467635753848346
30	26	-0.00019467635753848346
0	4	-0.00014087818028561994
4	0	-0.00014087818028561994
0	51	-1.4612491548788759e-09
51	0	-1.4612491548788759e-09
0	11	-0.00014709992957268202
11	0	-0.00014709992957268202
0	50	-1.5470409237155576e-09
50	0	-1.5470409237155576e-09
0	24	-0.0001939000386124666
24	0	-0.0001939000386124666
0	27	-0.00019337048807659815
27	0	-0.00019337048807659815
0	52	-1.4737246970619591e-09
52	0	-1.4737246970619591e-09
1	53	-0.00019757006665109805
53	1	-0.00019757006665109805
1	35	-6.152251354634195e-10
35	1	-6.152251354634195e-10
1	5	-1.7390401869762912e-05
5	1	-1.7390401869762912e-05
1	51	-0.00019458359918214204
51	1	-0.00019458359918214204
1	38	-2.962229943501705e-09
38	1	-2.962229943501705e-09
1	11	-0.00015193328271828293
11	1	-0.00015193328271828293
1	12	-1.2764270390297107e-09
12	1	-1.2764270390297107e-09
1	49	-1.5535373616366616e-09
49	1	-1.5535373616366616e-09
1	40	-5.286503929296049e-09
40	1	-5.286503929296049e-09
1	17	-0.00019736636143309876
17	1	-0.00019736636143309876
1	18	-0.00015130263561438767
18	1	-0.00015130263561438767
1	50	-1.5474193999458884e-09
50	1	-1.5474193999458884e-09
1	24	-0.00019390059917193003
24	1	-0.00019390059917193003
1	25	-0.0001513020246750496
25	1	-0.0001513020246750496
1	27	-0.0001933710464133859
27	1	-0.0001933710464133859
1	28	-0.000151299688903567
28	1	-0.000151299688903567
1	52	-0.00019624487364148244
52	1	-0.00019624487364148244
1	48	-2.9622340431821913e-09
48	1	-2.9622340431821913e-09
0	49	-1.5531558871306014e-09
49	0	-1.5531558871306014e-09
0	17	-0.0001973666755768647
17	0	-0.0001973666755768647
0	43	-7.54242364613118e-09
43	0	-7.54242364613118e-09
53	36	-0.00019312395749920524
36	53	-0.00019312395749920524
53	3	-0.00019312451365780504
3	53	-0.00019312451365780504
53	4	-0.00019312609798135104
4	53	-0.00019312609798135104
53	5	-4.3893519869191886e-05
5	53	-4.3893519869191886e-05
53	7	-0.00019458122966399568
7	53	-0.00019458122966399568
53	8	-0.0001945815383240053
8	53	-0.0001945815383240053
53	51	-0.00019458241299165162
51	53	-0.00019458241299165162
53	38	-0.0001512932400662715
38	53	-0.0001512932400662715
53	39	-0.00019457615621908513
39	53	-0.00019457615621908513
53	10	-0.00019457673575961406
10	53	-0.00019457673575961406
53	11	-0.00019457833842711944
11	53	-0.00019457833842711944
53	12	-0.00015129846749574187
12	53	-0.00015129846749574187
53	14	-0.0001975673436474878
14	53	-0.0001975673436474878
53	15	-0.00019756676763157155
15	53	-0.00019756676763157155
53	49	-0.00019756512686750201
49	53	-0.00019756512686750201
53	40	-0.00015129007887055288
40	53	-0.00015129007887055288
53	41	-0.0001973687700886582
41	53	-0.0001973687700886582
53	16	-0.00019736845589009064
16	53	-0.00019736845589009064
53	17	-0.00019736756566081598
17	53	-0.00019736756566081598
53	18	-0.00015130422283711047
18	53	-0.00015130422283711047
53	20	-0.00019679645389862523
20	53	-0.00019679645389862523
53	21	-0.0001967969052023939
21	53	-0.0001967969052023939
53	50	-0.00019679779137999224
50	53	-0.00019679779137999224
53	43	-0.0001512892584955807
43	53	-0.0001512892584955807
53	44	-0.00019389628828031017
44	53	-0.00019389628828031017
53	23	-0.00019389684787337626
23	53	-0.00019389684787337626
53	24	-0.00019389844196219933
24	53	-0.00019389844196219933
53	25	-0.0001513036118954514
25	53	-0.0001513036118954514
53	46	-0.00019336675314795963
46	53	-0.00019336675314795963
53	26	-0.00019336731038367016
26	53	-0.00019336731038367016
53	27	-0.0001933688977697857
27	53	-0.0001933688977697857
53	28	-0.00015130162365242997
28	53	-0.00015130162365242997
53	29	-0.0001962424822897543
29	53	-0.0001962424822897543
53	30	-0.00019624279402232275
30	53	-0.00019624279402232275
53	52	-0.00019624367732378717
52	53	-0.00019624367732378717
53	48	-0.0001512930306069443
48	53	-0.0001512930306069443
35	36	-0.00014788912956151438
36	35	-0.00014788912956151438
35	3	-5.126876128861837e-09
3	35	-5.126876128861837e-09
35	4	-6.15419824536198e-10
4	35	-6.15419824536198e-10
35	5	-0.000197564830201016
5	35	-0.000197564830201016
35	7	-0.00014900671155577085
7	35	-0.00014900671155577085
35	8	-0.0001490072027918955
8	35	-0.0001490072027918955
35	51	-0.00014900860323141684
51	35	-0.00014900860323141684
35	38	-0.00019756761090655475
38	35	-0.00019756761090655475
35	39	-0.00014900155946958788
39	35	-0.00014900155946958788
35	10	-0.0001490020636550307
10	35	-0.0001490020636550307
35	11	-0.0001490034640513979
11	35	-0.0001490034640513979
35	12	-0.00019756920640698445
12	35	-0.00019756920640698445
35	14	-0.0001513007810578161
14	35	-0.0001513007810578161
35	15	-0.0001513012834991952
15	35	-0.0001513012834991952
35	49	-0.0001513027158194906
49	35	-0.0001513027158194906
35	40	-0.00019756293844004285
40	35	-0.00019756293844004285
35	41	-0.0001514466868514797
41	35	-0.0001514466868514797
35	16	-0.0001514471900371573
16	35	-0.0001514471900371573
35	17	-0.00015144862447521415
17	35	-0.00015144862447521415
35	18	-0.00019756018059370356
18	35	-0.00019756018059370356
35	20	-0.00015070484522968473
20	35	-0.00015070484522968473
35	21	-0.00015070545084611806
21	35	-0.00015070545084611806
35	50	-0.00015070687485168745
50	35	-0.00015070687485168745
35	43	-0.0001975618671790172
43	35	-0.0001975618671790172
35	44	-0.00014848015004195064
44	35	-0.00014848015004195064
35	23	-0.00014848063874127319
23	35	-0.00014848063874127319
35	24	-0.00014848203196310788
24	35	-0.00014848203196310788
35	25	-0.0001975609782902908
25	35	-0.0001975609782902908
35	46	-0.00014807505204493347
46	35	-0.00014807505204493347
35	26	-0.00014807553877485663
26	35	-0.00014807553877485663
35	27	-0.00014807692639320376
27	35	-0.00014807692639320376
35	28	-0.00019756455669677639
28	35	-0.00019756455669677639
35	29	-0.00015027884602757005
29	35	-0.00015027884602757005
35	30	-0.00015027934346701082
30	35	-0.00015027934346701082
35	52	-0.00015028076155615595
52	35	-0.00015028076155615595
35	48	-0.0001975673373898829
48	35	-0.0001975673373898829
36	4	-0.00019757011647423615
4	36	-0.00019757011647423615
36	5	-4.290251061600853e-05
5	36	-4.290251061600853e-05
36	51	-0.00019608977715659492
51	36	-0.00019608977715659492
36	38	-0.00014788607372409637
38	36	-0.00014788607372409637
36	11	-0.0001960955563980618
11	36	-0.0001960955563980618
36	12	-0.00014789113265837944
12	36	-0.00014789113265837944
36	49	-0.00019311704062364017
49	36	-0.00019311704062364017
36	40	-0.00014788301364992445
40	36	-0.00014788301364992445
36	17	-0.00019292764371829074
17	36	-0.00019292764371829074
36	18	-0.00014789704000951745
18	36	-0.00014789704000951745
36	50	-0.0001938805878922856
50	36	-0.0001938805878922856
36	43	-0.0001478822117287706
43	36	-0.0001478822117287706
36	24	-0.00019678239628858786
24	36	-0.00019678239628858786
36	25	-0.00014789644280979584
25	36	-0.00014789644280979584
36	27	-0.00019732203662469887
27	36	-0.00019732203662469887
36	28	-0.0001478941886849149
28	36	-0.0001478941886849149
36	52	-0.00019442976797222933
52	36	-0.00019442976797222933
36	48	-0.00014788586897646633
48	36	-0.00014788586897646633
3	5	-1.275999251639572e-09
5	3	-1.275999251639572e-09
3	51	-1.4608826841332916e-09
51	3	-1.4608826841332916e-09
3	38	-7.473934011296607e-09
38	3	-7.473934011296607e-09
3	11	-0.00014256461564315993
11	3	-0.00014256461564315993
3	12	-3.5318215236375136e-09
12	3	-3.5318215236375136e-09
3	49	-3.2808236716916036e-09
49	3	-3.2808236716916036e-09
3	40	-9.798261593091814e-09
40	3	-9.798261593091814e-09
3	17	-0.00019292794965162344
17	3	-0.00019292794965162344
3	18	-0.0001478975258628299
18	3	-0.0001478975258628299
3	50	-3.2679066703205006e-09
50	3	-3.2679066703205006e-09
3	43	-9.798314706454397e-09
43	3	-9.798314706454397e-09
3	24	-0.00019678270322065724
24	3	-0.00019678270322065724
3	25	-0.00014789692866217993
25	3	-0.00014789692866217993
3	27	-0.0001973225993175793
27	3	-0.0001973225993175793
3	28	-1.2759974857341582e-09
28	3	-1.2759974857341582e-09
3	52	-1.4733519428503608e-09
52	3	-1.4733519428503608e-09
3	48	-7.473944355105836e-09
48	3	-7.473944355105836e-09
4	8	-0.00017055503574166418
8	4	-0.00017055503574166418
4	51	-0.00019609193529316506
51	4	-0.00019609193529316506
4	38	-1.3675994523045636e-09
38	4	-1.3675994523045636e-09
4	39	-0.00019609989129218693
39	4	-0.00019609989129218693
4	10	-0.00018307224762334446
10	4	-0.00018307224762334446
4	11	-0.00019000896950594772
11	4	-0.00019000896950594772
4	12	-0.0001478930035685613
12	4	-0.0001478930035685613
4	2	-1.8623036885072575e-07
2	4	-1.8623036885072575e-07
4	14	-0.00019312132568353955
14	4	-0.00019312132568353955
4	15	-0.0001931207683811858
15	4	-0.0001931207683811858
4	49	-0.00019311918102667353
49	4	-0.00019311918102667353
4	40	-1.3448062832457678e-09
40	4	-1.3448062832457678e-09
4	41	-0.0001929299940223602
41	4	-0.0001929299940223602
4	16	-0.00019292968688542492
16	4	-0.00019292968688542492
4	17	-0.00019292881666410836
17	4	-0.00019292881666410836
4	18	-0.00014789891098689384
18	4	-0.00014789891098689384
4	20	-0.00019388501782829866
20	4	-0.00019388501782829866
4	21	-0.0001938843230352482
21	4	-0.0001938843230352482
4	50	-0.00019388273284524644
50	4	-0.00019388273284524644
4	43	-1.3448135751614966e-09
43	4	-1.3448135751614966e-09
4	44	-0.00019678475025469423
44	4	-0.00019678475025469423
4	23	-0.00019678444311775896
23	4	-0.00019678444311775896
4	24	-0.00019678357289644238
24	4	-0.00019678357289644238
4	25	-0.00014789831378361347
25	4	-0.00014789831378361347
4	46	-0.0001973253795134079
46	4	-0.0001973253795134079
4	26	-0.00019732507237647267
26	4	-0.00019732507237647267
4	27	-0.00019732420215515608
27	4	-0.00019732420215515608
4	28	-0.00014789605962930362
28	4	-0.00014789605962930362
4	29	-0.0001944340674682982
29	4	-0.0001944340674682982
4	30	-0.00019443350846041314
30	4	-0.00019443350846041314
4	52	-0.00019443191621682692
52	4	-0.00019443191621682692
4	48	-1.367601345617551e-09
48	4	-1.367601345617551e-09
5	7	-4.322995456118897e-05
7	5	-4.322995456118897e-05
5	8	-4.32302800461848e-05
8	5	-4.32302800461848e-05
5	51	-4.3231210852454135e-05
51	5	-4.3231210852454135e-05
5	38	-0.0001975601577982705
38	5	-0.0001975601577982705
5	39	-4.3226349607841716e-05
39	5	-4.3226349607841716e-05
5	10	-4.322667884258338e-05
10	5	-4.322667884258338e-05
5	11	-4.322760961935486e-05
11	5	-4.322760961935486e-05
5	12	-0.00019756790720870952
12	5	-0.00019756790720870952
5	14	-4.389661238526532e-05
14	5	-4.389661238526532e-05
5	15	-4.3896943936001555e-05
15	5	-4.3896943936001555e-05
5	49	-4.389789206088694e-05
49	5	-4.389789206088694e-05
5	40	-0.000197555485504625
40	5	-0.000197555485504625
5	41	-4.3933054800189723e-05
41	5	-4.3933054800189723e-05
5	16	-4.393338674671253e-05
16	5	-4.393338674671253e-05
5	17	-4.393433600189552e-05
17	5	-4.393433600189552e-05
5	18	-0.00019756763369478296
18	5	-0.00019756763369478296
5	20	-4.3723760059575067e-05
20	5	-4.3723760059575067e-05
5	21	-4.3724120805123754e-05
21	5	-4.3724120805123754e-05
5	50	-4.372506442176549e-05
50	5	-4.372506442176549e-05
5	43	-0.00019755441426312544
43	5	-0.00019755441426312544
5	44	-4.30727171283997e-05
44	5	-4.30727171283997e-05
5	23	-4.30730412320278e-05
23	5	-4.30730412320278e-05
5	24	-4.30739680943864e-05
24	5	-4.30739680943864e-05
5	25	-0.00019756843143701707
25	5	-0.00019756843143701707
5	46	-4.29564326477098e-05
46	5	-4.29564326477098e-05
5	26	-4.295675568267897e-05
26	5	-4.295675568267897e-05
5	27	-4.295767949368277e-05
27	5	-4.295767949368277e-05
5	28	-0.00019757200996314213
28	5	-0.00019757200996314213
5	29	-4.3598930618561045e-05
29	5	-4.3598930618561045e-05
5	30	-4.3599259464306743e-05
30	5	-4.3599259464306743e-05
5	52	-4.360019986615106e-05
52	5	-4.360019986615106e-05
5	48	-0.00019755988428658415
48	5	-0.00019755988428658415
7	51	-0.00019757010021799145
51	7	-0.00019757010021799145
7	38	-1.3671447357292302e-09
38	7	-1.3671447357292302e-09
7	11	-0.0001718603621191177
11	7	-0.0001718603621191177
7	12	-0.0001490087365335121
12	7	-0.0001490087365335121
7	49	-0.00019457497969207056
49	7	-0.00019457497969207056
7	40	-3.691334635284517e-09
40	7	-3.691334635284517e-09
7	17	-0.00019437961185593037
17	7	-0.00019437961185593037
7	18	-0.00014901379997048127
18	7	-0.00014901379997048127
7	50	-0.00019534427288090217
50	7	-0.00019534427288090217
7	43	-3.6913546443135063e-09
43	7	-3.6913546443135063e-09
7	24	-0.00019687833143525237
24	7	-0.00019687833143525237
7	25	-0.0001490131982802287
25	7	-0.0001490131982802287
7	27	-0.0001963406251013258
27	7	-0.0001963406251013258
7	28	-0.00014901182518504023
28	7	-0.00014901182518504023
7	52	-0.00019589759885906474
52	7	-0.00019589759885906474
7	48	-1.367146627783401e-09
48	7	-1.367146627783401e-09
8	38	-0.00014900411393366667
38	8	-0.00014900411393366667
8	11	-0.00017734398517411058
11	8	-0.00017734398517411058
8	12	-0.0001490092277758003
12	8	-0.0001490092277758003
8	49	-0.0001945755422986001
49	8	-0.0001945755422986001
8	40	-1.6178071549703756e-09
40	8	-1.6178071549703756e-09
8	17	-0.0001943799204633105
17	8	-0.0001943799204633105
8	18	-0.00014901409673575474
18	8	-0.00014901409673575474
8	50	-0.00019534483669229533
50	8	-0.00019534483669229533
8	43	-1.6178159243596243e-09
43	8	-1.6178159243596243e-09
8	24	-0.00019687776700782258
24	8	-0.00019687776700782258
8	25	-0.0001490134950453451
25	8	-0.0001490134950453451
8	27	-0.00019634006291772507
27	8	-0.00019634006291772507
8	28	-0.00014901231643639753
28	8	-0.00014901231643639753
8	52	-0.0001958981635421354
52	8	-0.0001958981635421354
8	48	-0.00014900390764494554
48	8	-0.00014900390764494554
51	39	-0.00019756423818300645
39	51	-0.00019756423818300645
51	10	-0.000197564822658281
10	51	-0.000197564822658281
51	11	-0.00019756643857134549
11	51	-0.00019756643857134549
51	12	-0.0001490106282328375
12	51	-0.0001490106282328375
51	2	-4.544323079710163e-05
2	51	-4.544323079710163e-05
51	14	-0.00019457931310961003
14	51	-0.00019457931310961003
51	15	-0.00019457874971042267
15	51	-0.00019457874971042267
51	49	-0.00019457714495551027
49	51	-0.00019457714495551027
51	40	-0.00014900242129177346
40	51	-0.00014900242129177346
51	41	-0.00019438198118110182
41	51	-0.00019438198118110182
51	16	-0.0001943816717401043
16	51	-0.0001943816717401043
51	17	-0.0001943807949906114
17	51	-0.0001943807949906114
51	18	-0.00014901493968407433
18	51	-0.00014901493968407433
51	20	-0.00019534875232829843
20	51	-0.00019534875232829843
51	21	-0.00019534805039624496
21	51	-0.00019534805039624496
51	50	-0.00019534644276300638
50	51	-0.00019534644276300638
51	43	-0.00014900161333120096
43	51	-0.00014900161333120096
51	44	-0.00019687398779132023
44	51	-0.00019687398779132023
51	23	-0.00019687455202685705
23	51	-0.00019687455202685705
51	24	-0.00019687615926935003
24	51	-0.00019687615926935003
51	25	-0.00014901433799324585
25	51	-0.00014901433799324585
51	46	-0.00019633629926270422
46	51	-0.00019633629926270422
51	26	-0.00019633686111549667
26	51	-0.00019633686111549667
51	27	-0.00019633846158334701
27	51	-0.00019633846158334701
51	28	-0.00014901334090558724
28	51	-0.00014901334090558724
51	29	-0.0001959009582731817
29	51	-0.0001959009582731817
51	30	-0.00019590064883218418
30	51	-0.00019590064883218418
51	52	-0.00019589977208269124
52	51	-0.00019589977208269124
51	48	-0.0001490053080572938
48	51	-0.0001490053080572938
38	39	-0.0001489984707119225
39	38	-0.0001489984707119225
38	10	-0.00014899897488774064
10	38	-0.00014899897488774064
38	11	-0.0001490003752578513
11	38	-0.0001490003752578513
38	12	-0.00019756453390210854
12	38	-0.00019756453390210854
38	14	-0.00015129762381567517
14	38	-0.00015129762381567517
38	15	-0.00015129812624746126
15	38	-0.00015129812624746126
38	49	-0.0001512995585404967
49	38	-0.0001512995585404967
38	40	-0.00019756761090655475
40	38	-0.00019756761090655475
38	41	-0.00015144352506280063
41	38	-0.00015144352506280063
38	16	-0.0001514440282388614
16	38	-0.0001514440282388614
38	17	-0.0001514454626495908
17	38	-0.0001514454626495908
38	18	-0.00019755550830280306
18	38	-0.00019755550830280306
38	20	-0.00015070170582459134
20	38	-0.00015070170582459134
38	21	-0.00015070231142835235
21	38	-0.00015070231142835235
38	50	-0.0001507037354069246
50	38	-0.0001507037354069246
38	43	-0.00019756653963292324
43	38	-0.00019756653963292324
38	44	-0.0001484770766790931
44	38	-0.0001484770766790931
38	23	-0.00014847756536925458
23	38	-0.00014847756536925458
38	24	-0.00014847895856505623
24	38	-0.00014847895856505623
38	25	-0.0001975563059710465
25	38	-0.0001975563059710465
38	46	-0.00014807199070995738
46	38	-0.00014807199070995738
38	26	-0.00014807247743078082
26	38	-0.00014807247743078082
38	27	-0.00014807386502326916
27	38	-0.00014807386502326916
38	28	-0.0001975598843037491
28	38	-0.0001975598843037491
38	29	-0.0001502757193097879
29	38	-0.0001502757193097879
38	30	-0.00015027621673979375
30	38	-0.00015027621673979375
38	52	-0.000150277634802128
52	38	-0.000150277634802128
38	48	-0.00019757200996314213
48	38	-0.00019757200996314213
39	11	-0.0001975700830259708
11	39	-0.0001975700830259708
39	12	-0.00014900358438634908
12	39	-0.00014900358438634908
39	49	-0.00019456916149106332
49	39	-0.00019456916149106332
39	40	-0.00014899537778305762
40	39	-0.00014899537778305762
39	17	-0.00019437672235245794
17	39	-0.00019437672235245794
39	18	-0.00014900955527151396
18	39	-0.00014900955527151396
39	50	-0.00019533844343468289
50	39	-0.00019533844343468289
39	43	-0.00014899456983914593
43	39	-0.00014899456983914593
39	24	-0.00019688416286399752
24	39	-0.00019688416286399752
39	25	-0.00014900895358639207
25	39	-0.00014900895358639207
39	27	-0.00019634643250922556
27	39	-0.00019634643250922556
39	28	-0.00014900667294834725
28	39	-0.00014900667294834725
39	52	-0.00019589176127223713
52	39	-0.00019589176127223713
39	48	-0.0001489982644265398
48	39	-0.0001489982644265398
10	12	-0.0001490040885782103
12	10	-0.0001490040885782103
10	49	-0.00019456974100969142
49	10	-0.00019456974100969142
10	40	-0.00014899588194928825
40	10	-0.00014899588194928825
10	17	-0.00019437704787235617
17	10	-0.00019437704787235617
10	18	-0.00014901005948193268
18	10	-0.00014901005948193268
10	50	-0.00019533902422507444
50	10	-0.00019533902422507444
10	43	-0.0001489950740040409
43	10	-0.0001489950740040409
10	24	-0.000196883581289047
24	10	-0.000196883581289047
10	25	-0.0001490094577958161
25	10	-0.0001490094577958161
10	27	-0.00019634585322514942
27	10	-0.00019634585322514942
10	28	-0.0001490071771496576
28	10	-0.0001490071771496576
10	52	-0.00019589234298257732
52	10	-0.00019589234298257732
10	48	-0.00014899876860201695
48	10	-0.00014899876860201695
11	2	-4.543959735352264e-05
2	11	-4.543959735352264e-05
11	14	-0.00019457351171088847
14	11	-0.00019457351171088847
11	15	-0.00019457294832745943
15	11	-0.00019457294832745943
11	49	-0.00019457134361757064
49	11	-0.00019457134361757064
11	40	-0.00014899728229324623
40	11	-0.00014899728229324623
11	41	-0.00019437910858922377
41	11	-0.00019437910858922377
11	16	-0.00019437879914806471
16	11	-0.00019437879914806471
11	17	-0.00019437792239811405
17	11	-0.00019437792239811405
11	18	-0.0001490114599464382
18	11	-0.0001490114599464382
11	20	-0.0001953429397490542
20	11	-0.0001953429397490542
11	21	-0.00019534223783478663
21	11	-0.00019534223783478663
11	50	-0.0001953406302466553
50	11	-0.0001953406302466553
11	43	-0.00014899647434441366
43	11	-0.00014899647434441366
11	44	-0.00019687980195938902
44	11	-0.00019687980195938902
11	23	-0.0001968803662124643
23	11	-0.0001968803662124643
11	24	-0.00019688197350477857
24	11	-0.00019688197350477857
11	25	-0.00014901085825765154
25	11	-0.00014901085825765154
11	46	-0.0001963420894577479
46	11	-0.0001963420894577479
11	26	-0.00019634265132795783
26	11	-0.00019634265132795783
11	27	-0.00019634425184528588
27	11	-0.00019634425184528588
11	28	-0.00014900857758930885
28	11	-0.00014900857758930885
11	29	-0.0001958961262614186
29	11	-0.0001958961262614186
11	30	-0.00019589556114670825
30	11	-0.00019589556114670825
11	52	-0.0001958939514739308
52	11	-0.0001958939514739308
11	48	-0.00014900016897121226
48	11	-0.00014900016897121226
12	14	-0.00015130285137495916
14	12	-0.00015130285137495916
12	15	-0.00015130335382273802
15	12	-0.00015130335382273802
12	49	-0.00015130434502544227
49	12	-0.00015130434502544227
12	40	-0.00019755986150684103
40	12	-0.00019755986150684103
12	41	-0.00015144876018172997
41	12	-0.00015144876018172997
12	16	-0.00015144926337382322
16	12	-0.00015144926337382322
12	17	-0.0001514506978301121
17	12	-0.0001514506978301121
12	18	-0.00019756325752657653
18	12	-0.00019756325752657653
12	20	-0.00015070690372128817
20	12	-0.00015070690372128817
12	21	-0.0001507075093461621
21	12	-0.0001507075093461621
12	50	-0.00015070849570158822
50	12	-0.00015070849570158822
12	43	-0.00019755879025384836
43	12	-0.00019755879025384836
12	44	-0.00014848216475416416
44	12	-0.00014848216475416416
12	23	-0.00014848265345959727
23	12	-0.00014848265345959727
12	24	-0.00014848404669879747
24	12	-0.00014848404669879747
12	25	-0.00019756405524202955
25	12	-0.00019756405524202955
12	46	-0.0001480770587854224
46	12	-0.0001480770587854224
12	26	-0.00014807754552141508
26	12	-0.00014807754552141508
12	27	-0.00014807893315701105
27	12	-0.00014807893315701105
12	28	-0.00019756763369800146
28	12	-0.00019756763369800146
12	29	-0.0001502808961079524
29	12	-0.0001502808961079524
12	30	-0.00015028139355368708
30	12	-0.00015028139355368708
12	52	-0.00015028281166071838
52	12	-0.00015028281166071838
12	48	-0.00019756426038748768
48	12	-0.00019756426038748768
2	50	-4.596227295890799e-05
50	2	-4.596227295890799e-05
2	24	-4.527826400569411e-05
24	2	-4.527826400569411e-05
2	27	-4.5155935274795996e-05
27	2	-4.5155935274795996e-05
2	52	-4.58311082138873e-05
52	2	-4.58311082138873e-05
14	49	-0.00019757006665109805
49	14	-0.00019757006665109805
14	40	-0.00015129446254247012
40	14	-0.00015129446254247012
14	17	-0.0001973699398021957
17	14	-0.0001973699398021957
14	18	-0.0001513066417450159
18	14	-0.0001513066417450159
14	50	-0.00019679542678405524
50	14	-0.00019679542678405524
14	43	-0.00015129364215764088
43	14	-0.00015129364215764088
14	24	-0.000193893640693149
24	14	-0.000193893640693149
14	25	-0.0001513060308039506
25	14	-0.0001513060308039506
14	27	-0.00019336411638601382
27	14	-0.00019336411638601382
14	28	-0.00015130501838732805
28	14	-0.00015130501838732805
14	52	-0.0001962405444160781
52	14	-0.0001962405444160781
14	48	-0.0001512974143538312
48	14	-0.0001512974143538312
15	40	-0.00015129496496470133
40	15	-0.00015129496496470133
15	17	-0.0001973702539469101
17	15	-0.0001973702539469101
15	18	-0.00015130694368068647
18	15	-0.00015130694368068647
15	50	-0.0001967951138228283
50	15	-0.0001967951138228283
15	43	-0.0001512941445785675
43	15	-0.0001512941445785675
15	24	-0.00019389308015269985
24	15	-0.00019389308015269985
15	25	-0.0001513063327394592
25	15	-0.0001513063327394592
15	27	-0.00019336355806811196
27	15	-0.00019336355806811196
15	28	-0.00015130532032256832
28	15	-0.00015130532032256832
15	52	-0.0001962399740201398
52	15	-0.0001962399740201398
15	48	-0.00015129791678528422
48	15	-0.00015129791678528422
49	41	-0.00019737234846123274
41	49	-0.00019737234846123274
49	16	-0.0001973720342626652
16	49	-0.0001973720342626652
49	17	-0.00019737114403339055
17	49	-0.00019737114403339055
49	18	-0.00015130780120968502
