2	5	-0.0001780933259565364
5	2	-0.0001780933259565364
1	5	-1.676581701387706e-05
5	1	-1.676581701387706e-05
5	0	-1.676581701387706e-05
0	5	-1.676581701387706e-05
1	0	-1.3116832098458593e-05
0	1	-1.3116832098458593e-05
2	29	-0.00015877656509072282
29	2	-0.00015877656509072282
0	2	-0.00012082377861460774
2	0	-0.00012082377861460774
0	3	-0.00017287574804765348
3	0	-0.00017287574804765348
2	6	-0.00015876131483555443
6	2	-0.00015876131483555443
5	20	-0.00016845579204157282
20	5	-0.00016845579204157282
1	6	-1.807017848933998e-05
6	1	-1.807017848933998e-05
6	0	-0.00015543352700581652
0	6	-0.00015543352700581652
0	9	-1.8516381257156553e-07
9	0	-1.8516381257156553e-07
5	9	-0.00017953689907851302
9	5	-0.00017953689907851302
0	8	-0.00017689533366557623
8	0	-0.00017689533366557623
0	7	-0.00019013987106566502
7	0	-0.00019013987106566502
1	8	-1.6179041902620065e-05
8	1	-1.6179041902620065e-05
1	7	-1.7390401869762912e-05
7	1	-1.7390401869762912e-05
2	9	-0.00015879810521195545
9	2	-0.00015879810521195545
1	4	-1.9586557103830053e-05
4	1	-1.9586557103830053e-05
4	0	-0.00016847689990140953
0	4	-0.00016847689990140953
1	2	-0.00019503628049972275
2	1	-0.00019503628049972275
3	2	-0.00014256461564315993
2	3	-0.00014256461564315993
4	2	-0.00018761649263564534
2	4	-0.00018761649263564534
2	33	-0.00015878081388116046
33	2	-0.00015878081388116046
