0	1	-4.390495188511839e-05
1	0	-4.390495188511839e-05
4	0	-1.3116832098458593e-05
0	4	-1.3116832098458593e-05
1	3	-1.7390401869762912e-05
3	1	-1.7390401869762912e-05
9	3	-0.00015876131483555443
3	9	-0.00015876131483555443
2	36	-0.0001849107862109222
36	2	-0.0001849107862109222
0	2	-1.9586557103830053e-05
2	0	-1.9586557103830053e-05
2	1	-1.9586557103830053e-05
1	2	-1.9586557103830053e-05
2	38	-0.0001897771286590111
38	2	-0.0001897771286590111
37	2	-0.00019659704128776925
2	37	-0.00019659704128776925
0	3	-1.7390401869762912e-05
3	0	-1.7390401869762912e-05
1	9	-0.0001210755754153712
9	1	-0.0001210755754153712
2	9	-0.00015872088367694894
9	2	-0.00015872088367694894
0	7	-0.00019675644510965033
7	0	-0.00019675644510965033
1	13	-2.560169971509919e-08
13	1	-2.560169971509919e-08
9	13	-0.00015879810521195545
13	9	-0.00015879810521195545
1	11	-2.0597913099309826e-07
11	1	-2.0597913099309826e-07
2	11	-0.00019209955003392
11	2	-0.00019209955003392
47	2	-0.00015208813870872047
2	47	-0.00015208813870872047
2	13	-0.00017722943745243904
13	2	-0.00017722943745243904
0	5	-1.6179041902620065e-05
5	0	-1.6179041902620065e-05
5	1	-1.6179041902620065e-05
1	5	-1.6179041902620065e-05
9	31	-0.00015877233106149463
31	9	-0.00015877233106149463
2	17	-0.0001937617576376298
17	2	-0.0001937617576376298
2	20	-0.00017793137499588
20	2	-0.00017793137499588
2	18	-0.0001935241482527993
18	2	-0.0001935241482527993
8	2	-0.00017636028595564816
2	8	-0.00017636028595564816
9	32	-0.0001587933788794589
32	9	-0.0001587933788794589
2	23	-0.0001845812378614781
23	2	-0.0001845812378614781
9	11	-0.000186687361914113
11	9	-0.000186687361914113
2	25	-0.00016845579204157282
25	2	-0.00016845579204157282
2	34	-0.0001967052026313916
34	2	-0.0001967052026313916
44	2	-0.00019670369819196692
2	44	-0.00019670369819196692
35	2	-0.0001953691301647992
2	35	-0.0001953691301647992
2	7	-0.00016847689990140953
7	2	-0.00016847689990140953
2	48	-0.00014912745683786215
48	2	-0.00014912745683786215
2	21	-0.00019529763574518565
21	2	-0.00019529763574518565
2	45	-0.00014720680173549878
45	2	-0.00014720680173549878
2	12	-0.00014912775383395995
12	2	-0.00014912775383395995
2	19	-0.00019352462588417954
19	2	-0.00019352462588417954
2	22	-0.00019529806822251878
22	2	-0.00019529806822251878
2	24	-0.0001472071956257467
24	2	-0.0001472071956257467
4	2	-0.00015164554741454404
2	4	-0.00015164554741454404
2	26	-0.00019670401305288168
26	2	-0.00019670401305288168
10	2	-0.00015208844238991397
2	10	-0.00015208844238991397
1	4	-0.0001388363876814666
4	1	-0.0001388363876814666
1	40	-2.4635439658972273e-08
40	1	-2.4635439658972273e-08
2	5	-0.00016320021105920902
5	2	-0.00016320021105920902
2	52	-0.000194492422564671
52	2	-0.000194492422564671
2	49	-0.0001520893048402775
49	2	-0.0001520893048402775
2	50	-0.00014912859743276672
50	2	-0.00014912859743276672
2	53	-0.0001935255013890666
53	2	-0.0001935255013890666
2	51	-0.00019529895295826826
51	2	-0.00019529895295826826
2	46	-0.00014720802702981273
46	2	-0.00014720802702981273
2	54	-0.00019670490519814118
54	2	-0.00019670490519814118
0	9	-0.00012107428479260368
9	0	-0.00012107428479260368
0	13	-0.00015063487253110498
13	0	-0.00015063487253110498
4	9	-0.00016488913963905974
9	4	-0.00016488913963905974
5	9	-0.00012183631056891004
9	5	-0.00012183631056891004
7	9	-0.00016635554169793927
9	7	-0.00016635554169793927
8	9	-0.00017413966497082886
9	8	-0.00017413966497082886
9	47	-0.00012220325848977758
47	9	-0.00012220325848977758
9	10	-0.00012220371688537835
10	9	-0.00012220371688537835
9	49	-0.00012220502445119884
49	9	-0.00012220502445119884
9	48	-0.00011982484529010592
48	9	-0.00011982484529010592
9	12	-0.00011982529103719846
12	9	-0.00011982529103719846
9	50	-0.00011982656259451296
50	9	-0.00011982656259451296
9	45	-0.00011828328615167589
45	9	-0.00011828328615167589
9	24	-0.00011828380508768683
24	9	-0.00011828380508768683
9	46	-0.00011828505351307105
46	9	-0.00011828505351307105
1	29	-2.5598911305855783e-08
29	1	-2.5598911305855783e-08
3	13	-0.00019753275523476147
13	3	-0.00019753275523476147
9	6	-0.00018307224762334446
6	9	-0.00018307224762334446
9	40	-0.00015873994009197917
40	9	-0.00015873994009197917
9	29	-0.00015878081388116046
29	9	-0.00015878081388116046
9	43	-0.00015875244733875468
43	9	-0.00015875244733875468
9	33	-0.0001587927773606635
33	9	-0.0001587927773606635
