0	1	-4.390495188511839e-05
1	0	-4.390495188511839e-05
4	0	-1.3116832098458593e-05
0	4	-1.3116832098458593e-05
1	3	-1.7390401869762912e-05
3	1	-1.7390401869762912e-05
9	3	-0.00015876131483555443
3	9	-0.00015876131483555443
2	36	-0.0001849107862109222
36	2	-0.0001849107862109222
0	2	-1.9586557103830053e-05
2	0	-1.9586557103830053e-05
36	1	-4.6708872575629265e-05
1	36	-4.6708872575629265e-05
2	1	-1.9586557103830053e-05
1	2	-1.9586557103830053e-05
2	38	-0.0001897771286590111
38	2	-0.0001897771286590111
5	4	-0.00019710346789510673
4	5	-0.00019710346789510673
37	2	-4.398829388795657e-05
2	37	-4.398829388795657e-05
0	3	-1.7390401869762912e-05
3	0	-1.7390401869762912e-05
9	28	-0.00015878075811202785
28	9	-0.00015878075811202785
1	9	-4.7583294800008164e-05
9	1	-4.7583294800008164e-05
2	9	-0.00015872088367694894
9	2	-0.00015872088367694894
9	52	-0.00012053980613549899
52	9	-0.00012053980613549899
0	8	-0.000196684720755755
8	0	-0.000196684720755755
0	7	-0.00011259958853128296
7	0	-0.00011259958853128296
1	13	-1.9491944128592885e-08
13	1	-1.9491944128592885e-08
9	13	-0.00015879810521195545
13	9	-0.00015879810521195545
0	29	-0.00015065128346560246
29	0	-0.00015065128346560246
1	11	-2.79504551545327e-08
11	1	-2.79504551545327e-08
2	11	-0.00019209955003392
11	2	-0.00019209955003392
0	40	-0.00015068973848675796
40	0	-0.00015068973848675796
1	47	-0.00019576015116087994
47	1	-0.00019576015116087994
47	2	-4.413402367362072e-05
2	47	-4.413402367362072e-05
2	13	-0.00017722943745243904
13	2	-0.00017722943745243904
0	12	-0.00019736621106944735
12	0	-0.00019736621106944735
1	48	-0.0001955009457569123
48	1	-0.0001955009457569123
48	0	-0.00019736590147284824
0	48	-0.00019736590147284824
0	5	-1.6179041902620065e-05
5	0	-1.6179041902620065e-05
5	1	-1.6179041902620065e-05
1	5	-1.6179041902620065e-05
1	31	-0.00015065358880519253
31	1	-0.00015065358880519253
9	31	-0.00015877233106149463
31	9	-0.00015877233106149463
2	17	-0.0001937617576376298
17	2	-0.0001937617576376298
14	2	-4.4211166053273603e-05
2	14	-4.4211166053273603e-05
1	20	-4.854342628926894e-05
20	1	-4.854342628926894e-05
2	20	-0.00017793137499588
20	2	-0.00017793137499588
2	18	-4.330556184906754e-05
18	2	-4.330556184906754e-05
8	2	-4.352576998669252e-05
2	8	-4.352576998669252e-05
9	32	-0.0001587933788794589
32	9	-0.0001587933788794589
1	23	-4.679237436197939e-05
23	1	-4.679237436197939e-05
2	23	-0.0001845812378614781
23	2	-0.0001845812378614781
9	11	-0.00015880576558886691
11	9	-0.00015880576558886691
1	25	-5.127739714168624e-05
25	1	-5.127739714168624e-05
2	25	-0.00016845579204157282
25	2	-0.00016845579204157282
0	24	-0.00019482384830175203
24	0	-0.00019482384830175203
45	0	-0.00019482340939312408
0	45	-0.00019482340939312408
2	34	-4.401774955464552e-05
34	2	-4.401774955464552e-05
44	2	-4.4016136756858543e-05
2	44	-4.4016136756858543e-05
35	2	-4.371363653647983e-05
2	35	-4.371363653647983e-05
2	7	-4.3525415141189675e-05
7	2	-4.3525415141189675e-05
2	48	-4.32750535793925e-05
48	2	-4.32750535793925e-05
2	21	-4.371116222498719e-05
21	2	-4.371116222498719e-05
2	45	-4.271942180401631e-05
45	2	-4.271942180401631e-05
2	12	-4.327537937697461e-05
12	2	-4.327537937697461e-05
2	19	-4.330592577351114e-05
19	2	-4.330592577351114e-05
2	22	-4.3711518949845216e-05
22	2	-4.3711518949845216e-05
2	24	-4.2719771913804044e-05
24	2	-4.2719771913804044e-05
4	2	-4.3988626339874666e-05
2	4	-4.3988626339874666e-05
2	26	-4.4016469433442e-05
26	2	-4.4016469433442e-05
10	2	-4.413435731067338e-05
2	10	-4.413435731067338e-05
0	50	-0.00019736708826962321
50	0	-0.00019736708826962321
0	46	-0.00019482471244651155
46	0	-0.00019482471244651155
1	4	-0.0001388363876814666
4	1	-0.0001388363876814666
1	6	-0.0001807671137174453
6	1	-0.0001807671137174453
1	10	-0.00019575957984630272
10	1	-0.00019575957984630272
1	49	-0.00019575795251719271
49	1	-0.00019575795251719271
1	40	-1.8527856098746025e-08
40	1	-1.8527856098746025e-08
1	12	-0.00019550125486636103
12	1	-0.00019550125486636103
1	50	-0.00019550213076746797
50	1	-0.00019550213076746797
1	45	-0.00019298249463526804
45	1	-0.00019298249463526804
1	24	-0.00019298293180343182
24	1	-0.00019298293180343182
1	46	-0.00019298379468239712
46	1	-0.00019298379468239712
1	43	-2.6984164097904146e-08
43	1	-2.6984164097904146e-08
2	5	-4.398957703800902e-05
5	2	-4.398957703800902e-05
2	52	-4.352670843673362e-05
52	2	-4.352670843673362e-05
2	49	-4.413531139177556e-05
49	2	-4.413531139177556e-05
2	50	-4.327631107530157e-05
50	2	-4.327631107530157e-05
2	15	-4.421150051077323e-05
15	2	-4.421150051077323e-05
2	53	-4.330685858255094e-05
53	2	-4.330685858255094e-05
2	51	-4.3712462123261645e-05
51	2	-4.3712462123261645e-05
2	46	-4.272068917786689e-05
46	2	-4.272068917786689e-05
2	54	-4.401742077287743e-05
54	2	-4.401742077287743e-05
4	40	-0.00015163671795164944
40	4	-0.00015163671795164944
35	9	-0.00012107383234872907
9	35	-0.00012107383234872907
0	9	-0.00012107428479260368
9	0	-0.00012107428479260368
0	11	-0.00015062846588890347
11	0	-0.00015062846588890347
0	13	-2.0889580133968172e-07
13	0	-2.0889580133968172e-07
1	38	-4.5509585990949775e-05
38	1	-4.5509585990949775e-05
1	17	-4.457245051820466e-05
17	1	-4.457245051820466e-05
37	9	-0.0001218345519035593
9	37	-0.0001218345519035593
4	9	-0.00012183500840238648
9	4	-0.00012183500840238648
4	13	-0.00015158150368152783
13	4	-0.00015158150368152783
5	9	-0.00012183631056891004
9	5	-0.00012183631056891004
5	13	-0.00015158294041598422
13	5	-0.00015158294041598422
7	9	-0.00012053800024166426
9	7	-0.00012053800024166426
8	9	-0.00012053852370427277
9	8	-0.00012053852370427277
9	47	-0.00012220325848977758
47	9	-0.00012220325848977758
9	10	-0.00012220371688537835
10	9	-0.00012220371688537835
9	49	-0.00012220502445119884
49	9	-0.00012220502445119884
9	48	-0.00011982484529010592
48	9	-0.00011982484529010592
9	12	-0.00011982529103719846
12	9	-0.00011982529103719846
9	50	-0.00011982656259451296
50	9	-0.00011982656259451296
9	14	-0.0001224434741956532
14	9	-0.0001224434741956532
9	15	-0.00012244393393344438
15	9	-0.00012244393393344438
9	18	-0.00011993539004162829
18	9	-0.00011993539004162829
9	19	-0.0001199359409447401
19	9	-0.0001199359409447401
9	53	-0.00011993721432441304
53	9	-0.00011993721432441304
9	21	-0.00012104299550328178
21	9	-0.00012104299550328178
9	22	-0.00012104352224611618
22	9	-0.00012104352224611618
9	51	-0.00012104481225852261
51	9	-0.00012104481225852261
9	45	-0.00011828328615167589
45	9	-0.00011828328615167589
9	24	-0.00011828380508768683
24	9	-0.00011828380508768683
9	46	-0.00011828505351307105
46	9	-0.00011828505351307105
9	44	-0.0001219046073148706
44	9	-0.0001219046073148706
9	26	-0.0001219050641729299
26	9	-0.0001219050641729299
9	54	-0.0001219063673620305
54	9	-0.0001219063673620305
9	34	-0.00012190681342772678
34	9	-0.00012190681342772678
0	31	-0.00015065216510642938
31	0	-0.00015065216510642938
1	29	-1.9489821163407565e-08
29	1	-1.9489821163407565e-08
1	33	-2.7948168650427528e-08
33	1	-2.7948168650427528e-08
3	40	-0.00019751499070291912
40	3	-0.00019751499070291912
3	29	-0.000197564669915467
29	3	-0.000197564669915467
3	13	-0.00019753275523476147
13	3	-0.00019753275523476147
3	11	-0.00019752379698654917
11	3	-0.00019752379698654917
9	6	-0.00015872066402525196
6	9	-0.00015872066402525196
9	39	-0.00015874000868509923
39	9	-0.00015874000868509923
9	40	-0.00015873994009197917
40	9	-0.00015873994009197917
9	29	-0.00015878081388116046
29	9	-0.00015878081388116046
9	16	-0.00015872987269763026
16	9	-0.00015872987269763026
9	30	-0.00015873178607716807
30	9	-0.00015873178607716807
9	41	-0.00015873169454650165
41	9	-0.00015873169454650165
9	42	-0.00015875291332367172
42	9	-0.00015875291332367172
9	43	-0.00015875244733875468
43	9	-0.00015875244733875468
9	33	-0.0001587927773606635
33	9	-0.0001587927773606635
9	27	-0.00015872141450439325
27	9	-0.00015872141450439325
4	29	-0.00015159801774687105
29	4	-0.00015159801774687105
4	31	-0.00015159897668997057
31	4	-0.00015159897668997057
