0	1	-4.390495188511839e-05
1	0	-4.390495188511839e-05
10	0	-2.1684384153598192e-07
0	10	-2.1684384153598192e-07
1	3	-1.8790418437020857e-05
3	1	-1.8790418437020857e-05
10	3	-1.673667802538716e-07
3	10	-1.673667802538716e-07
0	36	-2.1206570242089164e-07
36	0	-2.1206570242089164e-07
2	36	-1.6369357285925295e-07
36	2	-1.6369357285925295e-07
0	2	-3.9514456696606546e-05
2	0	-3.9514456696606546e-05
3	2	-0.00018439560001474824
2	3	-0.00018439560001474824
36	1	-2.0499208229297111e-07
1	36	-2.0499208229297111e-07
2	1	-4.342142446562938e-05
1	2	-4.342142446562938e-05
0	35	-0.00019757171357648445
35	0	-0.00019757171357648445
7	1	-2.234296871863733e-09
1	7	-2.234296871863733e-09
2	7	-0.00016383536130342637
7	2	-0.00016383536130342637
10	7	-6.156766100192952e-05
7	10	-6.156766100192952e-05
0	38	-2.0471703205633286e-07
38	0	-2.0471703205633286e-07
2	38	-1.5802113222407633e-07
38	2	-1.5802113222407633e-07
0	6	-1.2759974857341582e-09
6	0	-1.2759974857341582e-09
7	6	-0.00019146318467332956
6	7	-0.00019146318467332956
38	5	-1.7911220823059348e-07
5	38	-1.7911220823059348e-07
6	5	-0.00014836382554860811
5	6	-0.00014836382554860811
0	4	-1.807017848933998e-05
4	0	-1.807017848933998e-05
5	4	-0.00018331090386541934
4	5	-0.00018331090386541934
1	37	-0.00019582455875420676
37	1	-0.00019582455875420676
4	37	-0.00019757158168270389
37	4	-0.00019757158168270389
37	0	-0.0001958254317264818
0	37	-0.0001958254317264818
8	3	-0.00015048889697329086
3	8	-0.00015048889697329086
0	3	-1.8790418437020857e-05
3	0	-1.8790418437020857e-05
2	31	-2.2798947672078895e-09
31	2	-2.2798947672078895e-09
10	31	-9.45879632557416e-09
31	10	-9.45879632557416e-09
1	10	-2.0961084277854855e-07
10	1	-2.0961084277854855e-07
2	10	-1.6738181973009924e-07
10	2	-1.6738181973009924e-07
0	39	-1.444708742808857e-08
39	0	-1.444708742808857e-08
31	39	-0.00019752177368637203
39	31	-0.00019752177368637203
10	49	-2.256901712394135e-09
49	10	-2.256901712394135e-09
39	49	-0.000150512830548222
49	39	-0.000150512830548222
0	9	-6.04165420586633e-09
9	0	-6.04165420586633e-09
49	9	-0.0001975706511723234
9	49	-0.0001975706511723234
0	8	-5.781228932154545e-09
8	0	-5.781228932154545e-09
9	8	-0.00017503669489824915
8	9	-0.00017503669489824915
8	2	-1.1287294586099746e-09
2	8	-1.1287294586099746e-09
0	24	-2.1657658712067928e-07
24	0	-2.1657658712067928e-07
2	24	-1.6717552597489094e-07
24	2	-1.6717552597489094e-07
24	12	-4.693505669306251e-05
12	24	-4.693505669306251e-05
6	12	-0.0001504674551633624
12	6	-0.0001504674551633624
0	11	-0.00014853300913361588
11	0	-0.00014853300913361588
12	11	-0.00019757065166555707
11	12	-0.00019757065166555707
0	40	-0.0001965462503769891
40	0	-0.0001965462503769891
11	40	-0.00019757171060968176
40	11	-0.00019757171060968176
40	2	-4.364822407735219e-05
2	40	-4.364822407735219e-05
2	4	-4.303848863961379e-05
4	2	-4.303848863961379e-05
2	32	-4.650985325104093e-09
32	2	-4.650985325104093e-09
10	32	-7.156692628560467e-09
32	10	-7.156692628560467e-09
1	15	-2.1460946219286498e-07
15	1	-2.1460946219286498e-07
2	15	-1.7137339765906365e-07
15	2	-1.7137339765906365e-07
0	41	-1.2145455137447578e-08
41	0	-1.2145455137447578e-08
32	41	-0.00019752204713557937
41	32	-0.00019752204713557937
15	50	-4.607043641310073e-05
50	15	-4.607043641310073e-05
41	50	-0.00015137492077202752
50	41	-0.00015137492077202752
0	14	-4.3127092782502746e-09
14	0	-4.3127092782502746e-09
50	14	-0.00019757064182052882
14	50	-0.00019757064182052882
0	13	-4.050797412721086e-09
13	0	-4.050797412721086e-09
14	13	-0.00019757170715343315
13	14	-0.00019757170715343315
13	2	-2.322786010805621e-09
2	13	-2.322786010805621e-09
11	6	-0.00015046603445924522
6	11	-0.00015046603445924522
6	2	-0.0001587694360983255
2	6	-0.0001587694360983255
2	33	-3.830223208909254e-09
33	2	-3.830223208909254e-09
10	33	-1.367472296781929e-10
33	10	-1.367472296781929e-10
1	18	-2.0612125035057018e-07
18	1	-2.0612125035057018e-07
2	18	-1.6459525428830822e-07
18	2	-1.6459525428830822e-07
0	42	-5.126896823932279e-09
42	0	-5.126896823932279e-09
33	42	-0.00019752245731081004
42	33	-0.00019752245731081004
18	53	-4.7493318756784186e-05
53	18	-4.7493318756784186e-05
42	53	-0.00014989220929116672
53	42	-0.00014989220929116672
0	17	-0.0001972933462524746
17	0	-0.0001972933462524746
53	17	-0.00019757065789777358
17	53	-0.00019757065789777358
1	16	-0.00019729565877184702
16	1	-0.00019729565877184702
17	16	-0.00019757159174353463
16	17	-0.00019757159174353463
16	2	-4.348513240659537e-05
2	16	-4.348513240659537e-05
1	21	-2.0827671956898794e-07
21	1	-2.0827671956898794e-07
2	21	-1.6631647421838668e-07
21	2	-1.6631647421838668e-07
1	43	-9.889578161553544e-09
43	1	-9.889578161553544e-09
32	43	-0.00019752270797428962
43	32	-0.00019752270797428962
21	51	-4.712865025742892e-05
51	21	-4.712865025742892e-05
43	51	-0.00015027728149151113
51	43	-0.00015027728149151113
0	20	-4.281458403328443e-09
20	0	-4.281458403328443e-09
51	20	-0.00019757065371918533
20	51	-0.00019757065371918533
2	19	-2.305948940195066e-09
19	2	-2.305948940195066e-09
20	19	-0.0001975715726275281
19	20	-0.0001975715726275281
9	5	-0.0001780933259565364
5	9	-0.0001780933259565364
0	5	-1.676581701387706e-05
5	0	-1.676581701387706e-05
5	2	-4.303941456937302e-05
2	5	-4.303941456937302e-05
2	34	-2.3254926625520464e-09
34	2	-2.3254926625520464e-09
10	34	-2.4842708565087497e-09
34	10	-2.4842708565087497e-09
1	24	-2.0935250284677524e-07
24	1	-2.0935250284677524e-07
0	44	-7.473969352763007e-09
44	0	-7.473969352763007e-09
34	44	-0.00019752257124867645
44	34	-0.00019752257124867645
24	52	-4.694106787504085e-05
52	24	-4.694106787504085e-05
44	52	-0.00015046728547141769
52	44	-0.00015046728547141769
0	23	-7.289279128100691e-10
23	0	-7.289279128100691e-10
52	23	-0.00019757065165967847
23	52	-0.00019757065165967847
0	22	-4.685957744428448e-10
22	0	-4.685957744428448e-10
23	22	-0.00019757171060761792
22	23	-0.00019757171060761792
22	2	-4.3654144725218076e-05
2	22	-4.3654144725218076e-05
0	46	-2.2368681470580584e-07
46	0	-2.2368681470580584e-07
2	46	-1.726639125643535e-07
46	2	-1.726639125643535e-07
0	27	-0.00014968661034198914
27	0	-0.00014968661034198914
3	27	-0.0001975219104108811
27	3	-0.0001975219104108811
46	26	-4.579553537876277e-05
26	46	-4.579553537876277e-05
27	26	-0.00015164719453376408
26	27	-0.00015164719453376408
0	25	-0.00019501973711752451
25	0	-0.00019501973711752451
26	25	-0.00019757063886880548
25	26	-0.00019757063886880548
1	45	-0.00019502104784759836
45	1	-0.00019502104784759836
25	45	-0.0001975715836460757
45	25	-0.0001975715836460757
45	2	-4.3988266628957966e-05
2	45	-4.3988266628957966e-05
0	48	-2.091004238308384e-07
48	0	-2.091004238308384e-07
2	48	-1.6140467351632438e-07
48	2	-1.6140467351632438e-07
1	30	-1.276433076623009e-09
30	1	-1.276433076623009e-09
7	30	-0.00019752270797428962
30	7	-0.00019752270797428962
48	29	-4.819369650417227e-05
29	48	-4.819369650417227e-05
30	29	-0.0001491619552290041
29	30	-0.0001491619552290041
0	28	-0.00019688041810606528
28	0	-0.00019688041810606528
29	28	-0.00019757066581515084
28	29	-0.00019757066581515084
0	47	-0.00019688010851958817
47	0	-0.00019688010851958817
28	47	-0.00019757171557711407
47	28	-0.00019757171557711407
35	37	-0.00019582573983434359
37	35	-0.00019582573983434359
35	2	-4.3420161313806084e-05
2	35	-4.3420161313806084e-05
35	8	-0.0001964663833755629
8	35	-0.0001964663833755629
35	40	-0.00019654568208896315
40	35	-0.00019654568208896315
35	13	-0.00019535060311552297
13	35	-0.00019535060311552297
35	16	-0.00019729346721220292
16	35	-0.00019729346721220292
35	19	-0.0001967770437964089
19	35	-0.0001967770437964089
35	22	-0.00019653560392189604
22	35	-0.00019653560392189604
35	45	-0.00019501985867630985
45	35	-0.00019501985867630985
35	47	-0.0001968804182868576
47	35	-0.0001968804182868576
37	2	-4.303813504188202e-05
2	37	-4.303813504188202e-05
37	8	-0.00019473139738481414
8	37	-0.00019473139738481414
37	40	-0.00019480990821406526
40	37	-0.00019480990821406526
37	13	-0.00019362546505988844
13	37	-0.00019362546505988844
37	16	-0.0001955511085611816
16	37	-0.0001955511085611816
37	19	-0.00019503929649258034
19	37	-0.00019503929649258034
37	22	-0.00019479996003921927
22	37	-0.00019479996003921927
37	45	-0.00019329590041550066
45	37	-0.00019329590041550066
37	47	-0.0001965138987436222
47	37	-0.0001965138987436222
2	47	-4.3269860113438855e-05
47	2	-4.3269860113438855e-05
8	40	-0.00019749251915468323
40	8	-0.00019749251915468323
8	13	-0.00019644855516417765
13	8	-0.00019644855516417765
8	16	-0.00019674404039265496
16	8	-0.00019674404039265496
8	19	-0.00019726037631195156
19	8	-0.00019726037631195156
8	22	-0.00019750267222011357
22	8	-0.00019750267222011357
8	45	-0.00019610609864643538
45	8	-0.00019610609864643538
8	47	-0.00019578012912730878
47	8	-0.00019578012912730878
40	13	-0.0001963709300349216
13	40	-0.0001963709300349216
40	16	-0.00019682053459665473
16	40	-0.00019682053459665473
40	19	-0.00019733177127477403
19	40	-0.00019733177127477403
40	22	-0.00019756212823022427
22	40	-0.00019756212823022427
40	45	-0.00019603680728104783
45	40	-0.00019603680728104783
40	47	-0.00019585911559968992
47	40	-0.00019585911559968992
13	16	-0.0001956267121105439
16	13	-0.0001956267121105439
13	19	-0.00019614015048747578
19	13	-0.00019614015048747578
13	22	-0.00019638105234500407
22	13	-0.00019638105234500407
13	45	-0.00019722786496484385
45	13	-0.00019722786496484385
13	47	-0.00019466824994431595
47	13	-0.00019466824994431595
16	19	-0.00019705513495856032
19	16	-0.00019705513495856032
16	22	-0.00019681336456561782
22	16	-0.00019681336456561782
16	45	-0.00019529092362356712
45	16	-0.00019529092362356712
16	47	-0.00019660429230915953
47	16	-0.00019660429230915953
19	22	-0.00019732634449268172
22	19	-0.00019732634449268172
19	45	-0.00019579822853973454
45	19	-0.00019579822853973454
19	47	-0.00019608969567529595
47	19	-0.00019608969567529595
22	45	-0.0001960422353931562
45	22	-0.0001960422353931562
22	47	-0.00019584908898975204
47	22	-0.00019584908898975204
45	47	-0.00019433695365650961
47	45	-0.00019433695365650961
35	4	-0.00019582618321498378
4	35	-0.00019582618321498378
35	9	-0.0001964658149526618
9	35	-0.0001964658149526618
35	11	-0.00019654511353337152
11	35	-0.00019654511353337152
35	14	-0.0001953500361504941
14	35	-0.0001953500361504941
35	17	-0.00019729277679819313
17	35	-0.00019729277679819313
35	20	-0.00019677633680897805
20	35	-0.00019677633680897805
35	23	-0.0001965350353930354
23	35	-0.0001965350353930354
35	25	-0.00019501917122712552
25	35	-0.00019501917122712552
35	28	-0.00019688072787341562
28	35	-0.00019688072787341562
0	16	-0.00019729403666831724
16	0	-0.00019729403666831724
0	19	-4.021441634720995e-09
19	0	-4.021441634720995e-09
0	45	-0.00019502016886558873
45	0	-0.00019502016886558873
37	9	-0.0001947308362411251
9	37	-0.0001947308362411251
37	11	-0.00019480934694024706
11	37	-0.00019480934694024706
37	14	-0.00019362490534845082
14	37	-0.00019362490534845082
37	17	-0.00019555042651460923
17	37	-0.00019555042651460923
37	20	-0.00019503859801287503
20	37	-0.00019503859801287503
37	23	-0.0001947993987915552
23	37	-0.0001947993987915552
37	25	-0.00019329547248791485
25	37	-0.00019329547248791485
37	28	-0.0001965133352553731
28	37	-0.0001965133352553731
4	8	-0.00017005462578349823
8	4	-0.00017005462578349823
4	9	-0.00019194878395315497
9	4	-0.00019194878395315497
4	40	-0.000194810350626608
40	4	-0.000194810350626608
4	11	-0.0001948100425184526
11	4	-0.0001948100425184526
4	13	-0.00019362615794358526
13	4	-0.00019362615794358526
4	14	-0.0001936255982299865
14	4	-0.0001936255982299865
4	16	-0.00019555180580089302
16	4	-0.00019555180580089302
4	17	-0.00019555112375187818
17	4	-0.00019555112375187818
4	19	-0.00019503999256090192
19	4	-0.00019503999256090192
4	20	-0.00019503929407871875
20	4	-0.00019503929407871875
4	22	-0.00019480065558079342
22	4	-0.00019480065558079342
4	23	-0.00019480009433096127
23	4	-0.00019480009433096127
4	45	-0.0001932963413851792
45	4	-0.0001932963413851792
4	25	-0.00019329591345718553
25	4	-0.00019329591345718553
4	47	-0.00019651434278008455
47	4	-0.00019651434278008455
4	28	-0.00019651403467192916
28	4	-0.00019651403467192916
2	11	-4.364855340843746e-05
11	2	-4.364855340843746e-05
2	17	-4.348548686445883e-05
17	2	-4.348548686445883e-05
2	20	-2.566020846534013e-09
20	2	-2.566020846534013e-09
2	23	-4.365447407471952e-05
23	2	-4.365447407471952e-05
2	28	-4.3270185996670984e-05
28	2	-4.3270185996670984e-05
8	11	-0.00016864657092191112
11	8	-0.00016864657092191112
8	14	-0.00019644824259294297
14	8	-0.00019644824259294297
8	17	-0.00019674473029752894
17	8	-0.00019674473029752894
8	20	-0.00019726108645206085
20	8	-0.00019726108645206085
8	23	-0.0001975032449716932
23	8	-0.0001975032449716932
8	25	-0.00019610566451972055
25	8	-0.00019610566451972055
8	28	-0.00019578069419654476
28	8	-0.00019578069419654476
9	40	-0.00019749194641554776
40	9	-0.00019749194641554776
9	11	-0.0001903594451323159
11	9	-0.0001903594451323159
9	2	-1.3892058538211746e-09
2	9	-1.3892058538211746e-09
9	13	-0.00019644886743919374
13	9	-0.00019644886743919374
9	14	-0.00019644855486787658
14	9	-0.00019644855486787658
9	16	-0.00019674347081535094
16	9	-0.00019674347081535094
9	17	-0.00019674416071807277
17	9	-0.00019674416071807277
9	19	-0.0001972598045755984
19	9	-0.0001972598045755984
9	20	-0.00019726051471346848
20	9	-0.00019726051471346848
9	22	-0.00019750209945184577
22	9	-0.00019750209945184577
9	23	-0.0001975026722017647
23	9	-0.0001975026722017647
9	45	-0.0001961064108311536
45	9	-0.0001961064108311536
9	25	-0.0001961059767043243
25	9	-0.0001961059767043243
9	47	-0.0001957795635914109
47	9	-0.0001957795635914109
9	28	-0.000195780128659022
28	9	-0.000195780128659022
40	14	-0.0001963703587688774
14	40	-0.0001963703587688774
40	17	-0.0001968209662767803
17	40	-0.0001968209662767803
40	20	-0.0001973322218300521
20	40	-0.0001973322218300521
40	23	-0.00019756155538394856
23	40	-0.00019756155538394856
40	25	-0.00019603637328551306
25	40	-0.00019603637328551306
40	28	-0.00019585942491936992
28	40	-0.00019585942491936992
11	13	-0.0001963715009859617
13	11	-0.0001963715009859617
11	14	-0.0001963709297182616
14	11	-0.0001963709297182616
11	16	-0.00019682022331347197
16	11	-0.00019682022331347197
11	17	-0.0001968206549933251
17	11	-0.0001968206549933251
11	19	-0.00019733145919145884
19	11	-0.00019733145919145884
11	20	-0.00019733190974643563
20	11	-0.00019733190974643563
11	22	-0.00019756270107548405
22	11	-0.00019756270107548405
11	23	-0.0001975621282275474
23	11	-0.0001975621282275474
11	45	-0.00019603711935316814
45	11	-0.00019603711935316814
11	25	-0.000196036685357519
25	11	-0.000196036685357519
11	47	-0.00019585854993211946
47	11	-0.00019585854993211946
11	28	-0.00019585911515201962
28	11	-0.00019585911515201962
13	17	-0.00019562739957658244
17	13	-0.00019562739957658244
13	20	-0.00019614059989247484
20	13	-0.00019614059989247484
13	23	-0.00019638162332775533
23	13	-0.00019638162332775533
13	25	-0.00019722742835093205
25	13	-0.00019722742835093205
13	28	-0.00019466881327531276
28	13	-0.00019466881327531276
14	16	-0.00019562614399516013
16	14	-0.00019562614399516013
14	17	-0.0001956268314590529
17	14	-0.0001956268314590529
14	19	-0.00019613958022063503
19	14	-0.00019613958022063503
14	20	-0.00019614028780885835
20	14	-0.00019614028780885835
14	22	-0.00019638048104990834
22	14	-0.00019638048104990834
14	23	-0.00019638105203100353
23	14	-0.00019638105203100353
14	2	-2.584755043333288e-09
2	14	-2.584755043333288e-09
14	45	-0.00019722817923560826
45	14	-0.00019722817923560826
14	25	-0.00019722774262158067
25	14	-0.00019722774262158067
14	47	-0.00019466768585611394
47	14	-0.00019466768585611394
14	28	-0.00019466824918549036
28	14	-0.00019466824918549036
16	20	-0.0001970544266235987
20	16	-0.0001970544266235987
16	23	-0.00019681279488203995
23	16	-0.00019681279488203995
16	25	-0.00019529049128581328
25	16	-0.00019529049128581328
16	28	-0.00019660485869063887
28	16	-0.00019660485869063887
17	19	-0.00019705582555026944
19	17	-0.00019705582555026944
17	20	-0.00019705511721285118
20	17	-0.00019705511721285118
17	22	-0.00019681405464066788
22	17	-0.00019681405464066788
17	23	-0.00019681348495493737
23	17	-0.00019681348495493737
17	45	-0.00019529135396482243
45	17	-0.00019529135396482243
17	25	-0.00019529092162669015
25	17	-0.00019529092162669015
17	47	-0.00019660360521325717
47	17	-0.00019660360521325717
17	28	-0.00019660417159291923
28	17	-0.00019660417159291923
19	23	-0.00019732603240936648
23	19	-0.00019732603240936648
19	25	-0.00019579779509068561
25	19	-0.00019579779509068561
19	28	-0.00019609026123484298
28	19	-0.00019609026123484298
20	22	-0.00019732679504272125
22	20	-0.00019732679504272125
20	23	-0.00019732648295910476
23	20	-0.00019732648295910476
20	45	-0.00019579867761467415
45	20	-0.00019579867761467415
20	25	-0.00019579824416520684
25	20	-0.00019579824416520684
20	47	-0.0001960889920615319
47	20	-0.0001960889920615319
20	28	-0.00019608955761923693
28	20	-0.00019608955761923693
22	25	-0.00019604180139605796
25	22	-0.00019604180139605796
22	28	-0.00019584965418216645
28	22	-0.00019584965418216645
23	45	-0.00019604254746783163
45	23	-0.00019604254746783163
23	25	-0.000196042113470619
25	23	-0.000196042113470619
23	47	-0.00019584852334868314
47	23	-0.00019584852334868314
23	28	-0.0001958490885394723
28	23	-0.0001958490885394723
45	28	-0.00019433726257843132
28	45	-0.00019433726257843132
25	47	-0.000194336523424191
47	25	-0.000194336523424191
25	28	-0.00019433683234600031
28	25	-0.00019433683234600031
0	29	-0.000196881295298723
29	0	-0.000196881295298723
35	1	-0.00019757009021456089
1	35	-0.00019757009021456089
35	5	-0.00019582705497847634
5	35	-0.00019582705497847634
35	6	-0.00014968331807392992
6	35	-0.00014968331807392992
35	49	-0.00019646419584322446
49	35	-0.00019646419584322446
35	39	-0.00014966567144845223
39	35	-0.00014966567144845223
35	12	-0.0001965434940440804
12	35	-0.0001965434940440804
35	50	-0.00019534842122036086
50	35	-0.00019534842122036086
35	41	-0.00014966852957151104
41	35	-0.00014966852957151104
35	53	-0.00019729115452283704
53	35	-0.00019729115452283704
35	42	-0.00014967756684542422
42	35	-0.00014967756684542422
35	51	-0.00019677471651816675
51	35	-0.00019677471651816675
35	43	-0.0001496680287822779
43	35	-0.0001496680287822779
35	52	-0.00019653341598012614
52	35	-0.00019653341598012614
35	44	-0.00014967435429168722
44	35	-0.00014967435429168722
35	26	-0.00019501755745928486
26	35	-0.00019501755745928486
35	27	-0.00014968611579061034
27	35	-0.00014968611579061034
35	29	-0.0001968816050662892
29	35	-0.0001968816050662892
35	30	-0.000149682506416161
30	35	-0.000149682506416161
0	49	-6.788210865130763e-09
49	0	-6.788210865130763e-09
0	12	-0.00019654406232578266
12	0	-0.00019654406232578266
0	50	-5.063527642453293e-09
50	0	-5.063527642453293e-09
0	53	-0.00019729172397242576
53	0	-0.00019729172397242576
0	51	-5.026836002269466e-09
51	0	-5.026836002269466e-09
0	43	-1.2145495760617598e-08
43	0	-1.2145495760617598e-08
0	52	-1.4752178611134488e-09
52	0	-1.4752178611134488e-09
0	26	-0.0001950181233450178
26	0	-0.0001950181233450178
0	30	-1.2760044022249478e-09
30	0	-1.2760044022249478e-09
1	4	-1.807017848933998e-05
4	1	-1.807017848933998e-05
1	5	-1.676581701387706e-05
5	1	-1.676581701387706e-05
1	6	-1.2764261554842535e-09
6	1	-1.2764261554842535e-09
1	8	-4.06248519556806e-09
8	1	-4.06248519556806e-09
1	9	-4.322907750749188e-09
9	1	-4.322907750749188e-09
1	49	-5.069456707463386e-09
49	1	-5.069456707463386e-09
1	39	-1.2191154217708815e-08
39	1	-1.2191154217708815e-08
1	40	-0.00019654786917104364
40	1	-0.00019654786917104364
1	11	-0.00015325819162212103
11	1	-0.00015325819162212103
1	12	-0.0001965456811018761
12	1	-0.0001965456811018761
1	13	-2.3222243788444183e-09
13	1	-2.3222243788444183e-09
1	14	-2.5841334946600852e-09
14	1	-2.5841334946600852e-09
1	50	-3.3349440679606195e-09
50	1	-3.3349440679606195e-09
1	41	-9.889545083775329e-09
41	1	-9.889545083775329e-09
1	17	-0.00019729496835079979
17	1	-0.00019729496835079979
1	53	-0.0001972933460574223
53	1	-0.0001972933460574223
1	42	-2.87106222140208e-09
42	1	-2.87106222140208e-09
1	19	-2.305395419904711e-09
19	1	-2.305395419904711e-09
1	20	-2.56540827405915e-09
20	1	-2.56540827405915e-09
1	51	-3.3107781945981676e-09
51	1	-3.3107781945981676e-09
1	22	-4.687168660909925e-10
22	1	-4.687168660909925e-10
1	23	-7.291153172237444e-10
23	1	-7.291153172237444e-10
1	52	-1.475591560187577e-09
52	1	-1.475591560187577e-09
1	44	-5.218106651776616e-09
44	1	-5.218106651776616e-09
1	25	-0.00019502061609923222
25	1	-0.00019502061609923222
1	26	-0.0001950197353325653
26	1	-0.0001950197353325653
1	27	-0.0001496880202141307
27	1	-0.0001496880202141307
1	47	-0.00019687923084565825
47	1	-0.00019687923084565825
1	28	-0.000196879540431906
28	1	-0.000196879540431906
1	29	-0.00019688041762395213
29	1	-0.00019688041762395213
2	49	-3.473017076563292e-10
49	2	-3.473017076563292e-10
2	39	-1.3220137189950563e-09
39	2	-1.3220137189950563e-09
2	12	-4.364949519616283e-05
12	2	-4.364949519616283e-05
2	50	-3.842206159871966e-10
50	2	-3.842206159871966e-10
2	41	-3.6925261891452135e-09
41	2	-3.6925261891452135e-09
2	53	-4.348642434260062e-05
53	2	-4.348642434260062e-05
2	42	-2.8719707777444262e-09
42	2	-2.8719707777444262e-09
2	51	-3.814357990250833e-10
51	2	-3.814357990250833e-10
2	43	-3.6925385430879933e-09
43	2	-3.6925385430879933e-09
2	52	-4.365541591486313e-05
52	2	-4.365541591486313e-05
2	44	-1.3676059211455794e-09
44	2	-1.3676059211455794e-09
2	25	-4.3988626339874666e-05
25	2	-4.3988626339874666e-05
2	26	-4.398957703800902e-05
26	2	-4.398957703800902e-05
2	27	-0.00019757214672299267
27	2	-0.00019757214672299267
2	29	-4.32711179401517e-05
29	2	-4.32711179401517e-05
2	30	-0.00019756683593699504
30	2	-0.00019756683593699504
37	5	-0.0001975699726856809
5	37	-0.0001975699726856809
37	6	-0.0001483618430640203
6	37	-0.0001483618430640203
37	49	-0.00019472923790699536
49	37	-0.00019472923790699536
37	39	-0.00014834441859276826
39	37	-0.00014834441859276826
37	12	-0.00019480774823359695
12	37	-0.00019480774823359695
37	50	-0.0001936233111201779
50	37	-0.0001936233111201779
37	41	-0.00014834723989100355
41	37	-0.00014834723989100355
37	53	-0.00019554882507074283
53	37	-0.00019554882507074283
37	42	-0.00014835616202226877
42	37	-0.00014835616202226877
37	51	-0.00019503699851827796
51	37	-0.00019503699851827796
37	43	-0.0001483467435284607
43	37	-0.0001483467435284607
37	52	-0.0001947978001596378
52	37	-0.0001947978001596378
37	44	-0.00014835298965731322
44	37	-0.00014835298965731322
37	26	-0.00019329459951563982
26	37	-0.00019329459951563982
37	27	-0.0001483646047150538
27	37	-0.0001483646047150538
37	29	-0.0001965117302007197
29	37	-0.0001965117302007197
37	30	-0.00014836103858113813
30	37	-0.00014836103858113813
4	6	-0.00014836243400139672
6	4	-0.00014836243400139672
4	49	-0.00019472993326733823
49	4	-0.00019472993326733823
4	39	-1.3216207998117683e-09
39	4	-1.3216207998117683e-09
4	12	-0.00019480844380561003
12	4	-0.00019480844380561003
4	50	-0.00019362400399554146
50	4	-0.00019362400399554146
4	41	-0.00014834783077106802
41	4	-0.00014834783077106802
4	53	-0.00019554952230180705
53	4	-0.00019554952230180705
4	42	-0.00014835675293819678
42	4	-0.00014835675293819678
4	51	-0.00019503769457792587
51	4	-0.00019503769457792587
4	43	-0.00014834733440740716
43	4	-0.00014834733440740716
4	52	-0.00019479849569285182
52	4	-0.00019479849569285182
4	44	-0.00014835358056082274
44	4	-0.00014835358056082274
4	26	-0.00019329504048407856
26	4	-0.00019329504048407856
4	27	-0.00014836519566371938
27	4	-0.00014836519566371938
4	29	-0.0001965124296110547
29	4	-0.0001965124296110547
4	30	-0.00014836162951670245
30	4	-0.00014836162951670245
5	8	-0.00015777955596461897
8	5	-0.00015777955596461897
5	49	-3.472156480606347e-10
49	5	-3.472156480606347e-10
5	39	-5.992866730180928e-09
39	5	-5.992866730180928e-09
5	40	-0.00019481122168602853
40	5	-0.00019481122168602853
5	11	-0.0001848413933853583
11	5	-0.0001848413933853583
5	12	-0.00019481004060394757
12	5	-0.00019481004060394757
5	13	-0.00019362774946021558
13	5	-0.00019362774946021558
5	14	-0.0001936271897420756
14	5	-0.0001936271897420756
5	50	-0.00019362559549465796
50	5	-0.00019362559549465796
5	41	-3.691385722597146e-09
41	5	-3.691385722597146e-09
5	16	-0.0001955534058682516
16	5	-0.0001955534058682516
5	17	-0.00019555272381414384
17	5	-0.00019555272381414384
5	53	-0.000195551122351036
53	5	-0.000195551122351036
5	42	-0.00014835814443993337
42	5	-0.00014835814443993337
5	19	-0.00019504159032433783
19	5	-0.00019504159032433783
5	20	-0.00019504089183699223
20	5	-0.00019504089183699223
5	51	-0.0001950392923231802
51	5	-0.0001950392923231802
5	43	-3.6913980689098617e-09
43	5	-3.6913980689098617e-09
5	22	-0.00019480225231511457
22	5	-0.00019480225231511457
5	23	-0.00019480169106072758
23	5	-0.00019480169106072758
5	52	-0.0001948000924096064
52	5	-0.0001948000924096064
5	44	-0.0001483549720361261
44	5	-0.0001483549720361261
5	45	-0.00019329721139524215
45	5	-0.00019329721139524215
5	25	-0.00019329678346695193
25	5	-0.00019329678346695193
5	26	-0.0001932959104932399
26	5	-0.0001932959104932399
5	27	-0.0001483665872350683
27	5	-0.0001483665872350683
5	47	-0.00019651521502053948
47	5	-0.00019651521502053948
5	28	-0.00019651490691217053
28	5	-0.00019651490691217053
5	29	-0.0001965140339384585
29	5	-0.0001965140339384585
5	30	-0.00014836302106035928
30	5	-0.00014836302106035928
6	8	-1.1284440143654353e-09
8	6	-1.1284440143654353e-09
6	9	-1.3888563682253324e-09
9	6	-1.3888563682253324e-09
6	49	-2.1353762355729115e-09
49	6	-2.1353762355729115e-09
6	39	-8.339882978122512e-09
39	6	-8.339882978122512e-09
6	40	-0.00015046553610071947
40	6	-0.00015046553610071947
6	13	-0.00015138565715304422
13	6	-0.00015138565715304422
6	14	-0.000151385959267032
14	6	-0.000151385959267032
6	50	-3.841214341696954e-10
50	6	-3.841214341696954e-10
6	41	-6.038377879557067e-09
41	6	-6.038377879557067e-09
6	16	-0.000149895971560649
16	6	-0.000149895971560649
6	17	-0.00014989655896786616
17	6	-0.00014989655896786616
6	53	-0.00014989797172505423
53	6	-0.00014989797172505423
6	42	-0.00019756375894598298
42	6	-0.00019756375894598298
6	19	-0.00015028831500139803
19	6	-0.00015028831500139803
6	20	-0.0001502887201453324
20	6	-0.0001502887201453324
6	51	-3.813380495467461e-10
51	6	-3.813380495467461e-10
6	43	-6.038398075685891e-09
43	6	-6.038398075685891e-09
6	22	-0.00015047439607791715
22	6	-0.00015047439607791715
6	23	-0.0001504748944641616
23	6	-0.0001504748944641616
6	52	-0.0001504759318159298
52	6	-0.0001504759318159298
6	44	-1.3671512002692685e-09
44	6	-1.3671512002692685e-09
6	45	-0.00015164230770791588
45	6	-0.00015164230770791588
6	25	-0.00015164290584310027
25	6	-0.00015164290584310027
6	26	-0.0001516443429906086
26	6	-0.0001516443429906086
6	27	-0.00019756804396728217
27	6	-0.00019756804396728217
6	47	-0.00014916086946791
47	6	-0.00014916086946791
6	28	-0.0001491613614597338
28	6	-0.0001491613614597338
6	29	-0.00014916276404941834
29	6	-0.00014916276404941834
6	30	-0.00019757121219679492
30	6	-0.00019757121219679492
8	49	-0.00019757007813056345
49	8	-0.00019757007813056345
8	39	-0.00015051091063036126
39	8	-0.00015051091063036126
8	12	-0.0001974947232698341
12	8	-0.0001974947232698341
8	50	-0.00019644735697444467
50	8	-0.00019644735697444467
8	41	-0.00015051379217351105
41	8	-0.00015051379217351105
8	53	-0.00019674635214612853
53	8	-0.00019674635214612853
8	42	-0.00015052147384197318
42	8	-0.00015052147384197318
8	51	-0.00019726271482429082
51	8	-0.00019726271482429082
8	43	-0.00015051328859537393
43	8	-0.00015051328859537393
8	52	-0.00019750487645743515
52	8	-0.00019750487645743515
8	44	-0.00015051959841456503
44	8	-0.00015051959841456503
8	26	-0.00019610477890122225
26	8	-0.00019610477890122225
8	27	-0.00015052654444200263
27	8	-0.00015052654444200263
8	29	-0.00019578230383993366
29	8	-0.00019578230383993366
8	30	-0.00015052421752281104
30	8	-0.00015052421752281104
9	39	-0.0001505114092113012
39	9	-0.0001505114092113012
9	12	-0.00019749415052432154
12	9	-0.00019749415052432154
9	50	-0.0001964476692491448
50	9	-0.0001964476692491448
9	41	-0.0001505142907634356
41	9	-0.0001505142907634356
9	53	-0.00019674578256200049
53	9	-0.00019674578256200049
9	42	-0.00015052177400708524
42	9	-0.00015052177400708524
9	51	-0.00019726214308099616
51	9	-0.00019726214308099616
9	43	-0.00015051378718450181
43	9	-0.00015051378718450181
9	52	-0.00019750430368278978
52	9	-0.00019750430368278978
9	44	-0.0001505198985791826
44	9	-0.0001505198985791826
9	26	-0.00019610509108559249
26	9	-0.00019610509108559249
9	27	-0.0001505268446084517
27	9	-0.0001505268446084517
9	29	-0.00019578173829779572
29	9	-0.00019578173829779572
9	30	-0.00015052451768864653
30	9	-0.00015052451768864653
49	40	-0.00019749031498703687
40	49	-0.00019749031498703687
49	11	-0.00019749088770040392
11	49	-0.00019749088770040392
49	12	-0.00019749251907759304
12	49	-0.00019749251907759304
49	13	-0.00019644975226863117
13	49	-0.00019644975226863117
49	14	-0.00019644943969709426
14	49	-0.00019644943969709426
49	50	-0.00019644855407773974
50	49	-0.00019644855407773974
49	41	-0.00015051571212589
41	49	-0.00015051571212589
49	16	-0.00019674184841105103
16	49	-0.00019674184841105103
49	17	-0.00019674253830762622
17	49	-0.00019674253830762622
49	53	-0.0001967441601382076
53	49	-0.0001967441601382076
49	42	-0.00015052262654341418
42	49	-0.00015052262654341418
49	19	-0.0001972581760090266
19	49	-0.0001972581760090266
49	20	-0.00019725888614050124
20	49	-0.00019725888614050124
49	51	-0.00019726051449459576
51	49	-0.00019726051449459576
49	43	-0.00015051520854469894
43	49	-0.00015051520854469894
49	22	-0.00019750046794010933
22	49	-0.00019750046794010933
49	23	-0.00019750104068528402
23	49	-0.00019750104068528402
49	52	-0.00019750267215283424
52	49	-0.00019750267215283424
49	44	-0.00015052075111419283
44	49	-0.00015052075111419283
49	45	-0.00019610729541979661
45	49	-0.00019610729541979661
49	25	-0.00019610686129266206
25	49	-0.00019610686129266206
49	26	-0.00019610597567330755
26	49	-0.00019610597567330755
49	27	-0.00015052769714834596
27	49	-0.00015052769714834596
49	47	-0.00019577795272169717
47	49	-0.00019577795272169717
49	28	-0.0001957785177846664
28	49	-0.0001957785177846664
49	29	-0.00019578012741025598
29	49	-0.00019578012741025598
49	30	-0.00015052537022690465
30	49	-0.00015052537022690465
39	40	-0.0001504477577415035
40	39	-0.0001504477577415035
39	11	-1.822925241119676e-09
11	39	-1.822925241119676e-09
39	12	-0.00015044967659891338
12	39	-0.00015044967659891338
39	13	-0.0001513700789005217
13	39	-0.0001513700789005217
39	14	-0.0001513705817003783
14	39	-0.0001513705817003783
39	50	-0.00015137201504068198
50	39	-0.00015137201504068198
39	41	-0.00019756795279290198
41	39	-0.00019756795279290198
39	16	-0.00014987828965649195
16	39	-0.00014987828965649195
39	17	-0.00014987887699530246
17	39	-0.00014987887699530246
39	53	-0.00014988028960209122
53	39	-0.00014988028960209122
39	42	-0.00019755432311642762
42	39	-0.00019755432311642762
39	19	-0.0001502728883763915
19	39	-0.0001502728883763915
39	20	-0.00015027349129318035
20	39	-0.00015027349129318035
39	51	-0.00015027490933510428
51	39	-0.00015027490933510428
39	43	-0.00019756861378069716
43	39	-0.00019756861378069716
39	22	-0.00015045661677984224
22	39	-0.00015045661677984224
39	23	-0.0001504571151126586
23	39	-0.0001504571151126586
39	52	-0.0001504585357437298
52	39	-0.0001504585357437298
39	44	-0.0001975591321370326
44	39	-0.0001975591321370326
39	45	-0.00015162432988155252
45	39	-0.00015162432988155252
39	25	-0.00015162492794632706
25	39	-0.00015162492794632706
39	26	-0.00015162636493909454
26	39	-0.00015162636493909454
39	27	-0.00019754156043904733
27	39	-0.00019754156043904733
39	47	-0.0001491433109344175
47	39	-0.0001491433109344175
39	28	-0.00014914380287394595
28	39	-0.00014914380287394595
39	29	-0.00014914520531502585
29	39	-0.00014914520531502585
39	30	-0.00019754687048334133
30	39	-0.00019754687048334133
40	12	-0.00019757007879695154
12	40	-0.00019757007879695154
40	50	-0.0001963687315632993
50	40	-0.0001963687315632993
40	41	-0.00015045063770725595
41	40	-0.00015045063770725595
40	53	-0.0001968218477210843
53	40	-0.0001968218477210843
40	42	-0.00015045974326889901
42	40	-0.00015045974326889901
40	51	-0.00019733310589905293
51	40	-0.00019733310589905293
40	43	-0.0001504501343068478
43	40	-0.0001504501343068478
40	52	-0.00019755992364858428
52	40	-0.00019755992364858428
40	44	-0.00015045650688575186
44	40	-0.00015045650688575186
40	26	-0.00019603548793462215
26	40	-0.00019603548793462215
40	27	-0.00015046835520992824
27	40	-0.00015046835520992824
40	29	-0.000195860301400568
29	40	-0.000195860301400568
40	30	-0.00015046472021069246
30	40	-0.00015046472021069246
11	50	-0.00019636930250795294
50	11	-0.00019636930250795294
11	41	-0.00015045113602133445
41	11	-0.00015045113602133445
11	53	-0.0001968215364374111
53	11	-0.0001968215364374111
11	42	-0.0001504602416108633
42	11	-0.0001504602416108633
11	51	-0.0001973327938152174
51	11	-0.0001973327938152174
11	43	-0.0001504506326201302
43	11	-0.0001504506326201302
11	52	-0.0001975604964874382
52	11	-0.0001975604964874382
11	44	-0.0001504570052180879
44	11	-0.0001504570052180879
11	26	-0.0001960358000063947
26	11	-0.0001960358000063947
11	27	-0.00015046885357724752
27	11	-0.00015046885357724752
11	29	-0.00019585999163300184
29	11	-0.00019585999163300184
11	30	-0.0001504652185679278
30	11	-0.0001504652185679278
12	13	-0.00019637312736998228
13	12	-0.00019637312736998228
12	14	-0.00019637255609757882
14	12	-0.00019637255609757882
12	50	-0.00019637092887383412
50	12	-0.00019637092887383412
12	41	-0.00015045255659915292
41	12	-0.00015045255659915292
12	16	-0.00019681934134445415
16	12	-0.00019681934134445415
12	17	-0.00019681977302353528
17	12	-0.00019681977302353528
12	53	-0.00019682065446700368
53	12	-0.00019682065446700368
12	42	-0.00015046166226792703
42	12	-0.00015046166226792703
12	19	-0.00019733057495539906
19	12	-0.00019733057495539906
12	20	-0.0001973310255095223
20	12	-0.0001973310255095223
12	51	-0.0001973319095776833
51	12	-0.0001973319095776833
12	43	-0.000150452053195693
43	12	-0.000150452053195693
12	22	-0.00019756433282664944
22	12	-0.00019756433282664944
12	23	-0.00019756375997399524
23	12	-0.00019756375997399524
12	52	-0.00019756212822040917
52	12	-0.00019756212822040917
12	44	-0.00015045842584779294
44	12	-0.00015045842584779294
12	45	-0.0001960380036258079
45	12	-0.0001960380036258079
12	25	-0.00019603756962985368
25	12	-0.00019603756962985368
12	26	-0.00019603668427810707
26	12	-0.00019603668427810707
12	27	-0.00015047027430635558
27	12	-0.00015047027430635558
12	47	-0.00019585693868546644
47	12	-0.00019585693868546644
12	28	-0.00019585750390072336
28	12	-0.00019585750390072336
12	29	-0.000195859113958231
29	12	-0.000195859113958231
12	30	-0.00015046663926838894
30	12	-0.00015046663926838894
13	50	-0.00019757006549573215
50	13	-0.00019757006549573215
13	41	-0.0001513729845968594
41	13	-0.0001513729845968594
13	53	-0.00019562901645182038
53	13	-0.00019562901645182038
13	42	-0.0001513820769189674
42	13	-0.0001513820769189674
13	51	-0.00019614148312490772
51	13	-0.00019614148312490772
13	43	-0.0001513724781381971
43	13	-0.0001513724781381971
13	52	-0.0001963832498018636
52	13	-0.0001963832498018636
13	44	-0.00015137890614621888
44	13	-0.00015137890614621888
13	26	-0.00019722653765855196
26	13	-0.00019722653765855196
13	27	-0.0001513871765694573
27	13	-0.0001513871765694573
13	29	-0.0001946704179937369
29	13	-0.0001946704179937369
13	30	-0.00015138483631889002
30	13	-0.00015138483631889002
14	41	-0.00015137348740582808
41	14	-0.00015137348740582808
14	53	-0.00019562844832963198
53	14	-0.00019562844832963198
14	42	-0.00015138237903200574
42	14	-0.00015138237903200574
14	51	-0.00019614117104107217
51	14	-0.00019614117104107217
14	43	-0.00015137298094635996
43	14	-0.00015137298094635996
14	52	-0.0001963826785004081
52	14	-0.0001963826785004081
14	44	-0.00015137940897372084
44	14	-0.00015137940897372084
14	26	-0.0001972268519289644
26	14	-0.0001972268519289644
14	27	-0.000151387478683848
27	14	-0.000151387478683848
14	29	-0.00019466985389931217
29	14	-0.00019466985389931217
14	30	-0.00015138513843266014
30	14	-0.00015138513843266014
50	16	-0.00019562452578176896
16	50	-0.00019562452578176896
50	17	-0.00019562521323953342
17	50	-0.00019562521323953342
50	53	-0.00019562683009680348
53	50	-0.00019562683009680348
50	42	-0.0001513832370612784
42	50	-0.0001513832370612784
50	19	-0.00019613795586673633
19	50	-0.00019613795586673633
50	20	-0.00019613866344858342
20	50	-0.00019613866344858342
50	51	-0.00019614028680353806
51	50	-0.00019614028680353806
50	43	-0.00015137441431027624
43	50	-0.00015137441431027624
50	22	-0.00019637885376133624
22	50	-0.00019637885376133624
50	23	-0.00019637942473770055
23	50	-0.00019637942473770055
50	52	-0.00019638105119366801
52	50	-0.00019638105119366801
50	44	-0.00015138084239258988
44	50	-0.00015138084239258988
50	45	-0.00019722906968551527
45	50	-0.00019722906968551527
50	25	-0.00019722863307117892
25	50	-0.00019722863307117892
50	26	-0.00019722774237793277
26	50	-0.00019722774237793277
50	27	-0.00015138833671672695
27	50	-0.00015138833671672695
50	47	-0.00019466607913653163
47	50	-0.00019466607913653163
50	28	-0.00019466664246127924
28	50	-0.00019466664246127924
50	29	-0.00019466824716195364
29	50	-0.00019466824716195364
50	30	-0.00015138599646388412
30	50	-0.00015138599646388412
41	16	-0.00014988115363062272
16	41	-0.00014988115363062272
41	17	-0.00014988174098089208
17	41	-0.00014988174098089208
41	53	-0.0001498831536129528
53	41	-0.0001498831536129528
41	42	-0.00019755865350286437
42	41	-0.00019755865350286437
41	19	-0.00015027576328647402
19	41	-0.00015027576328647402
41	20	-0.00015027636621516588
20	41	-0.00015027636621516588
41	51	-0.0001502777842825245
51	41	-0.0001502777842825245
41	43	-0.00019757162247525795
43	41	-0.00019757162247525795
41	22	-0.0001504594969034119
22	41	-0.0001504594969034119
41	23	-0.00015045999524520545
23	41	-0.00015045999524520545
41	52	-0.00015046141590178936
52	41	-0.00015046141590178936
41	44	-0.00019756346263345736
44	41	-0.00019756346263345736
41	45	-0.00015162724292581465
45	41	-0.00015162724292581465
41	25	-0.00015162784100238648
25	41	-0.00015162784100238648
41	26	-0.00015162927802116083
26	41	-0.00015162927802116083
41	27	-0.0001975458905309132
27	41	-0.0001975458905309132
41	47	-0.00014914615445433838
47	41	-0.00014914615445433838
41	28	-0.00014914664640265236
28	41	-0.00014914664640265236
41	29	-0.00014914804886870044
29	41	-0.00014914804886870044
41	30	-0.0001975512007040135
30	41	-0.0001975512007040135
16	53	-0.00019756996616443638
53	16	-0.00019756996616443638
16	42	-0.00014989020919468066
42	16	-0.00014989020919468066
16	51	-0.00019705280303462084
51	16	-0.00019705280303462084
16	43	-0.0001498806521455164
43	16	-0.0001498806521455164
16	52	-0.00019681117217336817
52	16	-0.00019681117217336817
16	44	-0.0001498869902598204
44	16	-0.0001498869902598204
16	26	-0.00019528960931679547
26	16	-0.00019528960931679547
16	27	-0.00014989877500783913
27	16	-0.00014989877500783913
16	29	-0.00019660647205237911
29	16	-0.00019660647205237911
16	30	-0.00014989515877499154
30	16	-0.00014989515877499154
17	42	-0.00014989079658059954
42	17	-0.00014989079658059954
17	51	-0.00019705349361772144
51	17	-0.00019705349361772144
17	43	-0.00014988123949468847
43	17	-0.00014988123949468847
17	52	-0.0001968118622401175
52	17	-0.0001968118622401175
17	44	-0.0001498875776334002
44	17	-0.0001498875776334002
17	26	-0.00019529003965690033
26	17	-0.00019529003965690033
17	27	-0.00014989936242628107
27	17	-0.00014989936242628107
17	29	-0.00019660578494949929
29	17	-0.00019660578494949929
17	30	-0.00014989574618043012
30	17	-0.00014989574618043012
53	19	-0.00019705744880191788
19	53	-0.00019705744880191788
53	20	-0.00019705674045920643
20	53	-0.00019705674045920643
53	51	-0.0001970551168507197
51	53	-0.0001970551168507197
53	43	-0.00014988265212451064
43	53	-0.00014988265212451064
53	22	-0.00019681567684217267
22	53	-0.00019681567684217267
53	23	-0.00019681510715176923
23	53	-0.00019681510715176923
53	52	-0.00019681348442359998
52	53	-0.00019681348442359998
53	44	-0.00014988899031686225
