0	1	-0.00013171485565535503
1	0	-0.00013171485565535503
1	3	-0.00014965003040007138
3	1	-0.00014965003040007138
10	3	-0.00015876131483555443
3	10	-0.00015876131483555443
2	36	-0.00017991857919460576
36	2	-0.00017991857919460576
0	2	-0.0001305662988324494
2	0	-0.0001305662988324494
2	1	-0.00015776859583814138
1	2	-0.00015776859583814138
2	7	-0.00019751726125534779
7	2	-0.00019751726125534779
10	7	-0.00015876538418296818
7	10	-0.00015876538418296818
2	38	-0.00017368442552919208
38	2	-0.00017368442552919208
0	6	-1.6179041902620065e-05
6	0	-1.6179041902620065e-05
0	4	-1.807017848933998e-05
4	0	-1.807017848933998e-05
0	3	-1.8790418437020857e-05
3	0	-1.8790418437020857e-05
1	10	-0.00017185995224568417
10	1	-0.00017185995224568417
2	10	-0.00015872055419963147
10	2	-0.00015872055419963147
8	2	-0.00019644858989431487
2	8	-0.00019644858989431487
2	24	-0.00018374531366461189
24	2	-0.00018374531366461189
2	4	-0.00019363394233790616
4	2	-0.00019363394233790616
10	32	-0.00015878499234151728
32	10	-0.00015878499234151728
2	15	-0.0001883588376023779
15	2	-0.0001883588376023779
2	18	-0.00018090954606585013
18	2	-0.00018090954606585013
2	21	-0.00018280120033786748
21	2	-0.00018280120033786748
2	19	-0.00019733180595069794
19	2	-0.00019733180595069794
0	5	-1.676581701387706e-05
5	0	-1.676581701387706e-05
5	2	-0.00019474247928548817
2	5	-0.00019474247928548817
2	46	-0.0001897771286590111
46	2	-0.0001897771286590111
2	48	-0.00017740302632614804
48	2	-0.00017740302632614804
2	11	-0.00019750287889881872
11	2	-0.00019750287889881872
2	20	-0.00019733225650600948
20	2	-0.00019733225650600948
9	2	-0.00019610644556129997
2	9	-0.00019610644556129997
1	4	-1.807017848933998e-05
4	1	-1.807017848933998e-05
1	5	-0.00019582587389639536
5	1	-0.00019582587389639536
1	6	-1.6179041902620065e-05
6	1	-1.6179041902620065e-05
2	51	-0.000197327713783894
51	2	-0.000197327713783894
10	6	-0.0001587245122318825
6	10	-0.0001587245122318825
