0	6	-1.9586557103830053e-05
6	0	-1.9586557103830053e-05
0	1	-0.0001556195481517897
1	0	-0.0001556195481517897
2	31	-0.0001587933788794589
31	2	-0.0001587933788794589
1	2	-0.00012104307001653817
2	1	-0.00012104307001653817
8	2	-0.00015872890968376401
2	8	-0.00015872890968376401
2	46	-0.00012104481225852261
46	2	-0.00012104481225852261
5	9	-0.0001783722586525374
9	5	-0.0001783722586525374
0	9	-1.6179041902620065e-05
9	0	-1.6179041902620065e-05
9	6	-0.00019065758922589618
6	9	-0.00019065758922589618
2	32	-0.00015877233106149463
32	2	-0.00015877233106149463
8	5	-0.00016845579204157282
5	8	-0.00016845579204157282
0	4	-0.00019454252685572405
4	0	-0.00019454252685572405
0	3	-0.0001560607062313629
3	0	-0.0001560607062313629
3	6	-0.0001925794820953747
6	3	-0.0001925794820953747
2	9	-0.00015876945362332736
9	2	-0.00015876945362332736
0	19	-4.927659133303013e-05
19	0	-4.927659133303013e-05
8	19	-0.00017526789848854078
19	8	-0.00017526789848854078
0	8	-1.676581701387706e-05
8	0	-1.676581701387706e-05
8	7	-4.314103450841071e-05
7	8	-4.314103450841071e-05
2	4	-0.00011826826203832742
4	2	-0.00011826826203832742
2	13	-0.00015876131483555443
13	2	-0.00015876131483555443
0	10	-0.00019503085800282296
10	0	-0.00019503085800282296
8	16	-0.0001819606537491929
16	8	-0.0001819606537491929
10	8	-4.313596847448826e-05
8	10	-4.313596847448826e-05
8	6	-4.314010597907197e-05
6	8	-4.314010597907197e-05
6	33	-0.0001486625479609567
33	6	-0.0001486625479609567
2	33	-0.00015877656509072282
33	2	-0.00015877656509072282
0	7	-1.8790418437020857e-05
7	0	-1.8790418437020857e-05
2	34	-0.00015878914445067096
34	2	-0.00015878914445067096
8	24	-0.0001787792116151451
24	8	-0.0001787792116151451
2	22	-0.00012008964721526862
22	2	-0.00012008964721526862
8	27	-0.00017895906952408684
27	8	-0.00017895906952408684
8	45	-0.00017860099708112622
45	8	-0.00017860099708112622
0	2	-3.0395735920466567e-05
2	0	-3.0395735920466567e-05
1	6	-1.9586557103830053e-05
6	1	-1.9586557103830053e-05
0	51	-0.00019756499795979936
51	0	-0.00019756499795979936
0	11	-0.00019757008742087462
11	0	-0.00019757008742087462
1	7	-1.8790418437020857e-05
7	1	-1.8790418437020857e-05
1	8	-1.676581701387706e-05
8	1	-1.676581701387706e-05
46	8	-4.3712462123261645e-05
8	46	-4.3712462123261645e-05
3	8	-4.2703447115662996e-05
8	3	-4.2703447115662996e-05
4	8	-4.270376783514609e-05
8	4	-4.270376783514609e-05
51	8	-4.270468503466664e-05
8	51	-4.270468503466664e-05
37	8	-4.313978129157179e-05
8	37	-4.313978129157179e-05
8	38	-4.3135643799034245e-05
38	8	-4.3135643799034245e-05
8	11	-4.313689696954852e-05
11	8	-4.313689696954852e-05
8	14	-4.354743211057301e-05
14	8	-4.354743211057301e-05
8	15	-4.354779484496533e-05
15	8	-4.354779484496533e-05
8	52	-4.35487339448395e-05
52	8	-4.35487339448395e-05
8	17	-4.314340023530683e-05
17	8	-4.314340023530683e-05
8	18	-4.314372493336675e-05
18	8	-4.314372493336675e-05
8	49	-4.314465349275456e-05
49	8	-4.314465349275456e-05
8	20	-4.27139579967337e-05
20	8	-4.27139579967337e-05
8	21	-4.271427874625611e-05
21	8	-4.271427874625611e-05
8	47	-4.271519603125353e-05
47	8	-4.271519603125353e-05
8	22	-4.336575382295693e-05
22	8	-4.336575382295693e-05
8	23	-4.336612212490383e-05
23	8	-4.336612212490383e-05
8	48	-4.33670563469436e-05
48	8	-4.33670563469436e-05
8	25	-4.3370139630314154e-05
25	8	-4.3370139630314154e-05
8	26	-4.337046639099794e-05
26	8	-4.337046639099794e-05
8	50	-4.337140083962236e-05
50	8	-4.337140083962236e-05
8	44	-4.3344940886750703e-05
44	8	-4.3344940886750703e-05
8	28	-4.334526744047985e-05
28	8	-4.334526744047985e-05
8	29	-4.3346201298310006e-05
29	8	-4.3346201298310006e-05
0	5	-0.00016135937341293965
5	0	-0.00016135937341293965
2	3	-0.00011826782443764479
3	2	-0.00011826782443764479
2	51	-0.00011826951040321031
51	2	-0.00011826951040321031
2	37	-0.00011947841321658956
37	2	-0.00011947841321658956
2	6	-0.00011947885719275972
6	2	-0.00011947885719275972
2	7	-0.00011948012370868795
7	2	-0.00011948012370868795
2	38	-0.00011947296357328712
38	2	-0.00011947296357328712
2	10	-0.00011947340753331035
10	2	-0.00011947340753331035
2	11	-0.00011947467400334114
11	2	-0.00011947467400334114
2	14	-0.0001206052532858516
14	2	-0.0001206052532858516
2	15	-0.00012060579834074646
15	2	-0.00012060579834074646
2	52	-0.00012060708182614604
52	2	-0.00012060708182614604
2	17	-0.00011948318529975104
17	2	-0.00011948318529975104
2	18	-0.0001194836292900848
18	2	-0.0001194836292900848
2	49	-0.00011948489584627318
49	2	-0.00011948489584627318
2	20	-0.00011828158215318465
20	2	-0.00011828158215318465
2	21	-0.00011828201979395107
21	2	-0.00011828201979395107
2	47	-0.00011828326827277046
47	2	-0.00011828326827277046
2	23	-0.00012009020964943983
23	2	-0.00012009020964943983
2	48	-0.00012009148527880884
48	2	-0.00012009148527880884
2	25	-0.0001201111271170546
25	2	-0.0001201111271170546
2	26	-0.00012011157442718503
26	2	-0.00012011157442718503
2	50	-0.00012011285043463182
50	2	-0.00012011285043463182
2	44	-0.000120046615978733
44	2	-0.000120046615978733
2	28	-0.0001200470629584317
28	2	-0.0001200470629584317
2	29	-0.00012004833802522927
29	2	-0.00012004833802522927
3	5	-0.00015829389058348513
5	3	-0.00015829389058348513
3	19	-4.814129145145327e-05
19	3	-4.814129145145327e-05
5	6	-1.8062497770455315e-07
6	5	-1.8062497770455315e-07
6	19	-1.8076063919101744e-07
19	6	-1.8076063919101744e-07
1	9	-1.6179041902620065e-05
9	1	-1.6179041902620065e-05
35	2	-0.00015875291332367172
2	35	-0.00015875291332367172
31	6	-1.3246188597477836e-08
6	31	-1.3246188597477836e-08
2	36	-0.00015873189591410713
36	2	-0.00015873189591410713
2	12	-0.00015872077385102446
12	2	-0.00015872077385102446
2	39	-0.0001587322254258363
39	2	-0.0001587322254258363
2	40	-0.00015873601856905006
40	2	-0.00015873601856905006
2	41	-0.00015875269360788533
41	2	-0.00015875269360788533
2	42	-0.00015874881306902682
42	2	-0.00015874881306902682
2	43	-0.00015873568904644443
43	2	-0.00015873568904644443
2	30	-0.0001587292208806678
30	2	-0.0001587292208806678
9	19	-6.463174554464307e-05
19	9	-6.463174554464307e-05
