11	9	-1.9233257428520928e-07
9	11	-1.9233257428520928e-07
1	9	-1.6179041902620065e-05
9	1	-1.6179041902620065e-05
9	0	-4.659464400908048e-10
0	9	-4.659464400908048e-10
1	0	-1.3116832098458593e-05
0	1	-1.3116832098458593e-05
0	31	-1.5731273893734387e-09
31	0	-1.5731273893734387e-09
2	31	-5.955638708302409e-05
31	2	-5.955638708302409e-05
0	2	-1.9615546247223009e-07
2	0	-1.9615546247223009e-07
19	2	-0.00015872890968376401
2	19	-0.00015872890968376401
0	34	-6.154223095166611e-10
34	0	-6.154223095166611e-10
31	34	-0.00019752245731081004
34	31	-0.00019752245731081004
2	52	-0.00012190790551490244
52	2	-0.00012190790551490244
34	52	-0.00015172646653896531
52	34	-0.00015172646653896531
4	3	-0.00019757170581721255
3	4	-0.00019757170581721255
1	3	-8.155687550860227e-09
3	1	-8.155687550860227e-09
3	0	-6.9319990529717086e-09
0	3	-6.9319990529717086e-09
0	50	-1.1650262260432314e-08
50	0	-1.1650262260432314e-08
2	50	-7.3619940148492525e-09
50	2	-7.3619940148492525e-09
0	49	-1.0667306494357755e-08
49	0	-1.0667306494357755e-08
19	48	-4.403431128085902e-05
48	19	-4.403431128085902e-05
0	5	-7.947299589060278e-09
5	0	-7.947299589060278e-09
0	4	-7.194576687009374e-09
4	0	-7.194576687009374e-09
5	4	-0.00019757063801434147
4	5	-0.00019757063801434147
3	2	-3.6402285316140058e-09
2	3	-3.6402285316140058e-09
0	8	-1.9492364728487318e-08
8	0	-1.9492364728487318e-08
19	8	-0.00017770100984303925
8	19	-0.00017770100984303925
8	53	-0.00014916411198520472
53	8	-0.00014916411198520472
34	53	-0.00014922491507387355
53	34	-0.00014922491507387355
0	7	-1.676581701387706e-05
7	0	-1.676581701387706e-05
0	6	-0.00011529487701907426
6	0	-0.00011529487701907426
7	6	-0.00015979296798674416
6	7	-0.00015979296798674416
13	7	-4.733358689811522e-05
7	13	-4.733358689811522e-05
1	7	-1.676581701387706e-05
7	1	-1.676581701387706e-05
0	32	-2.3254926625520464e-09
32	0	-2.3254926625520464e-09
2	32	-0.00015877656509072282
32	2	-0.00015877656509072282
0	11	-1.8501165220277534e-07
11	0	-1.8501165220277534e-07
19	11	-0.00017938937561296918
11	19	-0.00017938937561296918
0	35	-1.3676022922760106e-09
35	0	-1.3676022922760106e-09
0	10	-7.248057634026322e-10
10	0	-7.248057634026322e-10
10	9	-0.00019710346789510673
9	10	-0.00019710346789510673
2	8	-1.7550507331476697e-08
8	2	-1.7550507331476697e-08
8	33	-0.00019755612096135792
33	8	-0.00019755612096135792
1	33	-2.3429807345608795e-08
33	1	-2.3429807345608795e-08
0	13	-1.863724950011807e-07
13	0	-1.863724950011807e-07
19	13	-0.00018070874761744765
13	19	-0.00018070874761744765
0	36	-1.852884778660951e-08
36	0	-1.852884778660951e-08
13	47	-4.754933538206387e-05
47	13	-4.754933538206387e-05
0	12	-9.110359351890538e-09
12	0	-9.110359351890538e-09
0	46	-8.851048887593659e-09
46	0	-8.851048887593659e-09
0	16	-1.8683424258434312e-07
16	0	-1.8683424258434312e-07
19	16	-0.00018115642335873208
16	19	-0.00018115642335873208
0	37	-6.154202505314237e-10
37	0	-6.154202505314237e-10
31	37	-0.00019752179647377708
37	31	-0.00019752179647377708
0	15	-0.0001952494864633854
15	0	-0.0001952494864633854
14	0	-0.00019524903891870294
0	14	-0.00019524903891870294
2	1	-2.0922242242898626e-07
1	2	-2.0922242242898626e-07
0	20	-4.49139269139954e-09
20	0	-4.49139269139954e-09
2	20	-5.955431074298531e-05
20	2	-5.955431074298531e-05
0	39	-1.876637529462626e-07
39	0	-1.876637529462626e-07
19	39	-0.0001819606537491929
39	19	-0.0001819606537491929
0	19	-3.5329725883796866e-09
19	0	-3.5329725883796866e-09
20	19	-0.00019752204713557937
19	20	-0.00019752204713557937
19	18	-4.3547145980843016e-05
18	19	-4.3547145980843016e-05
0	17	-0.00019546220736467847
17	0	-0.00019546220736467847
0	38	-0.00019546189619066323
38	0	-0.00019546189619066323
10	6	-7.246205675285577e-10
6	10	-7.246205675285577e-10
0	24	-0.00015169522686491352
24	0	-0.00015169522686491352
2	24	-5.954843784844409e-05
24	2	-5.954843784844409e-05
0	41	-1.9005427216997092e-07
41	0	-1.9005427216997092e-07
19	41	-0.00018427831651190746
41	19	-0.00018427831651190746
24	23	-0.00019752177368637206
23	24	-0.00019752177368637206
0	21	-0.00019606662330503308
21	0	-0.00019606662330503308
0	40	-0.00019606631100388245
40	0	-0.00019606631100388245
0	43	-1.847570985791235e-07
43	0	-1.847570985791235e-07
19	43	-0.00017914257915565814
43	19	-0.00017914257915565814
24	27	-0.00019752232058554387
27	24	-0.00019752232058554387
0	25	-0.00019470369063971342
25	0	-0.00019470369063971342
0	42	-0.00019470338086650525
42	0	-0.00019470338086650525
0	45	-1.8296287085198362e-07
45	0	-1.8296287085198362e-07
19	45	-0.00017740302632614804
45	19	-0.00017740302632614804
0	30	-3.5329750339174256e-09
30	0	-3.5329750339174256e-09
20	30	-0.00019752218386046697
30	20	-0.00019752218386046697
0	28	-0.00019423182790646453
28	0	-0.00019423182790646453
0	44	-0.0001942315020944487
44	0	-0.0001942315020944487
1	6	-0.00018439192225336933
6	1	-0.00018439192225336933
1	46	-1.1839575391815332e-08
46	1	-1.1839575391815332e-08
2	6	-2.241776713968344e-07
6	2	-2.241776713968344e-07
2	9	-2.0391626968192596e-07
9	2	-2.0391626968192596e-07
2	46	-7.3801331736574135e-09
46	2	-7.3801331736574135e-09
2	14	-0.0001204730469503817
14	2	-0.0001204730469503817
2	38	-0.00012060312572025171
38	2	-0.00012060312572025171
2	40	-0.00012097252687614771
40	2	-0.00012097252687614771
2	42	-0.00012013186262311517
42	2	-0.00012013186262311517
2	44	-0.00011984417474623914
44	2	-0.00011984417474623914
3	6	-1.1620979686204274e-08
6	3	-1.1620979686204274e-08
3	9	-6.930435089034352e-09
9	3	-6.930435089034352e-09
3	46	-0.00019511736209547513
46	3	-0.00019511736209547513
6	9	-4.658267754925889e-10
9	6	-4.658267754925889e-10
6	46	-1.5261817621858303e-08
46	6	-1.5261817621858303e-08
9	46	-1.0629465812176367e-08
46	9	-1.0629465812176367e-08
1	4	-8.41822310507811e-09
4	1	-8.41822310507811e-09
1	10	-0.00017750686073301334
10	1	-0.00017750686073301334
1	12	-1.2098855218632086e-08
12	1	-1.2098855218632086e-08
2	7	-4.497029401309895e-05
7	2	-4.497029401309895e-05
2	10	-0.0001201837244214248
10	2	-0.0001201837244214248
2	12	-7.639400466716964e-09
12	2	-7.639400466716964e-09
2	15	-0.00012047358054975005
15	2	-0.00012047358054975005
2	17	-0.00012060357564985573
17	2	-0.00012060357564985573
2	21	-0.00012097297878116406
21	2	-0.00012097297878116406
2	25	-0.00012013231006687564
25	2	-0.00012013231006687564
2	28	-0.0001198446310907254
28	2	-0.0001198446310907254
3	7	-0.0001691190919532578
7	3	-0.0001691190919532578
3	10	-7.0529427800021315e-09
10	3	-7.0529427800021315e-09
3	12	-0.00019511767262084105
12	3	-0.00019511767262084105
4	6	-1.1883520765796335e-08
6	4	-1.1883520765796335e-08
4	7	-0.0001509619208303453
7	4	-0.0001509619208303453
4	9	-7.1929630385231495e-09
9	4	-7.1929630385231495e-09
4	10	-7.315470924824031e-09
10	4	-7.315470924824031e-09
6	12	-1.552110283761659e-08
12	6	-1.552110283761659e-08
7	9	-0.00019065758922589618
9	7	-0.00019065758922589618
7	10	-0.00019020518138705507
10	7	-0.00019020518138705507
7	46	-0.00019673221999341912
46	7	-0.00019673221999341912
7	12	-0.00019673165299311933
12	7	-0.00019673165299311933
9	12	-1.0888738221791147e-08
12	9	-1.0888738221791147e-08
10	46	-1.0750451601908457e-08
46	10	-1.0750451601908457e-08
10	12	-1.1009724202033272e-08
12	10	-1.1009724202033272e-08
0	53	-0.00019431601447256116
53	0	-0.00019431601447256116
0	51	-1.4668698318957859e-09
51	0	-1.4668698318957859e-09
0	47	-9.853716253390319e-09
47	0	-9.853716253390319e-09
0	54	-0.00019525036710226875
54	0	-0.00019525036710226875
0	18	-0.00019546308911771822
18	0	-0.00019546308911771822
0	22	-0.000196067508225344
22	0	-0.000196067508225344
0	26	-0.0001947045684565513
26	0	-0.0001947045684565513
0	29	-0.000194232703251749
29	0	-0.000194232703251749
1	34	-6.152276188718726e-10
34	1	-6.152276188718726e-10
1	5	-9.170829179825022e-09
5	1	-9.170829179825022e-09
1	48	-9.415866347058447e-09
48	1	-9.415866347058447e-09
1	49	-1.2259686922172404e-08
49	1	-1.2259686922172404e-08
1	35	-2.9622360930266907e-09
35	1	-2.9622360930266907e-09
1	47	-1.284212790704064e-08
47	1	-1.284212790704064e-08
1	36	-2.2467017221691006e-08
36	1	-2.2467017221691006e-08
1	37	-6.15225561189159e-10
37	1	-6.15225561189159e-10
1	19	-4.4017150564001116e-05
19	1	-4.4017150564001116e-05
0	48	-8.192373404902076e-09
48	0	-8.192373404902076e-09
52	19	-4.401843459485984e-05
19	52	-4.401843459485984e-05
34	3	-0.00015174061902724123
3	34	-0.00015174061902724123
34	4	-0.00015174092193603132
4	34	-0.00015174092193603132
34	5	-0.0001517417822087876
5	34	-0.0001517417822087876
34	48	-0.00015174208105758774
48	34	-0.00015174208105758774
34	49	-0.00019754924069499062
49	34	-0.00019754924069499062
34	6	-5.126896823932279e-09
6	34	-5.126896823932279e-09
34	7	-0.00014922351161791205
7	34	-0.00014922351161791205
34	9	-0.00014957924959364623
9	34	-0.00014957924959364623
34	10	-0.00014957974361942594
10	34	-0.00014957974361942594
34	51	-0.00014958115199611164
51	34	-0.00014958115199611164
34	35	-0.00019756799837120415
35	34	-0.00019756799837120415
34	46	-0.00014985605419635197
46	34	-0.00014985605419635197
34	12	-0.00014985635284087565
12	34	-0.00014985635284087565
34	47	-0.00014985720108870318
47	34	-0.00014985720108870318
34	36	-0.00019757066534257394
36	34	-0.00019757066534257394
34	14	-0.00014994042141465053
14	34	-0.00014994042141465053
34	15	-0.00014994102223567576
15	34	-0.00014994102223567576
34	54	-0.0001499424356438981
54	34	-0.0001499424356438981
34	37	-0.00019757162247609683
37	34	-0.00019757162247609683
34	38	-0.00015010266021162213
38	34	-0.00015010266021162213
34	17	-0.00015010315680181414
17	34	-0.00015010315680181414
34	18	-0.00015010457247477453
18	34	-0.00015010457247477453
34	19	-0.0001975686821594128
19	34	-0.0001975686821594128
34	40	-0.00015056337892940756
40	34	-0.00015056337892940756
34	21	-0.00015056387778433961
21	34	-0.00015056387778433961
34	22	-0.00015056529990090448
22	34	-0.00015056529990090448
34	23	-0.00019755938285146904
23	34	-0.00019755938285146904
34	42	-0.00014951680866029946
42	34	-0.00014951680866029946
34	25	-0.0001495173024028546
25	34	-0.0001495173024028546
34	26	-0.00014951870997382996
26	34	-0.00014951870997382996
34	27	-0.00019755992984051167
27	34	-0.00019755992984051167
34	44	-0.00014915782409495365
44	34	-0.00014915782409495365
34	28	-0.0001491583290698024
28	34	-0.0001491583290698024
34	29	-0.00014915973163465496
29	34	-0.00014915973163465496
34	30	-0.00019756881891613943
30	34	-0.00019756881891613943
2	53	-0.00011989850281713275
53	2	-0.00011989850281713275
2	51	-0.00012018500151667932
51	2	-0.00012018500151667932
2	47	-8.38263745879288e-09
47	2	-8.38263745879288e-09
2	54	-0.00012047486203782693
54	2	-0.00012047486203782693
2	18	-0.00012060485911474942
18	2	-0.00012060485911474942
2	22	-0.00012097426786987899
22	2	-0.00012097426786987899
2	26	-0.00012013358645489227
26	2	-0.00012013358645489227
2	29	-0.000119845903108403
29	2	-0.000119845903108403
3	5	-0.00019757006035334645
5	3	-0.00019757006035334645
3	47	-0.0001951185525509449
47	3	-0.0001951185525509449
3	36	-0.0001517348710992495
36	3	-0.0001517348710992495
3	19	-4.403271185026555e-05
19	3	-4.403271185026555e-05
4	36	-0.00015173537564129068
36	4	-0.00015173537564129068
4	19	-4.403304457537885e-05
19	4	-4.403304457537885e-05
5	6	-1.2636142495865777e-08
6	5	-1.2636142495865777e-08
5	7	-0.00013739621826724976
7	5	-0.00013739621826724976
5	9	-7.945547377945118e-09
9	5	-7.945547377945118e-09
5	10	-8.068055817693171e-09
10	5	-8.068055817693171e-09
5	19	-4.4033996052898036e-05
19	5	-4.4033996052898036e-05
48	6	-1.2881185188540927e-08
6	48	-1.2881185188540927e-08
48	7	-0.0001942885258936044
7	48	-0.0001942885258936044
48	9	-8.19057731701397e-09
9	48	-8.19057731701397e-09
48	10	-8.313085952097511e-09
10	48	-8.313085952097511e-09
49	6	-1.6771616309886414e-08
6	49	-1.6771616309886414e-08
49	7	-0.0001492082596691357
7	49	-0.0001492082596691357
49	9	-1.0664261483191248e-08
9	49	-1.0664261483191248e-08
49	10	-1.0823769667768895e-08
10	49	-1.0823769667768895e-08
6	51	-1.4665005368338551e-09
51	6	-1.4665005368338551e-09
6	35	-7.473949527021187e-09
35	6	-7.473949527021187e-09
6	47	-1.6264390794784985e-08
47	6	-1.6264390794784985e-08
6	36	-2.6978649483247623e-08
36	6	-2.6978649483247623e-08
6	37	-5.1268796765763336e-09
37	6	-5.1268796765763336e-09
6	19	-3.5318264115298057e-09
19	6	-3.5318264115298057e-09
6	30	-3.531828855481026e-09
30	6	-3.531828855481026e-09
7	47	-0.00019673003792949483
47	7	-0.00019673003792949483
7	36	-0.0001492122649480139
36	7	-0.0001492122649480139
7	19	-4.329194820848209e-05
19	7	-4.329194820848209e-05
53	19	-4.329288065434285e-05
19	53	-4.329288065434285e-05
9	35	-1.3671475738124505e-09
35	9	-1.3671475738124505e-09
9	47	-1.1631989710861045e-08
47	9	-1.1631989710861045e-08
9	36	-2.087141078956867e-08
36	9	-2.087141078956867e-08
9	19	-4.3396191660861684e-05
19	9	-4.3396191660861684e-05
10	35	-1.52664812409057e-09
35	10	-1.52664812409057e-09
10	47	-1.175297623088486e-08
47	10	-1.175297623088486e-08
10	36	-2.103090847027498e-08
36	10	-2.103090847027498e-08
10	19	-4.3396518658776534e-05
19	10	-4.3396518658776534e-05
51	19	-4.3397453784741654e-05
19	51	-4.3397453784741654e-05
46	19	-4.348948284235963e-05
19	46	-4.348948284235963e-05
12	19	-4.348981057865992e-05
19	12	-4.348981057865992e-05
47	19	-4.349074781234348e-05
19	47	-4.349074781234348e-05
14	19	-4.349969582826682e-05
19	14	-4.349969582826682e-05
15	19	-4.3500054244460385e-05
19	15	-4.3500054244460385e-05
54	19	-4.350099210168595e-05
19	54	-4.350099210168595e-05
38	19	-4.354587851129236e-05
19	38	-4.354587851129236e-05
17	19	-4.3546206895801204e-05
19	17	-4.3546206895801204e-05
19	40	-4.367706025470473e-05
40	19	-4.367706025470473e-05
19	21	-4.367738986196004e-05
21	19	-4.367738986196004e-05
19	22	-4.367833243825046e-05
22	19	-4.367833243825046e-05
19	42	-4.337353891658083e-05
42	19	-4.337353891658083e-05
19	25	-4.33738657564228e-05
25	19	-4.33738657564228e-05
19	26	-4.3374800431278985e-05
26	19	-4.3374800431278985e-05
19	44	-4.327184592123297e-05
44	19	-4.327184592123297e-05
19	28	-4.3272175577772267e-05
28	19	-4.3272175577772267e-05
19	29	-4.327310753625631e-05
29	19	-4.327310753625631e-05
1	8	-2.3431723806929162e-08
8	1	-2.3431723806929162e-08
1	11	-1.9733626361250974e-07
11	1	-1.9733626361250974e-07
1	13	-1.9878775939671563e-07
13	1	-1.9878775939671563e-07
1	16	-1.9928026644537176e-07
16	1	-1.9928026644537176e-07
1	39	-2.001650349099528e-07
39	1	-2.001650349099528e-07
1	41	-2.0271479934956466e-07
41	1	-2.0271479934956466e-07
1	43	-1.970647528163928e-07
43	1	-1.970647528163928e-07
1	45	-1.9515100202541187e-07
45	1	-1.9515100202541187e-07
52	8	-0.0001516644224221405
8	52	-0.0001516644224221405
2	4	-3.902751235013778e-09
4	2	-3.902751235013778e-09
2	5	-4.655320710425996e-09
5	2	-4.655320710425996e-09
2	48	-4.900345403341692e-09
48	2	-4.900345403341692e-09
2	11	-0.00019054430388908077
11	2	-0.00019054430388908077
2	13	-0.0001835880383726183
13	2	-0.0001835880383726183
3	8	-1.5439370017188966e-07
8	3	-1.5439370017188966e-07
3	11	-1.9251208580651e-09
11	3	-1.9251208580651e-09
3	13	-1.5700694229441814e-07
13	3	-1.5700694229441814e-07
3	16	-4.802326101635338e-05
16	3	-4.802326101635338e-05
3	39	-4.7810810606096106e-05
39	3	-4.7810810606096106e-05
3	41	-4.720893486602296e-05
41	3	-4.720893486602296e-05
3	43	-4.856361907028645e-05
43	3	-4.856361907028645e-05
3	45	-4.904025425217513e-05
45	3	-4.904025425217513e-05
4	8	-4.895828539873386e-05
8	4	-4.895828539873386e-05
4	11	-2.1876408268014447e-09
11	4	-2.1876408268014447e-09
4	13	-4.814268034022482e-05
13	4	-4.814268034022482e-05
5	8	-0.0001516864146197879
8	5	-0.0001516864146197879
5	11	-2.94020255395326e-09
11	5	-2.94020255395326e-09
5	13	-4.814365040450141e-05
13	5	-4.814365040450141e-05
48	8	-0.0001516869015814488
8	48	-0.0001516869015814488
48	11	-3.1852245121720993e-09
11	48	-3.1852245121720993e-09
48	13	-4.814397219209135e-05
13	48	-4.814397219209135e-05
6	8	-2.794483792538439e-08
8	6	-2.794483792538439e-08
6	11	-2.1144188823174328e-07
11	6	-2.1144188823174328e-07
6	13	-2.1299713714420652e-07
13	6	-2.1299713714420652e-07
6	16	-2.135248486678207e-07
16	6	-2.135248486678207e-07
6	39	-2.144728605100144e-07
39	6	-2.144728605100144e-07
6	41	-2.1720488247996676e-07
41	6	-2.1720488247996676e-07
6	43	-2.111509698047126e-07
43	6	-2.111509698047126e-07
6	45	-2.091004238308384e-07
45	6	-2.091004238308384e-07
7	8	-1.8325431414369168e-07
8	7	-1.8325431414369168e-07
7	11	-4.768212978381916e-05
11	7	-4.768212978381916e-05
7	16	-4.7216476488518695e-05
16	7	-4.7216476488518695e-05
7	39	-4.7007540089034245e-05
39	7	-4.7007540089034245e-05
7	41	-4.641561960314e-05
41	7	-4.641561960314e-05
7	43	-4.7747896814252474e-05
43	7	-4.7747896814252474e-05
7	45	-4.8216648268536976e-05
45	7	-4.8216648268536976e-05
8	9	-2.183556626435672e-08
9	8	-2.183556626435672e-08
8	10	-2.199511633100651e-08
10	8	-2.199511633100651e-08
8	51	-0.00014952017334107903
51	8	-0.00014952017334107903
8	11	-1.5316806398379664e-08
11	8	-1.5316806398379664e-08
8	46	-0.00014980356903226087
46	8	-0.00014980356903226087
8	12	-0.00014980406426182318
12	8	-0.00014980406426182318
8	47	-0.000149805476064116
47	8	-0.000149805476064116
8	13	-0.00019428358160088728
13	8	-0.00019428358160088728
8	14	-0.00014987926369820613
14	8	-0.00014987926369820613
8	15	-0.00014987986432736446
15	8	-0.00014987986432736446
8	54	-0.00014988127733864612
54	8	-0.00014988127733864612
8	38	-0.00015004142159192474
38	8	-0.00015004142159192474
8	17	-0.000150041918041939
17	8	-0.000150041918041939
8	18	-0.00015004333331696616
18	8	-0.00015004333331696616
8	40	-0.00015050191041494443
40	8	-0.00015050191041494443
8	21	-0.00015050240912870214
21	8	-0.00015050240912870214
8	22	-0.00015050383084450557
22	8	-0.00015050383084450557
8	42	-0.00014945585883981835
42	8	-0.00014945585883981835
8	25	-0.00014945635244344228
25	8	-0.00014945635244344228
8	26	-0.00014945775962002235
26	8	-0.00014945775962002235
8	44	-0.00014909705328531027
44	8	-0.00014909705328531027
8	28	-0.0001490975581155732
28	8	-0.0001490975581155732
8	29	-0.0001490989602882178
29	8	-0.0001490989602882178
9	13	-1.9374714085691454e-07
13	9	-1.9374714085691454e-07
9	16	-1.942271170398521e-07
16	9	-1.942271170398521e-07
9	39	-1.9508937379718345e-07
39	9	-1.9508937379718345e-07
9	41	-1.975742592256248e-07
41	9	-1.975742592256248e-07
9	43	-1.9206797111237975e-07
43	9	-1.9206797111237975e-07
9	45	-1.9020290707131505e-07
45	9	-1.9020290707131505e-07
10	11	-0.00017794900244556526
11	10	-0.00017794900244556526
10	13	-0.0001714525578700215
13	10	-0.0001714525578700215
11	46	-5.68633211740817e-09
46	11	-5.68633211740817e-09
11	12	-5.94559674332723e-09
12	11	-5.94559674332723e-09
11	47	-6.688826178459474e-09
47	11	-6.688826178459474e-09
11	13	-0.0001903594451323159
13	11	-0.0001903594451323159
46	13	-4.754804588646039e-05
13	46	-4.754804588646039e-05
12	13	-4.754838002067191e-05
13	12	-4.754838002067191e-05
1	31	-1.5726372248016973e-09
31	1	-1.5726372248016973e-09
1	50	-1.3242843445997237e-08
50	1	-1.3242843445997237e-08
1	32	-3.920243720541192e-09
32	1	-3.920243720541192e-09
1	20	-0.00015168859530486896
20	1	-0.00015168859530486896
1	24	-0.000151694722364059
24	1	-0.000151694722364059
0	33	-1.9490770143650516e-08
33	0	-1.9490770143650516e-08
52	31	-0.00015168837180869047
31	52	-0.00015168837180869047
52	20	-0.0001516905379145837
20	52	-0.0001516905379145837
52	24	-0.0001516966650453107
24	52	-0.0001516966650453107
34	2	-5.954070357505514e-05
2	34	-5.954070357505514e-05
34	50	-0.0001974991212845155
50	34	-0.0001974991212845155
34	32	-0.00019751776253713516
32	34	-0.00019751776253713516
34	33	-0.00019750236134874442
33	34	-0.00019750236134874442
34	8	-6.373124674927255e-05
8	34	-6.373124674927255e-05
34	20	-0.00019752500993229413
20	34	-0.00019752500993229413
34	24	-0.0001975295230292306
24	34	-0.0001975295230292306
31	3	-0.00015170308820408574
3	31	-0.00015170308820408574
31	4	-0.00015170339110290006
4	31	-0.00015170339110290006
31	5	-0.00015170425134905424
5	31	-0.00015170425134905424
31	48	-0.0001517045501845533
48	31	-0.0001517045501845533
31	49	-0.00019753481114996262
49	31	-0.00019753481114996262
31	50	-0.00019754893873988178
50	31	-0.00019754893873988178
31	6	-6.085422304667453e-09
6	31	-6.085422304667453e-09
31	7	-0.00014918605428930256
7	31	-0.00014918605428930256
31	53	-0.0001491874575736652
53	31	-0.0001491874575736652
31	9	-0.0001495417020416662
9	31	-0.0001495417020416662
31	10	-1.367472296781929e-10
10	31	-1.367472296781929e-10
31	51	-0.00014954360421085998
51	31	-0.00014954360421085998
31	35	-0.00019752535193103595
35	31	-0.00019752535193103595
31	32	-0.00019756758695563378
32	31	-0.00019756758695563378
31	46	-0.00014981899042913516
46	31	-0.00014981899042913516
31	12	-0.0001498192890639298
12	31	-0.0001498192890639298
31	47	-0.00014982013728581322
47	31	-0.00014982013728581322
31	36	-0.00019752180205886608
36	31	-0.00019752180205886608
31	33	-0.0001975705281739085
33	31	-0.0001975705281739085
31	8	-6.374796670768505e-05
8	31	-6.374796670768505e-05
31	14	-0.00014990278143015796
14	31	-0.00014990278143015796
31	15	-0.00014990338216328705
15	31	-0.00014990338216328705
31	54	-0.0001499047953982328
54	31	-0.0001499047953982328
31	38	-0.00015006497859407474
38	31	-0.00015006497859407474
31	17	-0.00015006547512298675
17	31	-0.00015006547512298675
31	18	-0.00015006689062228742
18	31	-0.00015006689062228742
31	19	-0.00019751885651048462
19	31	-0.00019751885651048462
31	20	-0.00019756909165614107
20	31	-0.00019756909165614107
31	40	-0.00015052557908915506
40	31	-0.00015052557908915506
31	21	-0.0001505260778824221
21	31	-0.0001505260778824221
31	22	-0.0001505274998242364
22	31	-0.0001505274998242364
31	23	-0.00019750955845468555
23	31	-0.00019750955845468555
31	24	-0.0001975600636249915
24	31	-0.0001975600636249915
31	42	-0.00014947927540471886
42	31	-0.00014947927540471886
31	25	-0.00014947976908647536
25	31	-0.00014947976908647536
31	26	-0.00014948117648515527
26	31	-0.00014948117648515527
31	27	-0.00019751010530312817
27	31	-0.00019751010530312817
31	44	-0.00014912038312364412
44	31	-0.00014912038312364412
31	28	-0.00014912088803468407
28	31	-0.00014912088803468407
31	29	-0.000149122290428087
29	31	-0.000149122290428087
31	30	-0.00019751899323205955
30	31	-0.00019751899323205955
2	49	-6.380327383105877e-09
49	2	-6.380327383105877e-09
2	35	-0.00015873601856905006
35	2	-0.00015873601856905006
2	36	-1.6587758793456325e-08
36	2	-1.6587758793456325e-08
2	33	-1.754907193022749e-08
33	2	-1.754907193022749e-08
2	37	-0.0001587315847098413
37	2	-0.0001587315847098413
2	23	-0.00015872055419963147
23	2	-0.00015872055419963147
2	27	-0.00015872099350302542
27	2	-0.00015872099350302542
2	30	-0.00015872901951782603
30	2	-0.00015872901951782603
3	33	-0.00015169688255752868
33	3	-0.00015169688255752868
3	20	-0.0001517043135574537
20	3	-0.0001517043135574537
3	24	-0.0001517077795569802
24	3	-0.0001517077795569802
4	33	-0.00015169738703711073
33	4	-0.00015169738703711073
4	20	-0.0001517046164565937
20	4	-0.0001517046164565937
4	24	-0.00015170808245704148
24	4	-0.00015170808245704148
5	20	-0.00015170547670361644
20	5	-0.00015170547670361644
5	24	-0.0001517089427065209
24	5	-0.0001517089427065209
48	20	-0.0001517057755395498
20	48	-0.0001517057755395498
48	24	-0.00015170924154368263
24	48	-0.00015170924154368263
49	8	-0.00019750924053026222
8	49	-0.00019750924053026222
49	20	-0.0001975364066872588
20	49	-0.0001975364066872588
49	24	-0.00019754091977846797
24	49	-0.00019754091977846797
50	6	-1.7755895085080635e-08
6	50	-1.7755895085080635e-08
50	7	-0.00014917058448296245
7	50	-0.00014917058448296245
50	9	-1.164699362720733e-08
9	50	-1.164699362720733e-08
50	10	-1.1806541485114278e-08
10	50	-1.1806541485114278e-08
50	8	-0.00019755935714646592
8	50	-0.00019755935714646592
50	20	-0.00019754574729011746
20	50	-0.00019754574729011746
50	24	-0.00019753672032564958
24	50	-0.00019753672032564958
6	32	-8.433082422094428e-09
32	6	-8.433082422094428e-09
6	33	-2.7942552340191034e-08
33	6	-2.7942552340191034e-08
6	20	-4.489956978878234e-09
20	6	-4.489956978878234e-09
6	24	-0.0001491936600565053
24	6	-0.0001491936600565053
7	33	-0.00014917491407807383
33	7	-0.00014917491407807383
7	20	-0.00014918816940915014
20	7	-0.00014918816940915014
7	24	-0.00014919415231643768
24	7	-0.00014919415231643768
53	20	-0.00014918957271147217
20	53	-0.00014918957271147217
53	24	-0.000149195555669561
24	53	-0.000149195555669561
9	32	-2.3247305262742422e-09
32	9	-2.3247305262742422e-09
9	33	-2.1833780401503813e-08
33	9	-2.1833780401503813e-08
9	20	-0.00014954382435702942
20	9	-0.00014954382435702942
9	24	-0.00014954946186324702
24	9	-0.00014954946186324702
10	32	-2.4842708565087497e-09
32	10	-2.4842708565087497e-09
10	33	-2.1993317419051335e-08
33	10	-2.1993317419051335e-08
10	20	-0.0001495443183283211
20	10	-0.0001495443183283211
10	24	-0.00014954975991038854
24	10	-0.00014954975991038854
51	20	-0.00014954572655064436
20	51	-0.00014954572655064436
51	24	-0.00014955060647540595
24	51	-0.00014955060647540595
35	8	-0.00019749048654672861
8	35	-0.00019749048654672861
35	20	-0.00019752694746704363
20	35	-0.00019752694746704363
35	24	-0.00019753146055460815
24	35	-0.00019753146055460815
32	8	-0.00019754071005928305
8	32	-0.00019754071005928305
32	20	-0.00019756439520461503
20	32	-0.00019756439520461503
32	24	-0.00019755536738806702
24	32	-0.00019755536738806702
46	20	-0.00014982020053347527
20	46	-0.00014982020053347527
46	24	-0.00014982362340003726
24	46	-0.00014982362340003726
12	20	-0.00014982049916858757
20	12	-0.00014982049916858757
12	24	-0.00014982392203604806
24	12	-0.00014982392203604806
47	20	-0.00014982134739131804
20	47	-0.00014982134739131804
47	24	-0.00014982477026117448
24	47	-0.00014982477026117448
36	8	-0.00019750644143886006
8	36	-0.00019750644143886006
36	20	-0.000197523397408614
20	36	-0.000197523397408614
36	24	-0.0001975279099693296
24	36	-0.0001975279099693296
33	20	-0.00019757212390947583
20	33	-0.00019757212390947583
33	24	-0.00019753995915204364
24	33	-0.00019753995915204364
8	37	-0.00019748554203816688
37	8	-0.00019748554203816688
8	20	-6.374585652021658e-05
20	8	-6.374585652021658e-05
8	23	-0.00019747330649780173
23	8	-0.00019747330649780173
8	24	-6.373988788876263e-05
24	8	-6.373988788876263e-05
8	27	-0.00019747385318539095
27	8	-0.00019747385318539095
8	30	-0.00019748273932820325
30	8	-0.00019748273932820325
14	20	-0.00014990491110813926
20	14	-0.00014990491110813926
14	24	-0.0001499109351957857
24	14	-0.0001499109351957857
15	20	-0.00014990551184979845
20	15	-0.00014990551184979845
15	24	-0.00014991153596157384
24	15	-0.00014991153596157384
54	20	-0.000149906925102916
20	54	-0.000149906925102916
54	24	-0.00014991294926609345
24	54	-0.00014991294926609345
37	20	-0.00019752434908351896
20	37	-0.00019752434908351896
37	24	-0.0001975288621653562
24	37	-0.0001975288621653562
38	20	-0.0001500671115890754
20	38	-0.0001500671115890754
38	24	-0.00015007314505952258
24	38	-0.00015007314505952258
17	20	-0.0001500676081243993
20	17	-0.0001500676081243993
17	24	-0.00015007364161298363
24	17	-0.00015007364161298363
18	20	-0.0001500690236419203
20	18	-0.0001500690236419203
18	24	-0.00015007505718204393
24	18	-0.00015007505718204393
19	24	-0.00019752751730133205
24	19	-0.00019752751730133205
20	40	-0.00015052772151481395
40	20	-0.00015052772151481395
20	21	-0.0001505282203145416
21	20	-0.0001505282203145416
20	22	-0.00015052964227471447
22	20	-0.00015052964227471447
20	23	-0.00019751274892739672
23	20	-0.00019751274892739672
20	24	-0.00019756325530603295
24	20	-0.00019756325530603295
20	42	-0.00014948139654339434
42	20	-0.00014948139654339434
20	25	-0.00014948189023150185
25	20	-0.00014948189023150185
20	26	-0.00014948329764822904
26	20	-0.00014948329764822904
20	27	-0.00019751329578908896
27	20	-0.00019751329578908896
20	44	-0.00014912249693299853
44	20	-0.00014912249693299853
20	28	-0.00014912300185061518
28	20	-0.00014912300185061518
20	29	-0.00014912440426195856
29	20	-0.00014912440426195856
40	24	-0.0001505337816616184
24	40	-0.0001505337816616184
21	24	-0.00015053428047962094
24	21	-0.00015053428047962094
22	24	-0.00015053570249172428
24	22	-0.00015053570249172428
24	42	-0.0001494873964760442
42	24	-0.0001494873964760442
24	25	-0.0001494878901821165
25	24	-0.0001494878901821165
24	26	-0.00014948929764989363
26	24	-0.00014948929764989363
24	44	-0.00014912847613331596
44	24	-0.00014912847613331596
24	28	-0.00014912898106953583
28	24	-0.00014912898106953583
24	29	-0.00014913038353162698
29	24	-0.00014913038353162698
24	30	-0.00019752765403066862
30	24	-0.00019752765403066862
34	11	-6.31307845932536e-05
11	34	-6.31307845932536e-05
34	13	-6.266936387909968e-05
13	34	-6.266936387909968e-05
34	16	-6.251432651914398e-05
16	34	-6.251432651914398e-05
34	39	-6.22377247389408e-05
39	34	-6.22377247389408e-05
34	41	-6.145410704216288e-05
41	34	-6.145410704216288e-05
34	43	-6.321785069442802e-05
43	34	-6.321785069442802e-05
34	45	-6.383841028599677e-05
45	34	-6.383841028599677e-05
31	11	-6.314735603887384e-05
11	31	-6.314735603887384e-05
31	13	-6.26858212011603e-05
13	31	-6.26858212011603e-05
31	16	-6.253074549568854e-05
16	31	-6.253074549568854e-05
31	39	-6.225407530334263e-05
39	31	-6.225407530334263e-05
31	41	-6.147026379376392e-05
41	31	-6.147026379376392e-05
31	43	-6.32344436741777e-05
43	31	-6.32344436741777e-05
31	45	-6.385515674925379e-05
45	31	-6.385515674925379e-05
49	11	-4.14721279901882e-09
11	49	-4.14721279901882e-09
49	13	-6.268462237138744e-05
13	49	-6.268462237138744e-05
50	11	-5.128324004151956e-09
11	50	-5.128324004151956e-09
50	13	-6.270119401319141e-05
13	50	-6.270119401319141e-05
11	36	-1.4354791263567971e-08
36	11	-1.4354791263567971e-08
11	33	-1.5315553684562174e-08
33	11	-1.5315553684562174e-08
11	20	-6.31452507013973e-05
20	11	-6.31452507013973e-05
11	24	-6.313929578806785e-05
24	11	-6.313929578806785e-05
36	13	-6.269070250981422e-05
13	36	-6.269070250981422e-05
13	33	-6.270712157191415e-05
33	13	-6.270712157191415e-05
13	20	-6.268371959062428e-05
20	13	-6.268371959062428e-05
13	24	-6.267777521888642e-05
24	13	-6.267777521888642e-05
16	20	-6.252864513740454e-05
20	16	-6.252864513740454e-05
16	24	-6.252270430764145e-05
24	16	-6.252270430764145e-05
39	20	-6.225197717919844e-05
20	39	-6.225197717919844e-05
39	24	-6.2246042668664e-05
24	39	-6.2246042668664e-05
20	41	-6.1468171998977e-05
41	20	-6.1468171998977e-05
20	43	-6.323233763345969e-05
43	20	-6.323233763345969e-05
20	45	-6.385304569621488e-05
45	20	-6.385304569621488e-05
41	24	-6.146225539092822e-05
24	41	-6.146225539092822e-05
24	43	-6.322638073102302e-05
43	24	-6.322638073102302e-05
24	45	-6.384707461650881e-05
45	24	-6.384707461650881e-05
