2	5	-1.890122902253233e-07
5	2	-1.890122902253233e-07
1	5	-1.676581701387706e-05
5	1	-1.676581701387706e-05
5	0	-1.1130832872283525e-06
0	5	-1.1130832872283525e-06
1	0	-1.3116832098458593e-05
0	1	-1.3116832098458593e-05
0	29	-2.3254926625520464e-09
29	0	-2.3254926625520464e-09
2	29	-6.180701834034557e-05
29	2	-6.180701834034557e-05
0	2	-1.592591121552608e-07
2	0	-1.592591121552608e-07
0	35	-1.3676059211455794e-09
35	0	-1.3676059211455794e-09
29	35	-0.00019752257124867645
35	29	-0.00019752257124867645
2	52	-4.703028838113818e-05
52	2	-4.703028838113818e-05
35	52	-0.0001503747447277287
52	35	-0.0001503747447277287
52	0	-0.0001975706526633032
0	52	-0.0001975706526633032
0	3	-7.284797117599039e-10
3	0	-7.284797117599039e-10
1	3	-4.683076461071971e-10
3	1	-4.683076461071971e-10
3	4	-0.00013462726759915143
4	3	-0.00013462726759915143
4	6	-0.00014716014212127029
6	4	-0.00014716014212127029
2	6	-1.7409218260260814e-07
6	2	-1.7409218260260814e-07
0	20	-1.463731300805786e-07
20	0	-1.463731300805786e-07
5	20	-1.7372017559932853e-07
20	5	-1.7372017559932853e-07
6	5	-0.00018331090386541934
5	6	-0.00018331090386541934
20	4	-1.463610874899233e-07
4	20	-1.463610874899233e-07
5	4	-4.269917499473466e-05
4	5	-4.269917499473466e-05
0	36	-0.00019338404440684138
36	0	-0.00019338404440684138
3	36	-0.00019757172305884284
36	3	-0.00019757172305884284
10	6	-0.00014745455081375153
6	10	-0.00014745455081375153
1	6	-1.807017848933998e-05
6	1	-1.807017848933998e-05
6	0	-1.1996798997072187e-06
0	6	-1.1996798997072187e-06
0	30	-2.3254926625520464e-09
30	0	-2.3254926625520464e-09
2	30	-6.181315254202168e-05
30	2	-6.181315254202168e-05
0	9	-7.819575246909191e-09
9	0	-7.819575246909191e-09
5	9	-1.7139662311053714e-08
9	5	-1.7139662311053714e-08
0	37	-1.367605132259244e-09
37	0	-1.367605132259244e-09
30	37	-0.00019752245731081004
37	30	-0.00019752245731081004
9	50	-4.777300962953206e-05
50	9	-4.777300962953206e-05
37	50	-0.00014960889442243962
50	37	-0.00014960889442243962
0	8	-1.0741272632444856e-06
8	0	-1.0741272632444856e-06
50	8	-3.796418903726941e-10
8	50	-3.796418903726941e-10
0	7	-1.1545495017269982e-06
7	0	-1.1545495017269982e-06
8	7	-0.0001838100279227126
7	8	-0.0001838100279227126
12	8	-1.8197295518781572e-07
8	12	-1.8197295518781572e-07
1	8	-1.6179041902620065e-05
8	1	-1.6179041902620065e-05
0	31	-0.0001503388084739281
31	0	-0.0001503388084739281
2	31	-6.180393638754794e-05
31	2	-6.180393638754794e-05
0	12	-1.4747771611753347e-07
12	0	-1.4747771611753347e-07
5	12	-1.7503102393435458e-07
12	5	-1.7503102393435458e-07
0	38	-0.0001503767672290576
38	0	-0.0001503767672290576
31	38	-0.000197522183860467
38	31	-0.000197522183860467
12	55	-4.9813454424747586e-05
55	12	-4.9813454424747586e-05
38	55	-0.000147485669206007
55	38	-0.000147485669206007
0	11	-0.00016635554169793927
11	0	-0.00016635554169793927
55	11	-0.00019757068399941282
11	55	-0.00019757068399941282
0	10	-0.00017317858082889072
10	0	-0.00017317858082889072
11	10	-0.00018978816021014296
10	11	-0.00018978816021014296
11	7	-0.00017765630457824185
7	11	-0.00017765630457824185
1	7	-1.7390401869762912e-05
7	1	-1.7390401869762912e-05
0	32	-2.3026937148799642e-09
32	0	-2.3026937148799642e-09
2	32	-6.181007044344965e-05
32	2	-6.181007044344965e-05
0	15	-1.5576621249315833e-07
15	0	-1.5576621249315833e-07
5	15	-1.8486720142297387e-07
15	5	-1.8486720142297387e-07
0	39	-1.3448117133882612e-09
39	0	-1.3448117133882612e-09
32	39	-0.00019752245731081004
39	32	-0.00019752245731081004
15	51	-4.7825287070426e-05
51	15	-4.7825287070426e-05
39	51	-0.00014955241718622866
51	39	-0.00014955241718622866
0	14	-0.00019649345702317406
14	0	-0.00019649345702317406
51	14	-0.00019757066158289005
14	51	-0.00019757066158289005
0	13	-0.00018874071136420575
13	0	-0.00018874071136420575
14	13	-0.0001975717140913139
13	14	-0.0001975717140913139
2	9	-1.0757873152682655e-08
9	2	-1.0757873152682655e-08
9	33	-6.31105404432884e-05
33	9	-6.31105404432884e-05
1	33	-1.964465445086597e-08
33	1	-1.964465445086597e-08
0	17	-1.5434315112899778e-07
17	0	-1.5434315112899778e-07
5	17	-1.831784234461411e-07
17	5	-1.831784234461411e-07
1	40	-1.8682893613478437e-08
40	1	-1.8682893613478437e-08
33	40	-0.0001975227163117457
40	33	-0.0001975227163117457
17	47	-4.816386823721788e-05
47	17	-4.816386823721788e-05
40	47	-0.0001492155004533827
47	40	-0.0001492155004533827
0	16	-2.7540121868618635e-10
16	0	-2.7540121868618635e-10
47	16	-0.00019757066550693403
16	47	-0.00019757066550693403
0	45	-1.721257166918488e-11
45	0	-1.721257166918488e-11
16	45	-0.00019757171546890977
45	16	-0.00019757171546890977
13	4	-2.2430612241100243e-09
4	13	-2.2430612241100243e-09
1	4	-4.68428588869192e-10
4	1	-4.68428588869192e-10
4	0	-7.286668857534939e-10
0	4	-7.286668857534939e-10
0	34	-4.628186377432019e-09
34	0	-4.628186377432019e-09
2	34	-2.9174465445842263e-09
34	2	-2.9174465445842263e-09
0	41	-3.6469322935478496e-09
41	0	-3.6469322935478496e-09
34	41	-0.00019752161416883852
41	34	-0.00019752161416883852
20	49	-5.010236980785146e-05
49	20	-5.010236980785146e-05
41	49	-0.00014719726447652177
49	41	-0.00014719726447652177
0	19	-1.358602110945884e-09
19	0	-1.358602110945884e-09
49	19	-0.00019757068713145248
19	49	-0.00019757068713145248
0	18	-1.1038639304922946e-09
18	0	-1.1038639304922946e-09
19	18	-0.0001975717230605289
18	19	-0.0001975717230605289
0	43	-1.5534404861502663e-07
43	0	-1.5534404861502663e-07
5	43	-1.8436621061760758e-07
43	5	-1.8436621061760758e-07
1	23	-0.000150383030329248
23	1	-0.000150383030329248
6	23	-0.00019752284470009212
23	6	-0.00019752284470009212
43	22	-4.791284531424069e-05
22	43	-4.791284531424069e-05
23	22	-0.0001494510615361875
22	23	-0.0001494510615361875
0	21	-0.0001963461800318705
21	0	-0.0001963461800318705
22	21	-0.0001975706626786059
21	22	-0.0001975706626786059
0	42	-0.00019634561296927333
42	0	-0.00019634561296927333
21	42	-0.0001975717144759817
42	21	-0.0001975717144759817
1	54	-1.5266542864478217e-09
54	1	-1.5266542864478217e-09
29	54	-0.0001975228447000921
54	29	-0.0001975228447000921
5	53	-4.4200050995519314e-05
53	5	-4.4200050995519314e-05
54	53	-0.00015233430287559614
53	54	-0.00015233430287559614
0	26	-7.908506027111382e-10
26	0	-7.908506027111382e-10
53	26	-0.00019757172110113213
26	53	-0.00019757172110113213
0	25	-3.514889066352542e-11
25	0	-3.514889066352542e-11
26	25	-0.00019757063149149014
25	26	-0.00019757063149149014
0	24	-0.00019503289240739054
24	0	-0.00019503289240739054
25	24	-0.0001975717211016824
24	25	-0.0001975717211016824
24	2	-4.764437470480929e-05
2	24	-4.764437470480929e-05
0	28	-1.4980008997984775e-07
28	0	-1.4980008997984775e-07
5	28	-1.7778705555609147e-07
28	5	-1.7778705555609147e-07
0	44	-6.8596462547320286e-09
44	0	-6.8596462547320286e-09
33	44	-0.0001975219188824347
44	33	-0.0001975219188824347
28	48	-4.9250616416047747e-05
48	28	-4.9250616416047747e-05
44	48	-0.00014808819907448964
48	44	-0.00014808819907448964
0	27	-2.733194569891634e-10
27	0	-2.733194569891634e-10
48	27	-0.00019757067773719272
27	48	-0.00019757067773719272
0	46	-1.7082461630875353e-11
46	0	-1.7082461630875353e-11
27	46	-0.0001975717197625298
46	27	-0.0001975717197625298
1	36	-0.00019338459941397454
36	1	-0.00019338459941397454
1	10	-0.00015839269506351592
10	1	-0.00015839269506351592
1	13	-0.00014533283225701038
13	1	-0.00014533283225701038
1	45	-8.948642817794413e-09
45	1	-8.948642817794413e-09
1	18	-2.971232629495614e-09
18	1	-2.971232629495614e-09
1	42	-0.00019634618035287605
42	1	-0.00019634618035287605
1	2	-4.70289975028442e-05
2	1	-4.70289975028442e-05
1	24	-0.00019503232390879138
24	1	-0.00019503232390879138
1	46	-8.881014126985657e-09
46	1	-8.881014126985657e-09
36	7	-0.00019436779663082457
7	36	-0.00019436779663082457
36	10	-0.00019717687039382946
10	36	-0.00019717687039382946
36	13	-0.00019444467947647226
13	36	-0.00019444467947647226
36	45	-0.00019489432273593797
45	36	-0.00019489432273593797
36	18	-0.0001975463867953228
18	36	-0.0001975463867953228
36	42	-0.00019459211362533432
42	36	-0.00019459211362533432
36	2	-4.6027637185584676e-05
2	36	-4.6027637185584676e-05
36	24	-0.00019089847644840628
24	36	-0.00019089847644840628
36	46	-0.0001963788976121332
46	36	-0.0001963788976121332
7	10	-0.0001706568482240219
10	7	-0.0001706568482240219
7	13	-0.00015658577617172413
13	7	-0.00015658577617172413
7	45	-5.300349976693612e-09
45	7	-5.300349976693612e-09
7	18	-0.00019439008152673134
18	7	-0.00019439008152673134
7	42	-0.00019734438145327886
42	7	-0.00019734438145327886
7	2	-1.8158862692036257e-07
2	7	-1.8158862692036257e-07
7	24	-0.00019404593646282837
24	7	-0.00019404593646282837
7	46	-5.260292982906887e-09
46	7	-5.260292982906887e-09
10	13	-0.00018128196835441045
13	10	-0.00018128196835441045
10	45	-0.00019528518263844558
45	10	-0.00019528518263844558
10	18	-0.00019719408271792386
18	10	-0.00019719408271792386
10	42	-0.00019497789509842383
42	10	-0.00019497789509842383
10	2	-4.612342342014319e-05
2	10	-4.612342342014319e-05
10	24	-0.00019128143384804314
24	10	-0.00019128143384804314
10	46	-0.00019677269996056182
46	10	-0.00019677269996056182
13	45	-0.00019710547853936419
45	13	-0.00019710547853936419
13	18	-0.00019446526315165889
18	13	-0.00019446526315165889
13	42	-0.00019742246820360059
42	13	-0.00019742246820360059
13	2	-4.677404015958477e-05
2	13	-4.677404015958477e-05
13	24	-0.0001939691558522683
24	13	-0.0001939691558522683
13	46	-0.00019561555583306193
46	13	-0.00019561555583306193
45	18	-0.0001949200488299474
18	45	-0.0001949200488299474
45	42	-0.00019724687981562656
42	45	-0.00019724687981562656
45	2	-2.237160704448605e-09
2	45	-2.237160704448605e-09
45	24	-0.00019351319761943292
24	45	-0.00019351319761943292
45	46	-0.00019607883219249133
46	45	-0.00019607883219249133
18	42	-0.00019460477456995112
42	18	-0.00019460477456995112
18	2	-4.60438275108006e-05
2	18	-4.60438275108006e-05
18	24	-0.00019092099382615624
24	18	-0.00019092099382615624
18	46	-0.00019640471877136479
46	18	-0.00019640471877136479
42	2	-4.673234477740194e-05
2	42	-4.673234477740194e-05
42	24	-0.00019382192532915995
24	42	-0.00019382192532915995
42	46	-0.0001957558882553596
46	42	-0.0001957558882553596
2	46	-2.220253531746416e-09
46	2	-2.220253531746416e-09
24	46	-0.0001920504290082359
46	24	-0.0001920504290082359
1	11	-0.00016488913963905974
11	1	-0.00016488913963905974
1	14	-0.00019649376760096335
14	1	-0.00019649376760096335
1	16	-9.206791179958931e-09
16	1	-9.206791179958931e-09
1	19	-3.2259147019942447e-09
19	1	-3.2259147019942447e-09
1	21	-0.00019634674741710682
21	1	-0.00019634674741710682
1	25	-1.581286403055244e-10
25	1	-1.581286403055244e-10
1	27	-9.137211444176228e-09
27	1	-9.137211444176228e-09
36	8	-0.00019436724036585589
8	36	-0.00019436724036585589
36	11	-0.00019717631049240872
11	36	-0.00019717631049240872
36	14	-0.00019444412310750243
14	36	-0.00019444412310750243
36	16	-0.00019489376581841017
16	36	-0.00019489376581841017
36	19	-0.00019754582644209212
19	36	-0.00019754582644209212
36	21	-0.00019459155704360312
21	36	-0.00019459155704360312
36	25	-0.0001908979410654993
25	36	-0.0001908979410654993
36	27	-0.00019637833878066553
27	36	-0.00019637833878066553
3	7	-4.003557142888898e-09
7	3	-4.003557142888898e-09
3	8	-4.2624145215486656e-09
8	3	-4.2624145215486656e-09
3	10	-0.0001305662988324494
10	3	-0.0001305662988324494
3	11	-0.00013653469232290542
11	3	-0.00013653469232290542
3	13	-2.2425054252525963e-09
13	3	-2.2425054252525963e-09
3	14	-2.501259982174731e-09
14	3	-2.501259982174731e-09
3	45	-1.3440457632830077e-08
45	3	-1.3440457632830077e-08
3	16	-1.3698618501611766e-08
16	3	-1.3698618501611766e-08
3	18	-7.402768452506772e-09
18	3	-7.402768452506772e-09
3	19	-7.657462698504504e-09
19	3	-7.657462698504504e-09
3	42	-0.00019459241854323604
42	3	-0.00019459241854323604
3	21	-0.0001945921128568414
21	3	-0.0001945921128568414
3	2	-2.160333843129863e-07
2	3	-2.160333843129863e-07
3	24	-4.497971323976391e-09
24	3	-4.497971323976391e-09
3	25	-4.743961724647701e-09
25	3	-4.743961724647701e-09
3	46	-1.3338880257808828e-08
46	3	-1.3338880257808828e-08
3	27	-1.3595089893287543e-08
27	3	-1.3595089893287543e-08
7	14	-0.00019749470864239072
14	7	-0.00019749470864239072
7	16	-5.558492618928476e-09
16	7	-5.558492618928476e-09
7	19	-0.00019439038639161812
19	7	-0.00019439038639161812
7	21	-0.00019734495007537063
21	7	-0.00019734495007537063
7	25	-0.00019404538843096752
25	7	-0.00019404538843096752
7	27	-5.51648466629705e-09
27	7	-5.51648466629705e-09
8	10	-0.0001587694360983255
10	8	-0.0001587694360983255
8	11	-0.00016528133263174523
11	8	-0.00016528133263174523
8	13	-0.00014567851007753335
13	8	-0.00014567851007753335
8	14	-0.00019749413935646923
14	8	-0.00019749413935646923
8	45	-8.828180318324103e-09
45	8	-8.828180318324103e-09
8	16	-9.08632849162302e-09
16	8	-9.08632849162302e-09
8	18	-2.852383324315789e-09
18	8	-2.852383324315789e-09
8	19	-3.1070652129734038e-09
19	8	-3.1070652129734038e-09
8	42	-0.0001973438127731589
42	8	-0.0001973438127731589
8	21	-0.00019734438139361305
21	8	-0.00019734438139361305
8	2	-1.9650873454307773e-07
2	8	-1.9650873454307773e-07
8	24	-0.00019404650052473707
24	8	-0.00019404650052473707
8	25	-3.51396978456714e-11
25	8	-3.51396978456714e-11
8	46	-8.761462013737772e-09
46	8	-8.761462013737772e-09
8	27	-9.017659144906634e-09
27	8	-9.017659144906634e-09
10	14	-0.00019483411206890771
14	10	-0.00019483411206890771
10	16	-0.00019528462411219958
16	10	-0.00019528462411219958
10	19	-0.00019719438830587295
19	10	-0.00019719438830587295
10	21	-0.0001949775888132713
21	10	-0.0001949775888132713
10	25	-0.0001912808969422186
25	10	-0.0001912808969422186
10	27	-0.00019677213951278151
27	10	-0.00019677213951278151
11	13	-0.00017413966497082886
13	11	-0.00017413966497082886
11	14	-0.00019483466933715998
14	11	-0.00019483466933715998
11	45	-5.506857118642722e-10
45	11	-5.506857118642722e-10
11	16	-8.088209073982653e-10
16	11	-8.088209073982653e-10
11	18	-0.00019719377703252775
18	11	-0.00019719377703252775
11	19	-0.000197194082620398
19	11	-0.000197194082620398
11	42	-0.00019497820071333305
42	11	-0.00019497820071333305
11	21	-0.00019497789442810134
21	11	-0.00019497789442810134
11	2	-4.612375007520619e-05
2	11	-4.612375007520619e-05
11	24	-0.00019128198560360019
24	11	-0.00019128198560360019
11	25	-0.0001912814486962781
25	11	-0.0001912814486962781
11	46	-5.465239462760411e-10
46	11	-5.465239462760411e-10
11	27	-8.027082950958597e-10
27	11	-8.027082950958597e-10
13	16	-0.0001971057882437305
16	13	-0.0001971057882437305
13	19	-0.0001944655680359326
19	13	-0.0001944655680359326
13	21	-0.00019742303695341614
21	13	-0.00019742303695341614
13	25	-0.00019396860812615757
25	13	-0.00019396860812615757
13	27	-0.00019561586280990415
27	13	-0.00019561586280990415
14	45	-0.00019710516871307416
45	14	-0.00019710516871307416
14	16	-0.00019710547841735948
16	14	-0.00019710547841735948
14	18	-0.00019446495746626276
18	14	-0.00019446495746626276
14	19	-0.00019446526235045766
19	14	-0.00019446526235045766
14	42	-0.00019742189941620032
42	14	-0.00019742189941620032
14	21	-0.00019742246816437792
21	14	-0.00019742246816437792
14	2	-4.677437241990309e-05
2	14	-4.677437241990309e-05
14	24	-0.00019396971957540726
24	14	-0.00019396971957540726
14	25	-0.00019396917184774635
25	14	-0.00019396917184774635
14	46	-0.00019561524834875256
46	14	-0.00019561524834875256
14	27	-0.00019561555532551504
27	14	-0.00019561555532551504
45	19	-0.00019492060513397888
19	45	-0.00019492060513397888
45	21	-0.00019724656998933653
21	45	-0.00019724656998933653
45	25	-0.00019351288779314286
25	45	-0.00019351288779314286
45	27	-0.00019607913928950077
27	45	-0.00019607913928950077
16	18	-0.0001949194918435886
18	16	-0.0001949194918435886
16	19	-0.00019492004814604112
19	16	-0.00019492004814604112
16	42	-0.0001972471895569497
42	16	-0.0001972471895569497
16	21	-0.00019724687973057866
21	16	-0.00019724687973057866
16	2	-2.4952985441010233e-09
2	16	-2.4952985441010233e-09
16	24	-0.0001935135063849164
24	16	-0.0001935135063849164
16	25	-0.00019351319655854535
25	16	-0.00019351319655854535
16	46	-0.00019607827040888414
46	16	-0.00019607827040888414
16	27	-0.00019607883180511166
27	16	-0.00019607883180511166
18	21	-0.00019460446888455498
21	18	-0.00019460446888455498
18	25	-0.00019092068814076008
25	18	-0.00019092068814076008
18	27	-0.000196404159870821
27	18	-0.000196404159870821
19	42	-0.00019460507949020038
42	19	-0.00019460507949020038
19	21	-0.0001946047738047254
21	19	-0.0001946047738047254
19	2	-4.60441534175777e-05
2	19	-4.60441534175777e-05
19	24	-0.00019092129779647613
24	19	-0.00019092129779647613
19	25	-0.00019092099211100115
25	19	-0.00019092099211100115
19	46	-0.00019640527737242475
46	19	-0.00019640527737242475
19	27	-0.00019640471847029605
27	19	-0.00019640471847029605
42	25	-0.00019382137817559685
25	42	-0.00019382137817559685
42	27	-0.00019575619526860204
27	42	-0.00019575619526860204
21	2	-4.673267673409557e-05
2	21	-4.673267673409557e-05
21	24	-0.00019382248841688716
24	21	-0.00019382248841688716
21	25	-0.00019382194126177664
25	21	-0.00019382194126177664
21	46	-0.00019575558077105024
46	21	-0.00019575558077105024
21	27	-0.0001957558877842129
27	21	-0.0001957558877842129
2	27	-2.4764404848701973e-09
27	2	-2.4764404848701973e-09
24	27	-0.00019205073506033568
27	24	-0.00019205073506033568
25	46	-0.00019205012152392653
46	25	-0.00019205012152392653
25	27	-0.00019205042757594658
27	25	-0.00019205042757594658
0	50	-3.797387721117295e-10
50	0	-3.797387721117295e-10
0	55	-0.00019377407402393078
55	0	-0.00019377407402393078
0	51	-0.0001964943362404655
51	0	-0.0001964943362404655
0	47	-1.0155427017011941e-09
47	0	-1.0155427017011941e-09
0	49	-3.566332993615123e-10
49	0	-3.566332993615123e-10
0	22	-0.0001963477953399957
22	0	-0.0001963477953399957
0	48	-1.0078661947833826e-09
48	0	-1.0078661947833826e-09
1	52	-0.000197570080144966
52	1	-0.000197570080144966
1	35	-1.526652173634017e-09
35	1	-1.526652173634017e-09
1	50	-5.004370373094615e-10
50	1	-5.004370373094615e-10
1	37	-6.197895067542932e-09
37	1	-6.197895067542932e-09
1	55	-0.00019377463063833712
55	1	-0.00019377463063833712
1	38	-0.0001503762693118275
38	1	-0.0001503762693118275
1	51	-0.0001964946468184718
51	1	-0.0001964946468184718
1	39	-3.850852293315944e-09
39	1	-3.850852293315944e-09
1	47	-9.946820451273737e-09
47	1	-9.946820451273737e-09
1	49	-3.9560074726123286e-09
49	1	-3.9560074726123286e-09
1	41	-1.0823739707376695e-08
41	1	-1.0823739707376695e-08
1	22	-0.00019634836272987185
22	1	-0.00019634836272987185
1	26	-9.136362876609414e-10
26	1	-9.136362876609414e-10
1	53	-1.177186996459301e-09
53	1	-1.177186996459301e-09
1	48	-9.871647660171382e-09
48	1	-9.871647660171382e-09
1	44	-1.868281820595091e-08
44	1	-1.868281820595091e-08
0	40	-6.859673948415434e-09
40	0	-6.859673948415434e-09
0	23	-0.00015038333018371224
23	0	-0.00015038333018371224
0	53	-1.0544676578756222e-09
53	0	-1.0544676578756222e-09
0	54	-1.3676078144764777e-09
54	0	-1.3676078144764777e-09
52	36	-0.00019338246358349272
36	52	-0.00019338246358349272
52	3	-1.4743107794345813e-09
3	52	-1.4743107794345813e-09
52	4	-1.474684019031829e-09
4	52	-1.474684019031829e-09
52	5	-4.362857365362259e-05
5	52	-4.362857365362259e-05
52	7	-0.0001965682723952894
7	52	-0.0001965682723952894
52	8	-0.00019656858282728586
8	52	-0.00019656858282728586
52	50	-0.00019656946242929858
50	52	-0.00019656946242929858
52	37	-0.00015036856816001272
37	52	-0.00015036856816001272
52	10	-0.0001937703502115805
10	52	-0.0001937703502115805
52	11	-0.00019377090583364262
11	52	-0.00019377090583364262
52	55	-0.0001937724886133614
55	52	-0.0001937724886133614
52	38	-0.0001503781866775959
38	52	-0.0001503781866775959
52	13	-0.00019649226675794068
13	52	-0.00019649226675794068
52	14	-0.00019649257705277095
14	52	-0.00019649257705277095
52	51	-0.0001964934562694476
51	52	-0.0001964934562694476
52	39	-0.0001503717150641896
39	52	-0.0001503717150641896
52	45	-0.000196028074828303
45	52	-0.000196028074828303
52	16	-0.0001960283842510778
16	52	-0.0001960283842510778
52	47	-0.0001960292610170325
47	52	-0.0001960292610170325
52	40	-0.0001503769284960382
40	52	-0.0001503769284960382
52	18	-0.00019340225916911682
18	52	-0.00019340225916911682
52	19	-0.00019340256377927575
19	52	-0.00019340256377927575
52	49	-0.00019340342702141514
49	52	-0.00019340342702141514
52	41	-0.00015036297336382847
41	52	-0.00015036297336382847
52	42	-0.00019634399682305382
42	52	-0.00019634399682305382
52	21	-0.00019634456388098435
21	52	-0.00019634456388098435
52	22	-0.00019634617917585478
22	52	-0.00019634617917585478
52	23	-0.00015038418184406052
23	52	-0.00015038418184406052
52	24	-0.00019503451183766258
24	52	-0.00019503451183766258
52	25	-0.00019503395979132698
25	52	-0.00019503395979132698
52	26	-0.00019503233858125322
26	52	-0.00019503233858125322
52	53	-0.00019503178676343383
53	52	-0.00019503178676343383
52	54	-0.000150374536541486
54	52	-0.000150374536541486
52	46	-0.0001945462962297387
46	52	-0.0001945462962297387
52	27	-0.00019454660292923042
27	52	-0.00019454660292923042
52	48	-0.0001945474720427531
48	52	-0.0001945474720427531
52	44	-0.00015037753566576602
44	52	-0.00015037753566576602
35	36	-0.00014718414649964536
36	35	-0.00014718414649964536
35	3	-7.473969352763007e-09
3	35	-7.473969352763007e-09
35	4	-7.476245702262485e-09
4	35	-7.476245702262485e-09
35	5	-0.0001975552347373931
5	35	-0.0001975552347373931
35	7	-0.0001496131230180265
7	35	-0.0001496131230180265
35	8	-1.3671512002692685e-09
8	35	-1.3671512002692685e-09
35	50	-0.00014961502603420848
50	35	-0.00014961502603420848
35	37	-0.00019756305236138407
37	35	-0.00019756305236138407
35	10	-0.0001474804557972825
10	35	-0.0001474804557972825
35	11	-0.00014748093964948722
11	35	-0.00014748093964948722
35	55	-0.00014748231907989005
55	35	-0.00014748231907989005
35	38	-0.00019756720061806003
38	35	-0.00019756720061806003
35	13	-0.00014955352108735615
13	35	-0.00014955352108735615
35	14	-0.0001495540149880015
14	35	-0.0001495540149880015
35	51	-0.00014955542300865713
51	35	-0.00014955542300865713
35	39	-0.0001975677476434362
39	35	-0.0001975677476434362
35	45	-0.00014920547346976352
45	35	-0.00014920547346976352
35	16	-0.00014920577065492718
16	35	-0.00014920577065492718
35	47	-0.0001492066147872209
47	35	-0.0001492066147872209
35	40	-0.0001975563535425344
40	35	-0.0001975563535425344
35	18	-0.00014720545178288213
18	35	-0.00014720545178288213
35	19	-0.00014720574448036052
19	35	-0.00014720574448036052
35	49	-0.0001472065759553217
49	35	-0.0001472065759553217
35	41	-0.00019755459661230612
41	35	-0.00019755459661230612
35	42	-0.00014943813318805767
42	35	-0.00014943813318805767
35	21	-0.00014943862655337025
21	35	-0.00014943862655337025
35	22	-0.0001494400330510496
22	35	-0.0001494400330510496
35	23	-0.0001975556449667753
23	35	-0.0001975556449667753
35	24	-0.00015233208308625823
24	35	-0.00015233208308625823
35	25	-0.00015233257303028585
25	35	-0.00015233257303028585
35	26	-0.000152334019794999
26	35	-0.000152334019794999
35	53	-0.0001523345137691277
53	35	-0.0001523345137691277
35	54	-0.00019757200996184835
54	35	-0.00019757200996184835
35	46	-0.00014807762748357097
46	35	-0.00014807762748357097
35	27	-0.00014807792212976085
27	35	-0.00014807792212976085
35	48	-0.0001480787591011147
48	35	-0.0001480787591011147
35	44	-0.0001975555559735609
44	35	-0.0001975555559735609
36	4	-0.00019757012670700152
4	36	-0.00019757012670700152
36	5	-4.269793713573919e-05
5	36	-4.269793713573919e-05
36	50	-0.0001943656559365504
50	36	-0.0001943656559365504
36	37	-0.00014717815690002095
37	36	-0.00014717815690002095
36	55	-0.00019717471563892832
55	36	-0.00019717471563892832
36	38	-0.00014718748733897978
38	36	-0.00014718748733897978
36	51	-0.00019444253838015122
51	36	-0.00019444253838015122
36	39	-0.00014718120894292844
39	36	-0.00014718120894292844
36	47	-0.00019489217951796349
47	36	-0.00019489217951796349
36	40	-0.0001471864905286813
40	36	-0.0001471864905286813
36	49	-0.00019754423029298191
49	36	-0.00019754423029298191
36	41	-0.0001471727362017449
41	36	-0.0001471727362017449
36	22	-0.0001945899717067547
22	36	-0.0001945899717067547
36	23	-0.0001471949366327522
23	36	-0.0001471949366327522
36	26	-0.00019089636946154447
26	36	-0.00019089636946154447
36	53	-0.00019089583465764525
53	36	-0.00019089583465764525
36	54	-0.000147183942720539
54	36	-0.000147183942720539
36	48	-0.00019637674699361863
48	36	-0.00019637674699361863
36	44	-0.00014718708484594322
44	36	-0.00014718708484594322
3	5	-4.2698257839616984e-05
5	3	-4.2698257839616984e-05
3	50	-5.004476589197448e-09
50	3	-5.004476589197448e-09
3	37	-1.2145480351796981e-08
37	3	-1.2145480351796981e-08
3	55	-0.00019717527543385022
55	3	-0.00019717527543385022
3	38	-5.126889728460735e-09
38	3	-5.126889728460735e-09
3	51	-3.2430273830180537e-09
51	3	-3.2430273830180537e-09
3	39	-9.798301145541125e-09
39	3	-9.798301145541125e-09
3	47	-1.4438683390774062e-08
47	3	-1.4438683390774062e-08
3	40	-2.4630212152493417e-08
40	3	-2.4630212152493417e-08
3	49	-8.387590138278048e-09
49	3	-8.387590138278048e-09
3	41	-1.6771569884444908e-08
41	3	-1.6771569884444908e-08
3	22	-0.00019459052751548577
22	3	-0.00019459052751548577
3	23	-0.00014719541910146504
23	3	-0.00014719541910146504
3	26	-5.499506497674202e-09
26	3	-5.499506497674202e-09
3	53	-5.7630698349317115e-09
53	3	-5.7630698349317115e-09
3	54	-7.473979696670058e-09
54	3	-7.473979696670058e-09
3	48	-1.4329561190781945e-08
48	3	-1.4329561190781945e-08
3	44	-2.4630112737729975e-08
44	3	-2.4630112737729975e-08
4	7	-4.004514112063843e-09
7	4	-4.004514112063843e-09
4	8	-4.263427779831636e-09
8	4	-4.263427779831636e-09
4	50	-5.005647450563731e-09
50	4	-5.005647450563731e-09
4	37	-1.2148892258236325e-08
37	4	-1.2148892258236325e-08
4	10	-0.00019220833008530317
10	4	-0.00019220833008530317
4	11	-0.00019508457398344928
11	4	-0.00019508457398344928
4	55	-0.00019717687001996728
55	4	-0.00019717687001996728
4	38	-5.1285121460091645e-09
38	4	-5.1285121460091645e-09
4	14	-2.5018766362172828e-09
14	4	-2.5018766362172828e-09
4	51	-3.2438147325705344e-09
51	4	-3.2438147325705344e-09
4	39	-9.801170114524619e-09
39	4	-9.801170114524619e-09
4	45	-1.7208928495755067e-11
45	4	-1.7208928495755067e-11
4	16	-2.7534328762494017e-10
16	4	-2.7534328762494017e-10
4	47	-1.015332883434516e-09
47	4	-1.015332883434516e-09
4	40	-6.857988997142691e-09
40	4	-6.857988997142691e-09
4	18	-7.404379595302177e-09
18	4	-7.404379595302177e-09
4	19	-7.659119400457445e-09
19	4	-7.659119400457445e-09
4	49	-8.38937380402806e-09
49	4	-8.38937380402806e-09
4	41	-1.677588855032009e-08
41	4	-1.677588855032009e-08
4	42	-0.00019459328260617686
42	4	-0.00019459328260617686
4	21	-0.00019459297691957204
21	4	-0.00019459297691957204
4	22	-0.0001945921108075251
22	4	-0.0001945921108075251
4	23	-0.00014719679459537603
23	4	-0.00014719679459537603
4	2	-1.592448559926867e-07
2	4	-1.592448559926867e-07
4	24	-4.49905640413149e-09
24	4	-4.49905640413149e-09
4	25	-4.745100239576032e-09
25	4	-4.745100239576032e-09
4	26	-5.500805303301924e-09
26	4	-5.500805303301924e-09
4	53	-5.764423196386723e-09
53	4	-5.764423196386723e-09
4	54	-7.476256052471396e-09
54	4	-7.476256052471396e-09
4	46	-1.707887332112287e-11
46	4	-1.707887332112287e-11
4	27	-2.7326239833050425e-10
27	4	-2.7326239833050425e-10
4	48	-1.0076595362458673e-09
48	4	-1.0076595362458673e-09
4	44	-6.857961317062464e-09
44	4	-6.857961317062464e-09
5	7	-4.340945893068621e-05
7	5	-4.340945893068621e-05
5	8	-4.340978602277454e-05
8	5	-4.340978602277454e-05
5	50	-4.341072141750149e-05
50	5	-4.341072141750149e-05
5	37	-3.6913933858160067e-09
37	5	-3.6913933858160067e-09
5	10	-4.2787123239967536e-05
10	5	-4.2787123239967536e-05
5	11	-4.278744471757368e-05
11	5	-4.278744471757368e-05
5	55	-4.2788364081766774e-05
55	5	-4.2788364081766774e-05
5	38	-0.00019756031730948178
38	5	-0.00019756031730948178
5	13	-4.339092113068973e-05
13	5	-4.339092113068973e-05
5	14	-4.3391248067219346e-05
14	5	-4.3391248067219346e-05
5	51	-4.3392183017856865e-05
51	5	-4.3392183017856865e-05
5	39	-1.3443803864239081e-09
39	5	-1.3443803864239081e-09
5	45	-7.055660683260977e-09
45	5	-7.055660683260977e-09
5	16	-7.3138060775374675e-09
16	5	-7.3138060775374675e-09
5	47	-8.053826939785654e-09
47	5	-8.053826939785654e-09
5	40	-1.6176651787280108e-08
40	5	-1.6176651787280108e-08
5	18	-1.1036006909555114e-09
18	5	-1.1036006909555114e-09
5	19	-1.3582798745238886e-09
19	5	-1.3582798745238886e-09
5	49	-2.0883644597910538e-09
49	5	-2.0883644597910538e-09
5	41	-8.317189459352615e-09
41	5	-8.317189459352615e-09
5	42	-4.3351651390372806e-05
42	5	-4.3351651390372806e-05
5	21	-4.335197803090914e-05
21	5	-4.335197803090914e-05
5	22	-4.335291213670827e-05
22	5	-4.335291213670827e-05
5	23	-0.00019757187320154022
23	5	-0.00019757187320154022
5	24	-4.419844793274851e-05
24	5	-4.419844793274851e-05
5	25	-4.419876465983319e-05
25	5	-4.419876465983319e-05
5	26	-4.419972062517497e-05
26	5	-4.419972062517497e-05
5	54	-0.00019755496122810477
54	5	-0.00019755496122810477
5	46	-7.002338061661765e-09
46	5	-7.002338061661765e-09
5	27	-7.258532455654012e-09
27	5	-7.258532455654012e-09
5	48	-7.992960389204509e-09
48	5	-7.992960389204509e-09
5	44	-1.6176586495396517e-08
44	5	-1.6176586495396517e-08
7	50	-0.00019757009136788076
50	7	-0.00019757009136788076
7	37	-1.3671827354874072e-09
37	7	-1.3671827354874072e-09
7	55	-0.00019475977562460496
55	7	-0.00019475977562460496
7	38	-0.00014961644912488898
38	7	-0.00014961644912488898
7	51	-0.00019749633019801397
51	7	-0.00019749633019801397
7	39	-0.00014961011553702813
39	7	-0.00014961011553702813
7	47	-6.298505683678526e-09
47	7	-6.298505683678526e-09
7	40	-1.3852682093896206e-08
40	7	-1.3852682093896206e-08
7	49	-3.5655002972042014e-10
49	7	-3.5655002972042014e-10
7	41	-5.992933774821199e-09
41	7	-5.992933774821199e-09
7	22	-0.0001973465698019473
22	7	-0.0001973465698019473
7	23	-0.0001496205744648579
23	7	-0.0001496205744648579
7	26	-0.00019404377917312508
26	7	-0.00019404377917312508
7	53	-0.00019404323145494378
53	7	-0.00019404323145494378
7	54	-0.00014961291588972341
54	7	-0.00014961291588972341
7	48	-6.250904919762499e-09
48	7	-6.250904919762499e-09
7	44	-1.3852626181973355e-08
44	7	-1.3852626181973355e-08
8	37	-6.0383904150694e-09
37	8	-6.0383904150694e-09
8	55	-0.00019475921774737457
55	8	-0.00019475921774737457
8	38	-0.0001496167472510911
38	8	-0.0001496167472510911
8	51	-0.00019749576090743274
51	8	-0.00019749576090743274
8	39	-3.691349535604632e-09
39	8	-3.691349535604632e-09
8	47	-9.826357227815403e-09
47	8	-9.826357227815403e-09
8	40	-1.8523405497265816e-08
40	8	-1.8523405497265816e-08
8	49	-3.8371574627055195e-09
49	8	-3.8371574627055195e-09
8	41	-1.0664231964320618e-08
41	8	-1.0664231964320618e-08
8	22	-0.0001973460011155384
22	8	-0.0001973460011155384
8	23	-0.0001496208725921412
23	8	-0.0001496208725921412
8	26	-7.90646787398891e-10
26	8	-7.90646787398891e-10
8	53	-1.0541973102620603e-09
53	8	-1.0541973102620603e-09
8	54	-1.3671530923413328e-09
54	8	-1.3671530923413328e-09
8	48	-9.752094833837126e-09
48	8	-9.752094833837126e-09
8	44	-1.852333073346108e-08
44	8	-1.852333073346108e-08
50	10	-0.0001947554844984103
10	50	-0.0001947554844984103
50	11	-0.00019475604163781532
11	50	-0.00019475604163781532
50	55	-0.00019475762871654746
55	50	-0.00019475762871654746
50	38	-0.00014961759403762053
38	50	-0.00014961759403762053
50	13	-0.00019749194850510125
13	50	-0.00019749194850510125
50	14	-0.0001974925177642222
14	50	-0.0001974925177642222
50	51	-0.00019749413930187406
51	50	-0.00019749413930187406
50	39	-0.00014961201851812278
39	50	-0.00014961201851812278
50	45	-0.00019702809081713953
45	50	-0.00019702809081713953
50	16	-0.00019702840050127968
16	50	-0.00019702840050127968
50	47	-0.0001970292779642094
47	50	-0.0001970292779642094
50	40	-0.00014961724869423334
40	50	-0.00014961724869423334
50	18	-0.00019438890973271286
18	50	-0.00019438890973271286
50	19	-0.00019438921459729745
19	50	-0.00019438921459729745
50	49	-0.0001943900785179059
49	50	-0.0001943900785179059
50	41	-0.00014960334149507508
41	50	-0.00014960334149507508
50	42	-0.0001973421929100903
42	50	-0.0001973421929100903
50	21	-0.00019734276152586614
21	50	-0.00019734276152586614
50	22	-0.0001973443812345039
22	50	-0.0001973443812345039
50	23	-0.00014962171938155393
23	50	-0.00014962171938155393
50	2	-4.679516941763453e-05
2	50	-4.679516941763453e-05
50	24	-0.00019404753093943817
24	50	-0.00019404753093943817
50	25	-0.00019404722024407917
25	50	-0.00019404722024407917
50	26	-0.0001940459500267132
26	50	-0.0001940459500267132
50	53	-0.00019404540230238534
53	50	-0.00019404540230238534
50	54	-0.0001496148189046568
54	50	-0.0001496148189046568
50	46	-0.0001955387530855695
46	50	-0.0001955387530855695
50	27	-0.00019553906004249018
27	50	-0.00019553906004249018
50	48	-0.00019553992984249082
48	50	-0.00019553992984249082
50	44	-0.00014961785278235222
44	50	-0.00014961785278235222
37	10	-0.00014747444909471335
10	37	-0.00014747444909471335
37	11	-0.00014747493292906446
11	37	-0.00014747493292906446
37	55	-0.00014747631230873138
55	37	-0.00014747631230873138
37	38	-0.00019755796974441043
38	37	-0.00019755796974441043
37	13	-0.00014954739298412193
13	37	-0.00014954739298412193
37	14	-0.00014954788686629238
14	37	-0.00014954788686629238
37	51	-0.00014954929483444767
51	37	-0.00014954929483444767
37	39	-0.00019756758809453976
39	37	-0.00019756758809453976
37	45	-0.00014920203095542968
45	37	-0.00014920203095542968
37	16	-0.0001492023281396936
16	37	-0.0001492023281396936
37	47	-0.00014920317226958801
47	37	-0.00014920317226958801
37	40	-0.00019755179561964508
40	37	-0.00019755179561964508
37	18	-0.00014720082795751304
18	37	-0.00014720082795751304
37	19	-0.00014720131044234947
19	37	-0.00014720131044234947
37	49	-0.00014720268598206778
49	37	-0.00014720268598206778
37	41	-0.00019756382732267135
41	37	-0.00019756382732267135
37	42	-0.00014943201154223507
42	37	-0.00014943201154223507
37	21	-0.00014943250488910572
21	37	-0.00014943250488910572
37	22	-0.0001494339113343783
22	37	-0.0001494339113343783
37	23	-0.000197546414620908
23	37	-0.000197546414620908
37	24	-0.00015232579055526863
24	37	-0.00015232579055526863
37	25	-0.00015232628048028732
25	37	-0.00015232628048028732
37	26	-0.00015232772719007303
26	37	-0.00015232772719007303
37	53	-0.00015232822114567878
53	37	-0.00015232822114567878
37	54	-0.00019756332586369884
54	37	-0.00019756332586369884
37	46	-0.0001480742109912448
46	37	-0.0001480742109912448
37	27	-0.0001480745056365485
27	37	-0.0001480745056365485
37	48	-0.00014807534260553916
48	37	-0.00014807534260553916
37	44	-0.0001975509980690727
44	37	-0.0001975509980690727
10	55	-0.00019757012248191767
55	10	-0.00019757012248191767
10	38	-0.00014748380588696308
38	10	-0.00014748380588696308
10	51	-0.00019483252275621013
51	10	-0.00019483252275621013
10	39	-0.00014747750981523655
39	10	-0.00014747750981523655
10	47	-0.00019528303322032648
47	10	-0.00019528303322032648
10	40	-5.354243901423695e-09
40	10	-5.354243901423695e-09
10	49	-0.00019719525415545517
49	10	-0.00019719525415545517
10	41	-0.00014746901247269996
41	10	-0.00014746901247269996
10	22	-0.0001949767210053391
22	10	-0.0001949767210053391
10	23	-0.00014749127678580557
23	10	-0.00014749127678580557
10	26	-0.0001912793208050237
26	10	-0.0001912793208050237
10	53	-0.00019127878444638908
53	10	-0.00019127878444638908
10	54	-0.00014748025161426766
54	10	-0.00014748025161426766
10	48	-0.0001967705431125377
48	10	-0.0001967705431125377
10	44	-5.354222290729829e-09
44	10	-5.354222290729829e-09
11	38	-0.00014748428974865318
38	11	-0.00014748428974865318
11	51	-0.00019483308001993487
51	11	-0.00019483308001993487
11	39	-0.00014747799365862416
39	11	-0.00014747799365862416
11	47	-1.5488128730357064e-09
47	11	-1.5488128730357064e-09
11	40	-7.56429351179859e-09
40	11	-7.56429351179859e-09
11	49	-0.00019719494846977002
49	11	-0.00019719494846977002
11	41	-0.00014746949629016509
41	11	-0.00014746949629016509
11	22	-0.00019497702661994495
22	11	-0.00019497702661994495
11	23	-0.00014749176067024557
23	11	-0.00014749176067024557
11	26	-0.0001912798725545966
26	11	-0.0001912798725545966
11	53	-0.00019127933619441775
53	11	-0.00019127933619441775
11	54	-0.00014748073546615585
54	11	-0.00014748073546615585
11	48	-1.5371077671547167e-09
48	11	-1.5371077671547167e-09
11	44	-7.56426298094598e-09
44	11	-7.56426298094598e-09
55	13	-0.00019483681476272212
13	55	-0.00019483681476272212
55	14	-0.00019483625678106783
14	55	-0.00019483625678106783
55	51	-0.00019483466745098322
51	55	-0.00019483466745098322
55	39	-0.00014747937306397015
39	55	-0.00014747937306397015
55	45	-0.0001952873299134868
45	55	-0.0001952873299134868
55	16	-0.00019528677138114814
16	55	-0.00019528677138114814
55	47	-0.00019528518047187015
47	55	-0.00019528518047187015
55	40	-0.00014748464843342216
40	55	-0.00014748464843342216
55	18	-0.00019719291092390538
18	55	-0.00019719291092390538
55	19	-0.00019719321651155228
19	55	-0.00019719321651155228
55	49	-0.00019719408236032872
49	55	-0.00019719408236032872
55	41	-0.00014747087562183933
41	55	-0.00014747087562183933
55	42	-0.00019497906673477013
42	55	-0.00019497906673477013
55	21	-0.0001949787604493274
21	55	-0.0001949787604493274
55	22	-0.00019497789264057307
22	55	-0.00019497789264057307
55	23	-0.00014749280991930747
23	55	-0.00014749280991930747
55	2	-4.612468410912558e-05
2	55	-4.612468410912558e-05
55	24	-0.00019128355742803078
24	55	-0.00019128355742803078
55	25	-0.00019128302051645528
25	55	-0.00019128302051645528
55	26	-0.00019128144436203012
26	55	-0.00019128144436203012
55	53	-0.00019128090799746497
53	55	-0.00019128090799746497
55	54	-0.00014748211489566185
54	55	-0.00014748211489566185
55	46	-0.0001967748560747246
46	55	-0.0001967748560747246
55	27	-0.0001967742956208288
27	55	-0.0001967742956208288
55	48	-0.00019677269920311466
48	55	-0.00019677269920311466
55	44	-0.00014748524393213633
44	55	-0.00014748524393213633
38	13	-0.00014955693683519415
13	38	-0.00014955693683519415
38	14	-0.0001495574307456516
14	38	-0.0001495574307456516
38	51	-0.00014955883879418607
51	38	-0.00014955883879418607
38	39	-0.00019756266490106775
39	38	-0.00019756266490106775
38	45	-0.0001492075389783638
45	38	-0.0001492075389783638
38	16	-0.00014920783616406732
16	38	-0.00014920783616406732
38	47	-0.0001492086802978006
47	38	-0.0001492086802978006
38	40	-0.00019755908829626799
40	38	-0.00019755908829626799
38	18	-0.00014720748968552304
18	38	-0.00014720748968552304
38	19	-0.00014720778238352694
19	38	-0.00014720778238352694
38	49	-0.00014720861385988945
49	38	-0.00014720861385988945
38	41	-0.00019754951423141333
41	38	-0.00019754951423141333
38	42	-0.0001494415454499339
42	38	-0.0001494415454499339
38	21	-0.00014944203882504128
21	38	-0.00014944203882504128
38	22	-0.00014944344535055025
22	38	-0.00014944344535055025
38	23	-0.0001975607275542928
23	38	-0.0001975607275542928
38	24	-0.00015233516763588342
24	38	-0.00015233516763588342
38	25	-0.0001523354678801757
25	38	-0.0001523354678801757
38	26	-0.0001523363319862689
26	38	-0.0001523363319862689
38	53	-0.00015233662270444344
53	38	-0.00015233662270444344
38	54	-0.00019756692710066242
54	38	-0.00019756692710066242
38	46	-0.00014807967737896668
46	38	-0.00014807967737896668
38	27	-0.00014807997202568825
27	38	-0.00014807997202568825
38	48	-0.00014808080899846
48	38	-0.00014808080899846
38	44	-0.0001975582907162538
44	38	-0.0001975582907162538
13	51	-0.00019757009219585918
51	13	-0.00019757009219585918
13	39	-0.00014955051529998145
39	13	-0.00014955051529998145
13	47	-0.00019710666576059664
47	13	-0.00019710666576059664
13	40	-9.113606640721158e-10
40	13	-9.113606640721158e-10
13	49	-0.00019446643200904536
49	13	-0.00019446643200904536
13	41	-0.00014954184332722107
41	13	-0.00014954184332722107
13	22	-0.00019742465704195586
22	13	-0.00019742465704195586
13	23	-0.00014956230141737777
23	13	-0.00014956230141737777
13	26	-0.00019396699977879765
26	13	-0.00019396699977879765
13	53	-0.00019396645237294738
53	13	-0.00019396645237294738
13	54	-0.00014955331403913107
54	13	-0.00014955331403913107
13	48	-0.00019561673266302887
48	13	-0.00019561673266302887
13	44	-9.113569856561387e-10
44	13	-9.113569856561387e-10
14	39	-0.00014955100919150242
39	14	-0.00014955100919150242
