2	5	-0.00015872108502487192
5	2	-0.00015872108502487192
1	5	-1.676581701387706e-05
5	1	-1.676581701387706e-05
5	0	-1.676581701387706e-05
0	5	-1.676581701387706e-05
1	0	-1.3116832098458593e-05
0	1	-1.3116832098458593e-05
2	29	-0.00015877656509072282
29	2	-0.00015877656509072282
0	2	-0.00012082377861460774
2	0	-0.00012082377861460774
2	52	-0.00012082506537687191
52	2	-0.00012082506537687191
0	3	-0.0001660858649899482
3	0	-0.0001660858649899482
2	6	-0.00015876131483555443
6	2	-0.00015876131483555443
0	20	-1.8062497770455315e-07
20	0	-1.8062497770455315e-07
5	20	-0.00016845579204157282
20	5	-0.00016845579204157282
5	4	-0.000147197100275596
4	5	-0.000147197100275596
1	6	-1.807017848933998e-05
6	1	-1.807017848933998e-05
6	0	-1.807017848933998e-05
0	6	-1.807017848933998e-05
2	30	-0.00015878499234151728
30	2	-0.00015878499234151728
0	9	-1.9491944128592885e-08
9	0	-1.9491944128592885e-08
5	9	-0.00014421385340152344
9	5	-0.00014421385340152344
0	8	-1.6179041902620065e-05
8	0	-1.6179041902620065e-05
0	7	-1.7390401869762912e-05
7	0	-1.7390401869762912e-05
1	8	-1.6179041902620065e-05
8	1	-1.6179041902620065e-05
2	31	-0.00015877233106149463
31	2	-0.00015877233106149463
0	12	-0.00019593638200142674
12	0	-0.00019593638200142674
5	12	-0.00016972691667497462
12	5	-0.00016972691667497462
1	7	-1.7390401869762912e-05
7	1	-1.7390401869762912e-05
2	32	-0.00015878075811202785
32	2	-0.00015878075811202785
5	15	-0.0001792650204892863
15	5	-0.0001792650204892863
2	9	-0.00015879810521195545
9	2	-0.00015879810521195545
5	17	-0.00017762741892292667
17	5	-0.00017762741892292667
0	16	-0.00019724722398210202
16	0	-0.00019724722398210202
0	45	-0.00019724691424076988
45	0	-0.00019724691424076988
1	4	-1.9586557103830053e-05
4	1	-1.9586557103830053e-05
4	0	-1.9586557103830053e-05
0	4	-1.9586557103830053e-05
2	34	-0.0001587933788794589
34	2	-0.0001587933788794589
0	19	-0.00019719442227092573
19	0	-0.00019719442227092573
0	18	-0.0001971941166829679
18	0	-0.0001971941166829679
5	43	-0.0001787792116151451
43	5	-0.0001787792116151451
5	53	-0.00015234113934091138
53	5	-0.00015234113934091138
24	2	-0.00012239796036534622
2	24	-0.00012239796036534622
5	28	-0.0001723994300323299
28	5	-0.0001723994300323299
0	27	-0.00019575622943353413
27	0	-0.00019575622943353413
0	46	-0.00019575592242028285
46	0	-0.00019575592242028285
1	2	-0.00012082332752674035
2	1	-0.00012082332752674035
36	2	-0.00011826064569336234
2	36	-0.00011826064569336234
7	2	-0.00012021376018160726
2	7	-0.00012021376018160726
10	2	-0.00011849956669376916
2	10	-0.00011849956669376916
13	2	-0.00012016553649795138
2	13	-0.00012016553649795138
45	2	-0.00011989288393709982
2	45	-0.00011989288393709982
18	2	-0.00011828146017814756
2	18	-0.00011828146017814756
42	2	-0.00012007124065503832
2	42	-0.00012007124065503832
2	46	-0.0001189868025409546
46	2	-0.0001189868025409546
3	2	-0.00011826108327327735
2	3	-0.00011826108327327735
8	2	-0.00012021420802213874
2	8	-0.00012021420802213874
11	2	-0.00011850000551107438
2	11	-0.00011850000551107438
14	2	-0.00012016598408960035
2	14	-0.00012016598408960035
16	2	-0.00011989333004396929
2	16	-0.00011989333004396929
19	2	-0.000118281897818274
2	19	-0.000118281897818274
21	2	-0.00012007168777780339
2	21	-0.00012007168777780339
2	27	-0.00011898724386654771
27	2	-0.00011898724386654771
0	47	-0.0001972481015975437
47	0	-0.0001972481015975437
0	49	-0.00019641173079675792
49	0	-0.00019641173079675792
0	48	-0.0001957570993837498
48	0	-0.0001957570993837498
52	5	-0.00015038449413008807
5	52	-0.00015038449413008807
36	5	-0.0001471952423111592
5	36	-0.0001471952423111592
3	5	-0.000147195724780345
5	3	-0.000147195724780345
4	2	-0.00011826233157913055
2	4	-0.00011826233157913055
5	7	-0.0001496208851599183
7	5	-0.0001496208851599183
5	8	-0.0001496211832872831
8	5	-0.0001496211832872831
5	50	-0.00014962203007691294
50	5	-0.00014962203007691294
5	10	-0.00014749158307011403
10	5	-0.00014749158307011403
5	11	-0.00014749206695502883
11	5	-0.00014749206695502883
5	55	-0.00014749311620475023
55	5	-0.00014749311620475023
5	13	-0.00014956261199508574
13	5	-0.00014956261199508574
5	14	-0.00014956290999457766
14	5	-0.00014956290999457766
5	51	-0.0001495637564236539
51	5	-0.0001495637564236539
5	45	-4.329962591317688e-05
45	5	-4.329962591317688e-05
5	16	-4.329995193427828e-05
16	5	-4.329995193427828e-05
5	47	-4.330088427079989e-05
47	5	-4.330088427079989e-05
5	18	-4.271391394899172e-05
18	5	-4.271391394899172e-05
5	19	-4.2714234698115236e-05
19	5	-4.2714234698115236e-05
5	49	-4.2715151981973664e-05
49	5	-4.2715151981973664e-05
5	42	-0.00014944947190500911
42	5	-0.00014944947190500911
5	21	-0.0001494499653041072
21	5	-0.0001494499653041072
5	22	-0.00014945137189779212
22	5	-0.00014945137189779212
5	24	-0.00015233968426672662
24	5	-0.00015233968426672662
5	25	-0.000152339984512626
25	5	-0.000152339984512626
5	26	-0.0001523408486219333
26	5	-0.0001523408486219333
5	46	-4.29723922675123e-05
46	5	-4.29723922675123e-05
5	27	-4.2972715315558286e-05
27	5	-4.2972715315558286e-05
5	48	-4.297363916330231e-05
48	5	-4.297363916330231e-05
50	2	-0.0001202154855395165
2	50	-0.0001202154855395165
55	2	-0.0001185012573397234
2	55	-0.0001185012573397234
51	2	-0.00012016726089846892
2	51	-0.00012016726089846892
47	2	-0.00011989460262554526
2	47	-0.00011989460262554526
49	2	-0.00011828314629527131
2	49	-0.00011828314629527131
22	2	-0.00012007296325197224
2	22	-0.00012007296325197224
2	48	-0.0001189885028360074
48	2	-0.0001189885028360074
1	9	-0.0001503210783643345
9	1	-0.0001503210783643345
2	25	-0.0001223984022677071
25	2	-0.0001223984022677071
2	26	-0.00012239971289850757
26	2	-0.00012239971289850757
2	53	-0.0001224001614913864
53	2	-0.0001224001614913864
3	9	-0.00011259958853128296
9	3	-0.00011259958853128296
4	9	-0.0001471355678528898
9	4	-0.0001471355678528898
0	33	-1.9489821163407565e-08
33	0	-1.9489821163407565e-08
35	2	-0.0001587364396277037
2	35	-0.0001587364396277037
2	37	-0.00015874477230914748
37	2	-0.00015874477230914748
2	38	-0.00015873189591410713
38	2	-0.00015873189591410713
2	39	-0.0001587405396044253
39	2	-0.0001587405396044253
2	40	-0.00015874080046808167
40	2	-0.00015874080046808167
2	33	-0.00015878081388116046
33	2	-0.00015878081388116046
2	41	-0.0001587524738927071
41	2	-0.0001587524738927071
2	23	-0.00015872141450439325
23	2	-0.00015872141450439325
2	54	-0.00015873665931136628
54	2	-0.00015873665931136628
2	44	-0.00015874015976158681
44	2	-0.00015874015976158681
6	9	-0.00019753275523476147
9	6	-0.00019753275523476147
