0	6	-1.9586557103830053e-05
6	0	-1.9586557103830053e-05
0	1	-0.0001556195481517897
1	0	-0.0001556195481517897
2	31	-0.0001587933788794589
31	2	-0.0001587933788794589
1	2	-0.00012104307001653817
2	1	-0.00012104307001653817
8	2	-0.00015872890968376401
2	8	-0.00015872890968376401
2	46	-0.00012104481225852261
46	2	-0.00012104481225852261
5	9	-0.0001783722586525374
9	5	-0.0001783722586525374
0	9	-1.6179041902620065e-05
9	0	-1.6179041902620065e-05
2	32	-0.00015877233106149463
32	2	-0.00015877233106149463
8	5	-0.00016845579204157282
5	8	-0.00016845579204157282
0	4	-0.00019464228241293584
4	0	-0.00019464228241293584
0	3	-0.0001634072568446309
3	0	-0.0001634072568446309
3	6	-0.0001925794820953747
6	3	-0.0001925794820953747
2	9	-0.00015876945362332736
9	2	-0.00015876945362332736
0	19	-4.927659133303013e-05
19	0	-4.927659133303013e-05
8	19	-0.00017526789848854078
19	8	-0.00017526789848854078
0	8	-1.676581701387706e-05
8	0	-1.676581701387706e-05
8	7	-0.00017628456561479032
7	8	-0.00017628456561479032
2	4	-0.00011826826203832742
4	2	-0.00011826826203832742
0	10	-0.000195565689978908
10	0	-0.000195565689978908
8	16	-0.0001819606537491929
16	8	-0.0001819606537491929
10	8	-0.0001780933259565364
8	10	-0.0001780933259565364
8	6	-0.0001691190919532578
6	8	-0.0001691190919532578
2	33	-0.00015877656509072282
33	2	-0.00015877656509072282
0	7	-1.8790418437020857e-05
7	0	-1.8790418437020857e-05
2	34	-0.00015878914445067096
34	2	-0.00015878914445067096
8	24	-0.0001787792116151451
24	8	-0.0001787792116151451
2	22	-0.00012008964721526862
22	2	-0.00012008964721526862
8	27	-0.00017895906952408684
27	8	-0.00017895906952408684
8	45	-0.00017860099708112622
45	8	-0.00017860099708112622
0	2	-3.0395735920466567e-05
2	0	-3.0395735920466567e-05
1	6	-1.9586557103830053e-05
6	1	-1.9586557103830053e-05
1	7	-1.8790418437020857e-05
7	1	-1.8790418437020857e-05
1	8	-1.676581701387706e-05
8	1	-1.676581701387706e-05
46	8	-4.3712462123261645e-05
8	46	-4.3712462123261645e-05
3	8	-0.00014719748321971192
8	3	-0.00014719748321971192
4	8	-0.00014719796569481153
8	4	-0.00014719796569481153
8	11	-0.00015777955596461897
11	8	-0.00015777955596461897
8	20	-4.27139579967337e-05
20	8	-4.27139579967337e-05
8	21	-4.271427874625611e-05
21	8	-4.271427874625611e-05
8	47	-4.271519603125353e-05
47	8	-4.271519603125353e-05
8	48	-4.33670563469436e-05
48	8	-4.33670563469436e-05
0	5	-0.00016135937341293965
5	0	-0.00016135937341293965
2	3	-0.00011826782443764479
3	2	-0.00011826782443764479
2	6	-0.00011947885719275972
6	2	-0.00011947885719275972
2	7	-0.00011948012370868795
7	2	-0.00011948012370868795
2	10	-0.0001714525578700215
10	2	-0.0001714525578700215
2	11	-0.00015189625048797216
11	2	-0.00015189625048797216
2	20	-0.00011828158215318465
20	2	-0.00011828158215318465
2	21	-0.00011828201979395107
21	2	-0.00011828201979395107
2	47	-0.00011828326827277046
47	2	-0.00011828326827277046
2	23	-0.00012009020964943983
23	2	-0.00012009020964943983
2	48	-0.00012009148527880884
48	2	-0.00012009148527880884
3	5	-0.00015829389058348513
5	3	-0.00015829389058348513
3	19	-4.814129145145327e-05
19	3	-4.814129145145327e-05
5	6	-1.8062497770455315e-07
6	5	-1.8062497770455315e-07
6	19	-1.8076063919101744e-07
19	6	-1.8076063919101744e-07
1	9	-1.6179041902620065e-05
9	1	-1.6179041902620065e-05
35	2	-0.00015875291332367172
2	35	-0.00015875291332367172
31	6	-1.3246188597477836e-08
6	31	-1.3246188597477836e-08
2	40	-0.00015873601856905006
40	2	-0.00015873601856905006
2	41	-0.00015875269360788533
41	2	-0.00015875269360788533
2	42	-0.00015874881306902682
42	2	-0.00015874881306902682
2	43	-0.00015873568904644443
43	2	-0.00015873568904644443
9	19	-6.463174554464307e-05
19	9	-6.463174554464307e-05
