11	9	-0.0001783722586525374
9	11	-0.0001783722586525374
1	9	-1.6179041902620065e-05
9	1	-1.6179041902620065e-05
9	0	-1.6179041902620065e-05
0	9	-1.6179041902620065e-05
1	0	-1.3116832098458593e-05
0	1	-1.3116832098458593e-05
0	31	-0.00015168693369991534
31	0	-0.00015168693369991534
2	31	-0.00015877233106149463
31	2	-0.00015877233106149463
0	2	-0.00012190660231008067
2	0	-0.00012190660231008067
19	2	-0.0001901935355023199
2	19	-0.0001901935355023199
1	3	-1.9586557103830053e-05
3	1	-1.9586557103830053e-05
3	0	-1.9586557103830053e-05
0	3	-1.9586557103830053e-05
2	50	-0.0001587933788794589
50	2	-0.0001587933788794589
3	2	-0.00012192635697193939
2	3	-0.00012192635697193939
0	8	-1.905389271231336e-07
8	0	-1.905389271231336e-07
0	7	-1.676581701387706e-05
7	0	-1.676581701387706e-05
0	6	-0.00018439192225336933
6	0	-0.00018439192225336933
1	7	-1.676581701387706e-05
7	1	-1.676581701387706e-05
0	11	-0.00014685933755325154
11	0	-0.00014685933755325154
0	10	-0.0001970943948830291
10	0	-0.0001970943948830291
2	8	-0.00018459397145694582
8	2	-0.00018459397145694582
0	12	-0.00019723599539864486
12	0	-0.00019723599539864486
0	46	-0.00019723568431723111
46	0	-0.00019723568431723111
2	1	-0.00012190614544649362
1	2	-0.00012190614544649362
2	20	-0.00015876945362332736
20	2	-0.00015876945362332736
0	19	-0.00015172750967097631
19	0	-0.00015172750967097631
2	24	-0.00015876131483555443
24	2	-0.00015876131483555443
2	6	-0.0001198967838381351
6	2	-0.0001198967838381351
2	9	-0.00012018327672919385
9	2	-0.00012018327672919385
2	46	-0.0001204154627192917
46	2	-0.0001204154627192917
2	7	-0.00019165902851963197
7	2	-0.00019165902851963197
2	10	-0.00018451242067652702
10	2	-0.00018451242067652702
2	12	-0.00012041591158693442
12	2	-0.00012041591158693442
0	47	-0.00019723687681154434
47	0	-0.00019723687681154434
2	47	-0.00012041719202815982
47	2	-0.00012041719202815982
6	19	-0.00014922544456272586
19	6	-0.00014922544456272586
2	4	-0.00012192681389502921
4	2	-0.00012192681389502921
2	5	-0.000121928117268966
5	2	-0.000121928117268966
2	48	-0.00012192855669642171
48	2	-0.00012192855669642171
34	2	-0.00015873211558844124
2	34	-0.00015873211558844124
2	49	-0.00015875291332367172
49	2	-0.00015875291332367172
2	36	-0.00015875266703973162
36	2	-0.00015875266703973162
2	33	-0.0001587927773606635
33	2	-0.0001587927773606635
