1	6	-1.6179041902620065e-05
6	1	-1.6179041902620065e-05
6	0	-1.6179041902620065e-05
0	6	-1.6179041902620065e-05
16	57	-0.00015877233106149463
57	16	-0.00015877233106149463
5	55	-4.424914895009039e-05
55	5	-4.424914895009039e-05
0	2	-1.9586557103830053e-05
2	0	-1.9586557103830053e-05
1	0	-1.3116832098458593e-05
0	1	-1.3116832098458593e-05
0	3	-0.00017973219858631668
3	0	-0.00017973219858631668
16	6	-0.00015876131483555443
6	16	-0.00015876131483555443
5	37	-0.0001729434269101961
37	5	-0.0001729434269101961
0	5	-1.807017848933998e-05
5	0	-1.807017848933998e-05
5	4	-0.00014820158547732443
4	5	-0.00014820158547732443
5	39	-0.00017699225898133283
39	5	-0.00017699225898133283
0	7	-1.7390401869762912e-05
7	0	-1.7390401869762912e-05
16	13	-0.00015876945362332736
13	16	-0.00015876945362332736
5	41	-0.00018280120033786748
41	5	-0.00018280120033786748
0	10	-0.00019646099122886488
10	0	-0.00019646099122886488
1	2	-1.9586557103830053e-05
2	1	-1.9586557103830053e-05
16	32	-0.0001587933788794589
32	16	-0.0001587933788794589
0	16	-0.00012253758605310837
16	0	-0.00012253758605310837
5	16	-0.00015872088367694894
16	5	-0.00015872088367694894
16	52	-0.00011851546033450161
52	16	-0.00011851546033450161
0	15	-0.000196075753087449
15	0	-0.000196075753087449
0	14	-0.00019663161136677183
14	0	-0.00019663161136677183
0	4	-0.0001718169561833971
4	0	-0.0001718169561833971
16	20	-0.00015876538418296818
20	16	-0.00015876538418296818
5	44	-0.0001723994300323299
44	5	-0.0001723994300323299
1	7	-1.7390401869762912e-05
7	1	-1.7390401869762912e-05
16	33	-0.00015878075811202785
33	16	-0.00015878075811202785
0	23	-4.9134394267636775e-05
23	0	-4.9134394267636775e-05
5	23	-0.00017793137499588
23	5	-0.00017793137499588
1	5	-1.807017848933998e-05
5	1	-1.807017848933998e-05
16	34	-0.00015878499234151728
34	16	-0.00015878499234151728
5	26	-0.00017526789848854078
26	5	-0.00017526789848854078
5	48	-0.00018709129693770662
48	5	-0.00018709129693770662
16	23	-0.00018846142293110982
23	16	-0.00018846142293110982
5	31	-0.0001748383744985434
31	5	-0.0001748383744985434
0	30	-0.0001969722386897015
30	0	-0.0001969722386897015
0	50	-0.00019697193023389544
50	0	-0.00019697193023389544
0	52	-0.00019607661986726212
52	0	-0.00019607661986726212
0	51	-0.00019697311267468848
51	0	-0.00019697311267468848
1	16	-0.00012253712582865932
16	1	-0.00012253712582865932
2	5	-4.424883571507926e-05
5	2	-4.424883571507926e-05
2	16	-0.00012253889882547398
16	2	-0.00012253889882547398
55	16	-0.00012253933055551432
16	55	-0.00012253933055551432
56	16	-0.00015873189591410713
16	56	-0.00015873189591410713
36	5	-0.00014819970883835908
5	36	-0.00014819970883835908
36	16	-0.00011906728305752613
16	36	-0.00011906728305752613
3	5	-0.00014717935287804855
5	3	-0.00014717935287804855
3	16	-0.00011906772487828018
16	3	-0.00011906772487828018
4	16	-0.00011906898525786654
16	4	-0.00011906898525786654
5	38	-0.00014907312276197965
38	5	-0.00014907312276197965
5	7	-0.0001490736143282497
7	5	-0.0001490736143282497
5	8	-0.00014907501570714834
8	5	-0.00014907501570714834
5	40	-0.0001502813207905764
40	5	-0.0001502813207905764
5	10	-0.00015028192374089006
10	5	-0.00015028192374089006
5	11	-0.00015028334185415197
11	5	-0.00015028334185415197
5	14	-4.2797805722561285e-05
14	5	-4.2797805722561285e-05
5	15	-4.279812723167154e-05
15	5	-4.279812723167154e-05
5	52	-4.279904668552253e-05
52	5	-4.279904668552253e-05
5	43	-0.00014808304057156016
43	5	-0.00014808304057156016
5	17	-0.00014808361696149654
17	5	-0.00014808361696149654
5	18	-0.00014808500465194599
18	5	-0.00014808500465194599
5	21	-4.3310016039725e-05
21	5	-4.3310016039725e-05
5	22	-4.331034223975073e-05
22	5	-4.331034223975073e-05
5	54	-4.331127508752252e-05
54	5	-4.331127508752252e-05
5	24	-4.314761685615752e-05
24	5	-4.314761685615752e-05
5	25	-4.314794156607794e-05
25	5	-4.314794156607794e-05
5	53	-4.3148870159210014e-05
53	5	-4.3148870159210014e-05
5	47	-0.0001511300339782283
47	5	-0.0001511300339782283
5	27	-0.000151130628950624
27	5	-0.000151130628950624
5	28	-0.0001511320589087547
28	5	-0.0001511320589087547
5	50	-4.313219647944267e-05
50	5	-4.313219647944267e-05
5	30	-4.3132520964609335e-05
30	5	-4.3132520964609335e-05
5	51	-4.313344891563176e-05
51	5	-4.313344891563176e-05
38	16	-0.00011976880652309383
16	38	-0.00011976880652309383
7	16	-0.0001197692520458959
16	7	-0.0001197692520458959
8	16	-0.00011977052296508095
16	8	-0.00011977052296508095
9	16	-0.00015872077385102446
16	9	-0.00015872077385102446
40	16	-0.00012073989838627402
16	40	-0.00012073989838627402
10	16	-0.00012074043378171153
16	10	-0.00012074043378171153
11	16	-0.0001207417193153895
16	11	-0.0001207417193153895
12	16	-0.00015872890968376401
16	12	-0.00015872890968376401
14	16	-0.00011851376952555578
16	14	-0.00011851376952555578
15	16	-0.00011851420838527712
16	15	-0.00011851420838527712
42	16	-0.00015875344430599968
16	42	-0.00015875344430599968
16	43	-0.00011897390766048532
43	16	-0.00011897390766048532
16	17	-0.00011897442097819335
17	16	-0.00011897442097819335
16	18	-0.00011897567994085672
18	16	-0.00011897567994085672
16	19	-0.0001587251529063254
19	16	-0.0001587251529063254
16	21	-0.00011994148032657141
21	16	-0.00011994148032657141
16	22	-0.00011994192673219757
22	16	-0.00011994192673219757
16	54	-0.00011994320016455188
54	16	-0.00011994320016455188
16	45	-0.00015874064945024653
45	16	-0.00015874064945024653
16	24	-0.00011948864125296302
24	16	-0.00011948864125296302
16	25	-0.00011948908525903057
25	16	-0.00011948908525903057
16	53	-0.00011949035185993771
53	16	-0.00011949035185993771
16	46	-0.00015874411321200962
46	16	-0.00015874411321200962
16	47	-0.00012142124152685189
47	16	-0.00012142124152685189
16	27	-0.00012142177080163324
27	16	-0.00012142177080163324
16	28	-0.00012142306667365957
28	16	-0.00012142306667365957
16	29	-0.00015872506138108833
29	16	-0.00015872506138108833
16	50	-0.00011942604198822459
50	16	-0.00011942604198822459
16	30	-0.00011942648562213343
30	16	-0.00011942648562213343
16	51	-0.00011942775116327963
51	16	-0.00011942775116327963
16	49	-0.0001587600314452472
49	16	-0.0001587600314452472
16	35	-0.00015880069499487067
35	16	-0.00015880069499487067
