1	6	-1.6179041902620065e-05
6	1	-1.6179041902620065e-05
6	0	-0.00013258758405674119
0	6	-0.00013258758405674119
0	2	-1.9586557103830053e-05
2	0	-1.9586557103830053e-05
1	0	-1.3116832098458593e-05
0	1	-1.3116832098458593e-05
0	3	-0.0001919900161645109
3	0	-0.0001919900161645109
16	6	-0.00015876131483555443
6	16	-0.00015876131483555443
0	5	-1.807017848933998e-05
5	0	-1.807017848933998e-05
0	7	-0.00014251470411942634
7	0	-0.00014251470411942634
1	2	-1.9586557103830053e-05
2	1	-1.9586557103830053e-05
0	16	-0.00012253758605310837
16	0	-0.00012253758605310837
5	16	-0.00016972691667497462
16	5	-0.00016972691667497462
0	4	-0.00019075469684489376
4	0	-0.00019075469684489376
16	20	-0.00015876538418296818
20	16	-0.00015876538418296818
1	7	-1.7390401869762912e-05
7	1	-1.7390401869762912e-05
5	23	-0.00017793137499588
23	5	-0.00017793137499588
1	5	-1.807017848933998e-05
5	1	-1.807017848933998e-05
3	5	-0.00019098210286820096
5	3	-0.00019098210286820096
