0	1	-0.00013171485565535503
1	0	-0.00013171485565535503
4	0	-0.00016656124926458087
0	4	-0.00016656124926458087
1	3	-0.0001506618013174518
3	1	-0.0001506618013174518
9	3	-0.00015876131483555443
3	9	-0.00015876131483555443
0	2	-4.3713966477676955e-05
2	0	-4.3713966477676955e-05
2	1	-4.371491000741807e-05
1	2	-4.371491000741807e-05
0	3	-0.0001506603775482551
3	0	-0.0001506603775482551
1	9	-0.00019508457398344928
9	1	-0.00019508457398344928
2	9	-0.00018151707800039923
9	2	-0.00018151707800039923
1	13	-4.873592884626888e-05
13	1	-4.873592884626888e-05
9	13	-0.00015879810521195545
13	9	-0.00015879810521195545
0	5	-1.6179041902620065e-05
5	0	-1.6179041902620065e-05
5	1	-1.6179041902620065e-05
1	5	-1.6179041902620065e-05
9	31	-0.00015877233106149463
31	9	-0.00015877233106149463
1	4	-0.00019710346789510673
4	1	-0.00019710346789510673
9	40	-0.00015873994009197917
40	9	-0.00015873994009197917
9	29	-0.00015878081388116046
29	9	-0.00015878081388116046
