1	6	-1.6179041902620065e-05
6	1	-1.6179041902620065e-05
6	0	-1.6179041902620065e-05
0	6	-1.6179041902620065e-05
5	55	-0.00015251643161007163
55	5	-0.00015251643161007163
0	2	-1.9586557103830053e-05
2	0	-1.9586557103830053e-05
1	0	-1.3116832098458593e-05
0	1	-1.3116832098458593e-05
0	3	-0.00018439192225336933
3	0	-0.00018439192225336933
16	6	-0.00015876131483555443
6	16	-0.00015876131483555443
5	37	-0.0001729434269101961
37	5	-0.0001729434269101961
0	5	-1.807017848933998e-05
5	0	-1.807017848933998e-05
5	4	-0.0001518614723944132
4	5	-0.0001518614723944132
5	39	-0.00017699225898133283
39	5	-0.00017699225898133283
0	7	-1.7390401869762912e-05
7	0	-1.7390401869762912e-05
5	41	-0.00018280120033786748
41	5	-0.00018280120033786748
0	10	-0.00019710346789510673
10	0	-0.00019710346789510673
1	2	-1.9586557103830053e-05
2	1	-1.9586557103830053e-05
0	16	-0.00012253758605310837
16	0	-0.00012253758605310837
5	16	-0.00015872088367694894
16	5	-0.00015872088367694894
0	15	-0.00019678907615778814
15	0	-0.00019678907615778814
0	4	-0.00018593418104014914
4	0	-0.00018593418104014914
16	20	-0.00015876538418296818
20	16	-0.00015876538418296818
5	44	-0.0001723994300323299
44	5	-0.0001723994300323299
1	7	-1.7390401869762912e-05
7	1	-1.7390401869762912e-05
5	23	-0.00017793137499588
23	5	-0.00017793137499588
1	5	-1.807017848933998e-05
5	1	-1.807017848933998e-05
5	26	-0.00017526789848854078
26	5	-0.00017526789848854078
5	48	-0.00018709129693770662
48	5	-0.00018709129693770662
5	31	-0.0001748383744985434
31	5	-0.0001748383744985434
0	52	-0.0001967899434290805
52	0	-0.0001967899434290805
2	5	-0.00015251614453475526
5	2	-0.00015251614453475526
3	5	-0.00014820019616401214
5	3	-0.00014820019616401214
3	16	-0.00011906772487828018
16	3	-0.00011906772487828018
4	16	-0.00011906898525786654
16	4	-0.00011906898525786654
5	10	-0.00017647558202636977
10	5	-0.00017647558202636977
5	14	-0.00014750124022588765
14	5	-0.00014750124022588765
5	15	-0.00014750153357479692
15	5	-0.00014750153357479692
5	52	-0.00014750236688699736
52	5	-0.00014750236688699736
5	21	-0.00014928385768318318
21	5	-0.00014928385768318318
5	22	-0.00014928415505399098
22	5	-0.00014928415505399098
5	54	-0.0001492849997100318
54	5	-0.0001492849997100318
5	24	-0.00014871834027199802
24	5	-0.00014871834027199802
5	25	-0.00014871863636549437
25	5	-0.00014871863636549437
5	53	-0.00014871947741903642
53	5	-0.00014871947741903642
5	50	-4.313219647944267e-05
50	5	-4.313219647944267e-05
5	30	-4.3132520964609335e-05
30	5	-4.3132520964609335e-05
5	51	-4.313344891563176e-05
51	5	-4.313344891563176e-05
