0	1	-4.390495188511839e-05
1	0	-4.390495188511839e-05
1	3	-0.00014544926139448187
3	1	-0.00014544926139448187
10	3	-0.00015876131483555443
3	10	-0.00015876131483555443
2	36	-0.00017991857919460576
36	2	-0.00017991857919460576
0	2	-0.0001305662988324494
2	0	-0.0001305662988324494
2	1	-0.00015776859583814138
1	2	-0.00015776859583814138
7	1	-0.0001656382029586221
1	7	-0.0001656382029586221
2	7	-0.0001967409835525289
7	2	-0.0001967409835525289
10	7	-0.00015876538418296818
7	10	-0.00015876538418296818
2	38	-0.00017368442552919208
38	2	-0.00017368442552919208
0	6	-1.6179041902620065e-05
6	0	-1.6179041902620065e-05
0	4	-1.807017848933998e-05
4	0	-1.807017848933998e-05
0	3	-1.8790418437020857e-05
3	0	-1.8790418437020857e-05
1	10	-0.00017185995224568417
10	1	-0.00017185995224568417
2	10	-0.00015872055419963147
10	2	-0.00015872055419963147
8	2	-0.0001961061333765726
2	8	-0.0001961061333765726
2	24	-6.162434397559485e-05
24	2	-6.162434397559485e-05
2	4	-0.00019329637561941865
4	2	-0.00019329637561941865
10	32	-0.00015878499234151728
32	10	-0.00015878499234151728
2	15	-0.0001883588376023779
15	2	-0.0001883588376023779
2	18	-0.00018090954606585013
18	2	-0.00018090954606585013
2	21	-0.00018280120033786748
21	2	-0.00018280120033786748
2	19	-0.00019732637916860559
19	2	-0.00019732637916860559
0	5	-1.676581701387706e-05
5	0	-1.676581701387706e-05
5	2	-0.00019363481258195985
2	5	-0.00019363481258195985
2	46	-0.0001897771286590111
46	2	-0.0001897771286590111
2	48	-0.00017740302632614804
48	2	-0.00017740302632614804
35	2	-0.0001972981408040567
2	35	-0.0001972981408040567
37	2	-0.00019555402293446324
2	37	-0.00019555402293446324
2	47	-0.00019660723797384406
47	2	-0.00019660723797384406
2	11	-0.0001963795072007043
11	2	-0.0001963795072007043
2	20	-0.00019732682971867864
20	2	-0.00019732682971867864
2	28	-0.000196607547489017
28	2	-0.000196607547489017
9	2	-0.000195565689978908
2	9	-0.000195565689978908
1	4	-1.807017848933998e-05
4	1	-1.807017848933998e-05
1	5	-0.0001648763561071451
5	1	-0.0001648763561071451
1	6	-1.6179041902620065e-05
6	1	-1.6179041902620065e-05
2	49	-0.00019644978699880194
49	2	-0.00019644978699880194
2	51	-0.00019726347652774002
51	2	-0.00019726347652774002
2	29	-0.00019660842449153
29	2	-0.00019660842449153
10	6	-0.0001587245122318825
6	10	-0.0001587245122318825
