0	6	-1.9586557103830053e-05
6	0	-1.9586557103830053e-05
8	2	-0.00019020518138705507
2	8	-0.00019020518138705507
0	9	-1.6179041902620065e-05
9	0	-1.6179041902620065e-05
8	5	-0.00016845579204157282
5	8	-0.00016845579204157282
2	9	-0.00019710346789510673
9	2	-0.00019710346789510673
8	19	-0.00017526789848854078
19	8	-0.00017526789848854078
0	8	-1.676581701387706e-05
8	0	-1.676581701387706e-05
0	7	-0.00019502567400145774
7	0	-0.00019502567400145774
0	2	-0.00014533283225701038
2	0	-0.00014533283225701038
1	6	-1.9586557103830053e-05
6	1	-1.9586557103830053e-05
1	8	-1.676581701387706e-05
8	1	-1.676581701387706e-05
2	6	-0.00019710346789510673
6	2	-0.00019710346789510673
6	19	-4.863368702228997e-05
19	6	-4.863368702228997e-05
1	9	-1.6179041902620065e-05
9	1	-1.6179041902620065e-05
