1	6	-0.0001770478477942874
6	1	-0.0001770478477942874
0	2	-4.390495188511839e-05
2	0	-4.390495188511839e-05
1	0	-3.9514456696606546e-05
0	1	-3.9514456696606546e-05
0	3	-0.0001970137626578636
3	0	-0.0001970137626578636
16	6	-0.00015876131483555443
6	16	-0.00015876131483555443
0	5	-4.424787842564915e-05
5	0	-4.424787842564915e-05
0	7	-0.00019598866521847543
7	0	-0.00019598866521847543
1	2	-0.00017781505513472928
2	1	-0.00017781505513472928
5	16	-0.00016972691667497462
16	5	-0.00016972691667497462
0	4	-0.00019641589750173525
4	0	-0.00019641589750173525
16	20	-0.00015876538418296818
20	16	-0.00015876538418296818
1	5	-4.424754366499484e-05
5	1	-4.424754366499484e-05
