0	6	-0.00019628659214162092
6	0	-0.00019628659214162092
0	1	-0.000169603793262204
1	0	-0.000169603793262204
8	2	-0.00017526789848854078
2	8	-0.00017526789848854078
0	9	-1.6179041902620065e-05
9	0	-1.6179041902620065e-05
2	9	-0.00015876538418296818
9	2	-0.00015876538418296818
0	8	-4.315014220792099e-05
8	0	-4.315014220792099e-05
2	19	-0.00015876945362332736
19	2	-0.00015876945362332736
0	2	-0.00019526290128694094
2	0	-0.00019526290128694094
4	2	-0.0001710806795908503
2	4	-0.0001710806795908503
6	2	-0.00019654183532013294
2	6	-0.00019654183532013294
1	8	-0.00019635314416571438
8	1	-0.00019635314416571438
1	9	-1.6179041902620065e-05
9	1	-1.6179041902620065e-05
