2	5	-0.00015872108502487192
5	2	-0.00015872108502487192
1	5	-1.676581701387706e-05
5	1	-1.676581701387706e-05
5	0	-1.676581701387706e-05
0	5	-1.676581701387706e-05
1	0	-1.3116832098458593e-05
0	1	-1.3116832098458593e-05
2	29	-0.00015877656509072282
29	2	-0.00015877656509072282
0	2	-1.9652632669981908e-07
2	0	-1.9652632669981908e-07
2	52	-0.00012082506537687191
52	2	-0.00012082506537687191
0	3	-0.00012181849015294799
3	0	-0.00012181849015294799
1	3	-0.00016656124926458087
3	1	-0.00016656124926458087
2	6	-0.00015876131483555443
6	2	-0.00015876131483555443
0	20	-1.6691085902698522e-07
20	0	-1.6691085902698522e-07
5	20	-6.722449713882793e-05
20	5	-6.722449713882793e-05
20	4	-1.985536791952273e-07
4	20	-1.985536791952273e-07
5	4	-4.269917499473466e-05
4	5	-4.269917499473466e-05
0	36	-0.00019491320313491637
36	0	-0.00019491320313491637
1	6	-1.807017848933998e-05
6	1	-1.807017848933998e-05
6	0	-1.807017848933998e-05
0	6	-1.807017848933998e-05
2	30	-0.00015878499234151728
30	2	-0.00015878499234151728
0	9	-1.4818437056824998e-08
9	0	-1.4818437056824998e-08
5	9	-1.851475764441575e-07
9	5	-1.851475764441575e-07
0	8	-1.6179041902620065e-05
8	0	-1.6179041902620065e-05
0	7	-1.7390401869762912e-05
7	0	-1.7390401869762912e-05
1	8	-1.6179041902620065e-05
8	1	-1.6179041902620065e-05
2	31	-0.00015877233106149463
31	2	-0.00015877233106149463
0	12	-1.8198804091286124e-07
12	0	-1.8198804091286124e-07
5	12	-0.00016972691667497462
12	5	-0.00016972691667497462
0	11	-0.0001948384325526105
11	0	-0.0001948384325526105
0	10	-0.00019483812697381375
10	0	-0.00019483812697381375
1	7	-1.7390401869762912e-05
7	1	-1.7390401869762912e-05
2	32	-0.00015878075811202785
32	2	-0.00015878075811202785
0	15	-1.922160757456707e-07
15	0	-1.922160757456707e-07
5	15	-0.0001792650204892863
15	5	-0.0001792650204892863
2	9	-0.00015879810521195545
9	2	-0.00015879810521195545
9	33	-0.00019755076489685918
33	9	-0.00019755076489685918
1	33	-0.0001503374544396734
33	1	-0.0001503374544396734
0	17	-1.9046001281914718e-07
17	0	-1.9046001281914718e-07
5	17	-0.00017762741892292667
17	5	-0.00017762741892292667
0	16	-9.088240216644143e-09
16	0	-9.088240216644143e-09
0	45	-8.830049266293597e-09
45	0	-8.830049266293597e-09
1	4	-1.9586557103830053e-05
4	1	-1.9586557103830053e-05
4	0	-1.9586557103830053e-05
0	4	-1.9586557103830053e-05
0	34	-0.0001503231674977644
34	0	-0.0001503231674977644
2	34	-0.0001587933788794589
34	2	-0.0001587933788794589
0	41	-0.00015036155404710697
41	0	-0.00015036155404710697
0	19	-0.0001943904203566709
19	0	-0.0001943904203566709
0	18	-0.00019439011549177536
18	0	-0.00019439011549177536
0	43	-1.9169512397649541e-07
43	0	-1.9169512397649541e-07
5	43	-0.0001787792116151451
43	5	-0.0001787792116151451
5	53	-4.4200050995519314e-05
53	5	-4.4200050995519314e-05
24	2	-0.00012239796036534622
2	24	-0.00012239796036534622
0	28	-1.8485385875026916e-07
28	0	-1.8485385875026916e-07
5	28	-0.0001723994300323299
28	5	-0.0001723994300323299
0	44	-1.852788174450878e-08
44	0	-1.852788174450878e-08
0	27	-9.019542080642386e-09
27	0	-9.019542080642386e-09
0	46	-8.763302816640797e-09
46	0	-8.763302816640797e-09
1	2	-0.00012082332752674035
2	1	-0.00012082332752674035
36	2	-0.00011826064569336234
2	36	-0.00011826064569336234
7	2	-0.00012021376018160726
2	7	-0.00012021376018160726
10	2	-0.00011849956669376916
2	10	-0.00011849956669376916
13	2	-0.00012016553649795138
2	13	-0.00012016553649795138
45	2	-0.00011989288393709982
2	45	-0.00011989288393709982
18	2	-0.00011828146017814756
2	18	-0.00011828146017814756
42	2	-0.00012007124065503832
2	42	-0.00012007124065503832
2	46	-0.0001189868025409546
46	2	-0.0001189868025409546
3	2	-0.00011826108327327735
2	3	-0.00011826108327327735
8	2	-0.00012021420802213874
2	8	-0.00012021420802213874
11	2	-0.00011850000551107438
2	11	-0.00011850000551107438
14	2	-0.00012016598408960035
2	14	-0.00012016598408960035
16	2	-0.00011989333004396929
2	16	-0.00011989333004396929
19	2	-0.000118281897818274
2	19	-0.000118281897818274
21	2	-0.00012007168777780339
2	21	-0.00012007168777780339
2	27	-0.00011898724386654771
27	2	-0.00011898724386654771
0	55	-0.00019530078556061916
55	0	-0.00019530078556061916
0	47	-9.82838784188783e-09
47	0	-9.82838784188783e-09
0	49	-0.00019340463278161776
49	0	-0.00019340463278161776
0	48	-9.754094868157824e-09
48	0	-9.754094868157824e-09
0	40	-1.8527956545055648e-08
40	0	-1.8527956545055648e-08
52	5	-4.362857365362259e-05
5	52	-4.362857365362259e-05
36	5	-4.269793713573919e-05
5	36	-4.269793713573919e-05
3	5	-4.2698257839616984e-05
5	3	-4.2698257839616984e-05
4	2	-0.00011826233157913055
2	4	-0.00011826233157913055
5	7	-4.340945893068621e-05
7	5	-4.340945893068621e-05
5	8	-4.340978602277454e-05
8	5	-4.340978602277454e-05
5	50	-4.341072141750149e-05
50	5	-4.341072141750149e-05
5	10	-4.2787123239967536e-05
10	5	-4.2787123239967536e-05
5	11	-4.278744471757368e-05
11	5	-4.278744471757368e-05
5	55	-4.2788364081766774e-05
55	5	-4.2788364081766774e-05
5	13	-4.339092113068973e-05
13	5	-4.339092113068973e-05
5	14	-4.3391248067219346e-05
14	5	-4.3391248067219346e-05
5	51	-4.3392183017856865e-05
51	5	-4.3392183017856865e-05
5	45	-4.329962591317688e-05
45	5	-4.329962591317688e-05
5	16	-4.329995193427828e-05
16	5	-4.329995193427828e-05
5	47	-4.330088427079989e-05
47	5	-4.330088427079989e-05
5	18	-4.271391394899172e-05
18	5	-4.271391394899172e-05
5	19	-4.2714234698115236e-05
19	5	-4.2714234698115236e-05
5	49	-4.2715151981973664e-05
49	5	-4.2715151981973664e-05
5	42	-4.3351651390372806e-05
42	5	-4.3351651390372806e-05
5	21	-4.335197803090914e-05
21	5	-4.335197803090914e-05
5	22	-4.335291213670827e-05
22	5	-4.335291213670827e-05
5	24	-4.419844793274851e-05
24	5	-4.419844793274851e-05
5	25	-4.419876465983319e-05
25	5	-4.419876465983319e-05
5	26	-4.419972062517497e-05
26	5	-4.419972062517497e-05
5	46	-4.29723922675123e-05
46	5	-4.29723922675123e-05
5	27	-4.2972715315558286e-05
27	5	-4.2972715315558286e-05
5	48	-4.297363916330231e-05
48	5	-4.297363916330231e-05
50	2	-0.0001202154855395165
2	50	-0.0001202154855395165
55	2	-0.0001185012573397234
2	55	-0.0001185012573397234
51	2	-0.00012016726089846892
2	51	-0.00012016726089846892
47	2	-0.00011989460262554526
2	47	-0.00011989460262554526
49	2	-0.00011828314629527131
2	49	-0.00011828314629527131
22	2	-0.00012007296325197224
2	22	-0.00012007296325197224
2	48	-0.0001189885028360074
48	2	-0.0001189885028360074
1	9	-0.0001388363876814666
9	1	-0.0001388363876814666
2	25	-0.0001223984022677071
25	2	-0.0001223984022677071
2	26	-0.00012239971289850757
26	2	-0.00012239971289850757
2	53	-0.0001224001614913864
53	2	-0.0001224001614913864
3	20	-5.008497001365209e-05
20	3	-5.008497001365209e-05
3	9	-2.116157857960749e-07
9	3	-2.116157857960749e-07
4	9	-2.560169971509919e-08
9	4	-2.560169971509919e-08
7	9	-0.00014956168938607585
9	7	-0.00014956168938607585
8	9	-0.00013916661354411366
9	8	-0.00013916661354411366
9	10	-0.00017317858082889072
10	9	-0.00017317858082889072
9	11	-0.00016635554169793927
11	9	-0.00016635554169793927
9	13	-0.00018874071136420575
13	9	-0.00018874071136420575
1	29	-0.00015033516399050138
29	1	-0.00015033516399050138
0	33	-1.4816823106684112e-08
33	0	-1.4816823106684112e-08
35	2	-0.0001587364396277037
2	35	-0.0001587364396277037
29	3	-0.00014714777405684058
3	29	-0.00014714777405684058
29	4	-0.00014714914929307105
4	29	-0.00014714914929307105
29	9	-0.00019754966889198685
9	29	-0.00019754966889198685
2	37	-0.00015874477230914748
37	2	-0.00015874477230914748
2	38	-0.00015873189591410713
38	2	-0.00015873189591410713
2	39	-0.0001587405396044253
39	2	-0.0001587405396044253
2	40	-0.00015874080046808167
40	2	-0.00015874080046808167
2	33	-6.181915308631187e-05
33	2	-6.181915308631187e-05
2	41	-0.0001587524738927071
41	2	-0.0001587524738927071
2	23	-0.00015872141450439325
23	2	-0.00015872141450439325
2	54	-0.00015873665931136628
54	2	-0.00015873665931136628
2	44	-0.00015874015976158681
44	2	-0.00015874015976158681
3	33	-0.00014715022231770583
33	3	-0.00014715022231770583
4	33	-2.5598911305855783e-08
33	4	-2.5598911305855783e-08
5	33	-0.00019750443660954036
33	5	-0.00019750443660954036
6	33	-0.000197564669915467
33	6	-0.000197564669915467
6	9	-0.00015543352700581652
9	6	-0.00015543352700581652
20	6	-6.724208829682511e-05
6	20	-6.724208829682511e-05
