11	9	-0.0001783722586525374
9	11	-0.0001783722586525374
1	9	-1.6179041902620065e-05
9	1	-1.6179041902620065e-05
9	0	-1.6179041902620065e-05
0	9	-1.6179041902620065e-05
1	0	-1.3116832098458593e-05
0	1	-1.3116832098458593e-05
0	31	-1.5731273893734387e-09
31	0	-1.5731273893734387e-09
2	31	-0.00015877233106149463
31	2	-0.00015877233106149463
0	2	-2.0922242242898626e-07
2	0	-2.0922242242898626e-07
19	2	-0.00015872890968376401
2	19	-0.00015872890968376401
0	34	-5.1285192459721835e-09
34	0	-5.1285192459721835e-09
31	34	-0.00019752245731081004
34	31	-0.00019752245731081004
2	52	-0.00012190790551490244
52	2	-0.00012190790551490244
1	3	-1.9586557103830053e-05
3	1	-1.9586557103830053e-05
3	0	-8.157352420921252e-09
0	3	-8.157352420921252e-09
0	50	-1.3246188597477836e-08
50	0	-1.3246188597477836e-08
2	50	-0.0001587933788794589
50	2	-0.0001587933788794589
0	49	-1.2262843790522376e-08
49	0	-1.2262843790522376e-08
19	48	-4.403431128085902e-05
48	19	-4.403431128085902e-05
0	5	-9.172654151250188e-09
5	0	-9.172654151250188e-09
0	4	-8.419930380660605e-09
4	0	-8.419930380660605e-09
3	2	-0.00012192635697193939
2	3	-0.00012192635697193939
0	8	-2.3436433848988268e-08
8	0	-2.3436433848988268e-08
19	8	-0.00017770100984303925
8	19	-0.00017770100984303925
0	7	-1.676581701387706e-05
7	0	-1.676581701387706e-05
0	6	-0.00017287574804765348
6	0	-0.00017287574804765348
1	7	-1.676581701387706e-05
7	1	-1.676581701387706e-05
0	32	-8.43561063866919e-09
32	0	-8.43561063866919e-09
2	32	-0.00015877656509072282
32	2	-0.00015877656509072282
0	11	-1.9733626361250974e-07
11	0	-1.9733626361250974e-07
19	11	-0.00017938937561296918
11	19	-0.00017938937561296918
0	35	-7.476225864442177e-09
35	0	-7.476225864442177e-09
0	10	-0.00016281295632110244
10	0	-0.00016281295632110244
10	9	-0.00019710346789510673
9	10	-0.00019710346789510673
2	8	-0.00015880576558886691
8	2	-0.00015880576558886691
0	13	-1.9878775939671563e-07
13	0	-1.9878775939671563e-07
19	13	-0.00018070874761744765
13	19	-0.00018070874761744765
0	36	-2.247164073505163e-08
36	0	-2.247164073505163e-08
0	12	-1.2101046577463714e-08
12	0	-1.2101046577463714e-08
0	46	-1.1841735328128238e-08
46	0	-1.1841735328128238e-08
0	16	-1.9928026644537176e-07
16	0	-1.9928026644537176e-07
19	16	-0.00018115642335873208
16	19	-0.00018115642335873208
2	1	-0.00012190614544649362
1	2	-0.00012190614544649362
0	20	-0.00015168909978710186
20	0	-0.00015168909978710186
2	20	-0.00015876945362332736
20	2	-0.00015876945362332736
0	39	-2.001650349099528e-07
39	0	-2.001650349099528e-07
19	39	-0.0001819606537491929
39	19	-0.0001819606537491929
0	19	-4.4017483244440444e-05
19	0	-4.4017483244440444e-05
19	18	-4.3547145980843016e-05
18	19	-4.3547145980843016e-05
10	6	-0.00016656124926458087
6	10	-0.00016656124926458087
2	24	-0.00015876131483555443
24	2	-0.00015876131483555443
0	41	-2.0271479934956466e-07
41	0	-2.0271479934956466e-07
19	41	-0.00018427831651190746
41	19	-0.00018427831651190746
0	43	-1.970647528163928e-07
43	0	-1.970647528163928e-07
19	43	-0.00017914257915565814
43	19	-0.00017914257915565814
0	25	-0.00019714187897233406
25	0	-0.00019714187897233406
0	42	-0.00019714156856044185
42	0	-0.00019714156856044185
0	45	-1.9515100202541187e-07
45	0	-1.9515100202541187e-07
19	45	-0.00017740302632614804
45	19	-0.00017740302632614804
0	28	-0.00019666406464066965
28	0	-0.00019666406464066965
0	44	-0.00019666373798122758
44	0	-0.00019666373798122758
2	6	-0.0001198967838381351
6	2	-0.0001198967838381351
2	9	-0.00012018327672919385
9	2	-0.00012018327672919385
2	46	-0.0001204154627192917
46	2	-0.0001204154627192917
2	14	-0.0001204730469503817
14	2	-0.0001204730469503817
2	38	-0.00012060312572025171
38	2	-0.00012060312572025171
2	40	-0.00012097252687614771
40	2	-0.00012097252687614771
2	42	-0.00012013186262311517
42	2	-0.00012013186262311517
2	44	-0.00011984417474623914
44	2	-0.00011984417474623914
3	9	-0.00016320021105920902
9	3	-0.00016320021105920902
6	9	-0.00016613054045599128
9	6	-0.00016613054045599128
2	7	-0.00011989723002045128
7	2	-0.00011989723002045128
2	10	-0.0001201837244214248
10	2	-0.0001201837244214248
2	12	-0.00012041591158693442
12	2	-0.00012041591158693442
2	15	-0.00012047358054975005
15	2	-0.00012047358054975005
2	17	-0.00012060357564985573
17	2	-0.00012060357564985573
2	21	-0.00012097297878116406
21	2	-0.00012097297878116406
2	25	-0.00012013231006687564
25	2	-0.00012013231006687564
2	28	-0.0001198446310907254
28	2	-0.0001198446310907254
4	9	-0.00014567851007753335
9	4	-0.00014567851007753335
0	53	-0.00019674928084203582
53	0	-0.00019674928084203582
0	51	-0.00019688062847135547
51	0	-0.00019688062847135547
0	47	-1.2844405572401768e-08
47	0	-1.2844405572401768e-08
0	26	-0.0001971427584923309
26	0	-0.0001971427584923309
0	29	-0.00019666494168080848
29	0	-0.00019666494168080848
1	34	-0.00015172452371442643
34	1	-0.00015172452371442643
1	19	-4.4017150564001116e-05
19	1	-4.4017150564001116e-05
0	48	-9.417728401361786e-09
48	0	-9.417728401361786e-09
52	19	-4.401843459485984e-05
19	52	-4.401843459485984e-05
34	6	-0.00014922301932162414
6	34	-0.00014922301932162414
2	53	-0.00011989850281713275
53	2	-0.00011989850281713275
2	51	-0.00012018500151667932
51	2	-0.00012018500151667932
2	47	-0.00012041719202815982
47	2	-0.00012041719202815982
2	54	-0.00012047486203782693
54	2	-0.00012047486203782693
2	18	-0.00012060485911474942
18	2	-0.00012060485911474942
2	22	-0.00012097426786987899
22	2	-0.00012097426786987899
2	26	-0.00012013358645489227
26	2	-0.00012013358645489227
2	29	-0.000119845903108403
29	2	-0.000119845903108403
3	19	-4.403271185026555e-05
19	3	-4.403271185026555e-05
4	19	-4.403304457537885e-05
19	4	-4.403304457537885e-05
5	9	-0.00013258758405674119
9	5	-0.00013258758405674119
5	19	-4.4033996052898036e-05
19	5	-4.4033996052898036e-05
6	19	-4.329162214926291e-05
19	6	-4.329162214926291e-05
7	19	-4.329194820848209e-05
19	7	-4.329194820848209e-05
53	19	-4.329288065434285e-05
19	53	-4.329288065434285e-05
9	19	-4.3396191660861684e-05
19	9	-4.3396191660861684e-05
10	19	-4.3396518658776534e-05
19	10	-4.3396518658776534e-05
51	19	-4.3397453784741654e-05
19	51	-4.3397453784741654e-05
46	19	-4.348948284235963e-05
19	46	-4.348948284235963e-05
12	19	-4.348981057865992e-05
19	12	-4.348981057865992e-05
47	19	-4.349074781234348e-05
19	47	-4.349074781234348e-05
14	19	-4.349969582826682e-05
19	14	-4.349969582826682e-05
15	19	-4.3500054244460385e-05
19	15	-4.3500054244460385e-05
54	19	-4.350099210168595e-05
19	54	-4.350099210168595e-05
38	19	-4.354587851129236e-05
19	38	-4.354587851129236e-05
17	19	-4.3546206895801204e-05
19	17	-4.3546206895801204e-05
19	40	-4.367706025470473e-05
40	19	-4.367706025470473e-05
19	21	-4.367738986196004e-05
21	19	-4.367738986196004e-05
19	22	-4.367833243825046e-05
22	19	-4.367833243825046e-05
19	42	-4.337353891658083e-05
42	19	-4.337353891658083e-05
19	25	-4.33738657564228e-05
25	19	-4.33738657564228e-05
19	26	-4.3374800431278985e-05
26	19	-4.3374800431278985e-05
19	44	-4.327184592123297e-05
44	19	-4.327184592123297e-05
19	28	-4.3272175577772267e-05
28	19	-4.3272175577772267e-05
19	29	-4.327310753625631e-05
29	19	-4.327310753625631e-05
1	8	-0.00015166248014915264
8	1	-0.00015166248014915264
1	11	-0.00015829389058348513
11	1	-0.00015829389058348513
2	4	-0.00012192681389502921
4	2	-0.00012192681389502921
2	5	-0.000121928117268966
5	2	-0.000121928117268966
2	48	-0.00012192855669642171
48	2	-0.00012192855669642171
2	11	-0.00019054430388908077
11	2	-0.00019054430388908077
3	11	-0.0001807671137174453
11	3	-0.0001807671137174453
4	11	-0.00016135937341293965
11	4	-0.00016135937341293965
5	11	-0.00014685933755325154
11	5	-0.00014685933755325154
6	8	-0.00014916221676384704
8	6	-0.00014916221676384704
6	11	-0.00014853300913361588
11	6	-0.00014853300913361588
8	9	-1.9052239052289856e-07
9	8	-1.9052239052289856e-07
9	13	-0.0001718603621191177
13	9	-0.0001718603621191177
10	11	-0.00017794900244556526
11	10	-0.00017794900244556526
1	31	-1.5726372248016973e-09
31	1	-1.5726372248016973e-09
0	33	-2.3434516617161092e-08
33	0	-2.3434516617161092e-08
34	2	-0.00015873211558844124
2	34	-0.00015873211558844124
31	6	-6.085422304667453e-09
6	31	-6.085422304667453e-09
31	10	-1.367472296781929e-10
10	31	-1.367472296781929e-10
31	8	-0.0001975360143709808
8	31	-0.0001975360143709808
31	20	-0.00019756909165614107
20	31	-0.00019756909165614107
31	24	-0.0001975600636249915
24	31	-0.0001975600636249915
2	49	-0.00015875291332367172
49	2	-0.00015875291332367172
2	35	-0.00015873601856905006
35	2	-0.00015873601856905006
2	36	-0.00015875266703973162
36	2	-0.00015875266703973162
2	33	-0.0001587927773606635
33	2	-0.0001587927773606635
2	37	-0.0001587315847098413
37	2	-0.0001587315847098413
2	23	-0.00015872055419963147
23	2	-0.00015872055419963147
2	27	-0.00015872099350302542
27	2	-0.00015872099350302542
2	30	-0.00015872901951782603
30	2	-0.00015872901951782603
6	20	-0.000149187677167095
20	6	-0.000149187677167095
