2	5	-0.00015872108502487192
5	2	-0.00015872108502487192
1	5	-1.676581701387706e-05
5	1	-1.676581701387706e-05
5	0	-1.676581701387706e-05
0	5	-1.676581701387706e-05
1	0	-1.3116832098458593e-05
0	1	-1.3116832098458593e-05
2	29	-0.00015877656509072282
29	2	-0.00015877656509072282
0	2	-0.00012082377861460774
2	0	-0.00012082377861460774
2	52	-0.00019503747514655438
52	2	-0.00019503747514655438
0	3	-0.0001660858649899482
3	0	-0.0001660858649899482
2	6	-0.00015876131483555443
6	2	-0.00015876131483555443
0	20	-1.8062497770455315e-07
20	0	-1.8062497770455315e-07
5	20	-0.00016845579204157282
20	5	-0.00016845579204157282
5	4	-0.0001691190919532578
4	5	-0.0001691190919532578
1	6	-1.807017848933998e-05
6	1	-1.807017848933998e-05
6	0	-1.807017848933998e-05
0	6	-1.807017848933998e-05
0	9	-1.9491944128592885e-08
9	0	-1.9491944128592885e-08
5	9	-0.00017953689907851302
9	5	-0.00017953689907851302
0	8	-1.6179041902620065e-05
8	0	-1.6179041902620065e-05
0	7	-1.7390401869762912e-05
7	0	-1.7390401869762912e-05
1	8	-1.6179041902620065e-05
8	1	-1.6179041902620065e-05
5	12	-0.00016972691667497462
12	5	-0.00016972691667497462
1	7	-1.7390401869762912e-05
7	1	-1.7390401869762912e-05
5	15	-0.0001792650204892863
15	5	-0.0001792650204892863
2	9	-0.00015879810521195545
9	2	-0.00015879810521195545
5	17	-0.00017762741892292667
17	5	-0.00017762741892292667
1	4	-1.9586557103830053e-05
4	1	-1.9586557103830053e-05
4	0	-1.9586557103830053e-05
0	4	-1.9586557103830053e-05
2	34	-0.0001587933788794589
34	2	-0.0001587933788794589
5	43	-0.0001787792116151451
43	5	-0.0001787792116151451
5	28	-0.0001723994300323299
28	5	-0.0001723994300323299
0	27	-0.00019607917345443288
27	0	-0.00019607917345443288
0	46	-0.00019607886635741463
46	0	-0.00019607886635741463
1	2	-0.0001714525578700215
2	1	-0.0001714525578700215
36	2	-0.00019090835576414606
2	36	-0.00019090835576414606
7	2	-0.00012021376018160726
2	7	-0.00012021376018160726
10	2	-0.00018252283220209842
2	10	-0.00018252283220209842
13	2	-0.0001674733809211643
2	13	-0.0001674733809211643
45	2	-0.00011989288393709982
2	45	-0.00011989288393709982
18	2	-0.00019092102779120026
2	18	-0.00019092102779120026
42	2	-0.0001938321090285074
2	42	-0.0001938321090285074
2	46	-0.0001189868025409546
46	2	-0.0001189868025409546
3	2	-0.00011826108327327735
2	3	-0.00011826108327327735
8	2	-0.00012021420802213874
2	8	-0.00012021420802213874
11	2	-0.00019000896950594772
2	11	-0.00019000896950594772
14	2	-0.00019397163439115354
2	14	-0.00019397163439115354
16	2	-0.00011989333004396929
2	16	-0.00011989333004396929
19	2	-0.0001909213317615289
2	19	-0.0001909213317615289
21	2	-0.00019383241841723194
2	21	-0.00019383241841723194
2	27	-0.00011898724386654771
27	2	-0.00011898724386654771
0	49	-0.0001971952881205313
49	0	-0.0001971952881205313
0	48	-0.00019608004362802744
48	0	-0.00019608004362802744
3	5	-0.00015979296798674416
5	3	-0.00015979296798674416
4	2	-0.00011826233157913055
2	4	-0.00011826233157913055
5	7	-0.00019047637752695184
7	5	-0.00019047637752695184
5	8	-0.00019065758922589618
8	5	-0.00019065758922589618
5	10	-0.00016452762339344085
10	5	-0.00016452762339344085
5	11	-0.00017127569082226276
11	5	-0.00017127569082226276
5	13	-0.0001509619208303453
13	5	-0.0001509619208303453
5	45	-4.329962591317688e-05
45	5	-4.329962591317688e-05
5	16	-4.329995193427828e-05
16	5	-4.329995193427828e-05
5	47	-4.330088427079989e-05
47	5	-4.330088427079989e-05
5	18	-4.271391394899172e-05
18	5	-4.271391394899172e-05
5	19	-4.2714234698115236e-05
19	5	-4.2714234698115236e-05
5	49	-4.2715151981973664e-05
49	5	-4.2715151981973664e-05
5	46	-4.29723922675123e-05
46	5	-4.29723922675123e-05
5	27	-4.2972715315558286e-05
27	5	-4.2972715315558286e-05
5	48	-4.297363916330231e-05
48	5	-4.297363916330231e-05
50	2	-0.00019404756546114474
2	50	-0.00019404756546114474
55	2	-0.00019128808892812576
2	55	-0.00019128808892812576
51	2	-0.0001939725118465635
2	51	-0.0001939725118465635
47	2	-0.00011989460262554526
2	47	-0.00011989460262554526
49	2	-0.00019092219329745256
2	49	-0.00019092219329745256
22	2	-0.00019383329518265387
2	22	-0.00019383329518265387
2	48	-0.0001189885028360074
48	2	-0.0001189885028360074
3	9	-0.00014713419276519095
9	3	-0.00014713419276519095
4	9	-0.0001471355678528898
9	4	-0.0001471355678528898
0	33	-1.9489821163407565e-08
33	0	-1.9489821163407565e-08
2	40	-0.00015874080046808167
40	2	-0.00015874080046808167
2	33	-0.00015878081388116046
33	2	-0.00015878081388116046
2	41	-0.0001587524738927071
41	2	-0.0001587524738927071
2	44	-0.00015874015976158681
44	2	-0.00015874015976158681
