2	5	-0.00018328449729946935
5	2	-0.00018328449729946935
1	5	-1.676581701387706e-05
5	1	-1.676581701387706e-05
5	0	-1.676581701387706e-05
0	5	-1.676581701387706e-05
1	0	-0.00013171485565535503
0	1	-0.00013171485565535503
0	2	-0.00018761649263564534
2	0	-0.00018761649263564534
0	3	-0.00019459245250839097
3	0	-0.00019459245250839097
2	6	-0.00015876131483555443
6	2	-0.00015876131483555443
5	20	-0.00016845579204157282
20	5	-0.00016845579204157282
1	6	-0.00017647558202636977
6	1	-0.00017647558202636977
5	9	-0.0001974829225186513
9	5	-0.0001974829225186513
2	9	-0.00015879810521195545
9	2	-0.00015879810521195545
1	4	-0.00016281295632110244
4	1	-0.00016281295632110244
4	0	-0.00019639907527634659
0	4	-0.00019639907527634659
2	33	-0.00015878081388116046
33	2	-0.00015878081388116046
