0	1	-0.00013171485565535503
1	0	-0.00013171485565535503
10	3	-0.00015876131483555443
3	10	-0.00015876131483555443
0	2	-0.0001525060988745376
2	0	-0.0001525060988745376
2	1	-0.0001647239114992729
1	2	-0.0001647239114992729
10	7	-0.00015876538418296818
7	10	-0.00015876538418296818
0	6	-1.6179041902620065e-05
6	0	-1.6179041902620065e-05
0	4	-1.807017848933998e-05
4	0	-1.807017848933998e-05
0	3	-0.00014964862070245723
3	0	-0.00014964862070245723
2	10	-0.00015872055419963147
10	2	-0.00015872055419963147
2	24	-0.00018374531366461189
24	2	-0.00018374531366461189
2	4	-0.00019504781642882784
4	2	-0.00019504781642882784
10	32	-0.00015878499234151728
32	10	-0.00015878499234151728
0	5	-0.00019582674687010736
5	0	-0.00019582674687010736
5	2	-0.0001955553376313204
2	5	-0.0001955553376313204
1	4	-1.807017848933998e-05
4	1	-1.807017848933998e-05
1	6	-0.0001714155415823226
6	1	-0.0001714155415823226
10	6	-0.0001587245122318825
6	10	-0.0001587245122318825
