1	6	-1.6179041902620065e-05
6	1	-1.6179041902620065e-05
6	0	-0.00016320021105920902
0	6	-0.00016320021105920902
0	2	-4.390495188511839e-05
2	0	-4.390495188511839e-05
1	0	-1.3116832098458593e-05
0	1	-1.3116832098458593e-05
0	3	-0.00019614552053383929
3	0	-0.00019614552053383929
16	6	-0.00015876131483555443
6	16	-0.00015876131483555443
0	5	-4.424787842564915e-05
5	0	-4.424787842564915e-05
0	7	-0.00019311283883662956
7	0	-0.00019311283883662956
1	2	-1.9586557103830053e-05
2	1	-1.9586557103830053e-05
5	16	-0.00016972691667497462
16	5	-0.00016972691667497462
0	4	-0.00019374479310268325
4	0	-0.00019374479310268325
16	20	-0.00015876538418296818
20	16	-0.00015876538418296818
1	7	-1.7390401869762912e-05
7	1	-1.7390401869762912e-05
1	5	-1.807017848933998e-05
5	1	-1.807017848933998e-05
