1	9	-1.6179041902620065e-05
9	1	-1.6179041902620065e-05
9	0	-1.6179041902620065e-05
0	9	-1.6179041902620065e-05
1	0	-1.3116832098458593e-05
0	1	-1.3116832098458593e-05
2	31	-0.00015877233106149463
31	2	-0.00015877233106149463
0	2	-0.00012190660231008067
2	0	-0.00012190660231008067
19	2	-0.0001901935355023199
2	19	-0.0001901935355023199
1	3	-1.9586557103830053e-05
3	1	-1.9586557103830053e-05
3	0	-1.9586557103830053e-05
0	3	-1.9586557103830053e-05
0	8	-4.8942429689896186e-05
8	0	-4.8942429689896186e-05
0	7	-0.00019580764019938552
7	0	-0.00019580764019938552
0	6	-0.000195807330763135
6	0	-0.000195807330763135
1	7	-1.676581701387706e-05
7	1	-1.676581701387706e-05
0	10	-0.00019710346789510673
10	0	-0.00019710346789510673
2	20	-0.00015876945362332736
20	2	-0.00015876945362332736
2	24	-0.00015876131483555443
24	2	-0.00015876131483555443
2	9	-0.00018495128813990987
9	2	-0.00018495128813990987
34	2	-0.00015873211558844124
2	34	-0.00015873211558844124
