0	7	-1.6179041902620065e-05
7	0	-1.6179041902620065e-05
0	1	-0.00013171485565535503
1	0	-0.00013171485565535503
1	2	-0.00012156020447763215
2	1	-0.00012156020447763215
5	2	-0.00015872473189110881
2	5	-0.00015872473189110881
1	6	-1.676581701387706e-05
6	1	-1.676581701387706e-05
2	6	-0.00015876538418296818
6	2	-0.00015876538418296818
0	5	-1.7390401869762912e-05
5	0	-1.7390401869762912e-05
5	4	-0.00017765630457824185
4	5	-0.00017765630457824185
4	3	-0.00018439192225336933
3	4	-0.00018439192225336933
0	6	-1.676581701387706e-05
6	0	-1.676581701387706e-05
2	33	-0.00015877656509072282
33	2	-0.00015877656509072282
5	9	-0.00017666408378939932
9	5	-0.00017666408378939932
2	34	-0.00015878075811202785
34	2	-0.00015878075811202785
2	19	-0.00015876131483555443
19	2	-0.00015876131483555443
1	7	-1.6179041902620065e-05
7	1	-1.6179041902620065e-05
7	2	-0.00018495128813990987
2	7	-0.00018495128813990987
0	2	-0.00012156065949475625
2	0	-0.00012156065949475625
3	2	-0.00011882470562429623
2	3	-0.00011882470562429623
8	2	-0.00019438114103528437
2	8	-0.00019438114103528437
10	2	-0.00019457634503123263
2	10	-0.00019457634503123263
0	4	-0.00019075469684489376
4	0	-0.00019075469684489376
1	5	-1.7390401869762912e-05
5	1	-1.7390401869762912e-05
3	5	-0.0001535169253472956
5	3	-0.0001535169253472956
4	2	-0.00011882596234345722
2	4	-0.00011882596234345722
5	8	-0.00018967493414324794
8	5	-0.00018967493414324794
5	11	-0.00018472792027631973
11	5	-0.00018472792027631973
11	2	-0.0001943791429715748
2	11	-0.0001943791429715748
4	9	-0.00016488913963905974
9	4	-0.00016488913963905974
