1	6	-1.6179041902620065e-05
6	1	-1.6179041902620065e-05
6	0	-1.6179041902620065e-05
0	6	-1.6179041902620065e-05
0	2	-1.9586557103830053e-05
2	0	-1.9586557103830053e-05
1	0	-1.3116832098458593e-05
0	1	-1.3116832098458593e-05
0	3	-0.00018439192225336933
3	0	-0.00018439192225336933
16	6	-0.00015876131483555443
6	16	-0.00015876131483555443
5	37	-0.0001729434269101961
37	5	-0.0001729434269101961
0	5	-1.807017848933998e-05
5	0	-1.807017848933998e-05
5	39	-0.00017699225898133283
39	5	-0.00017699225898133283
0	7	-1.7390401869762912e-05
7	0	-1.7390401869762912e-05
5	41	-0.00018280120033786748
41	5	-0.00018280120033786748
1	2	-1.9586557103830053e-05
2	1	-1.9586557103830053e-05
0	16	-0.00012253758605310837
16	0	-0.00012253758605310837
5	16	-0.00015872088367694894
16	5	-0.00015872088367694894
0	4	-0.00018593418104014914
4	0	-0.00018593418104014914
16	20	-0.00015876538418296818
20	16	-0.00015876538418296818
5	44	-0.0001723994300323299
44	5	-0.0001723994300323299
1	7	-1.7390401869762912e-05
7	1	-1.7390401869762912e-05
5	23	-0.00017793137499588
23	5	-0.00017793137499588
1	5	-1.807017848933998e-05
5	1	-1.807017848933998e-05
5	26	-0.00017526789848854078
26	5	-0.00017526789848854078
5	48	-0.00018709129693770662
48	5	-0.00018709129693770662
5	31	-0.0001748383744985434
31	5	-0.0001748383744985434
2	5	-0.0001822763647617655
5	2	-0.0001822763647617655
3	5	-0.00019098210286820096
5	3	-0.00019098210286820096
4	16	-0.00011906898525786654
16	4	-0.00011906898525786654
5	14	-0.0001480854876201098
14	5	-0.0001480854876201098
5	15	-0.00016270658639779153
15	5	-0.00016270658639779153
5	50	-0.00014862919465477578
50	5	-0.00014862919465477578
5	30	-0.00014862949052518533
30	5	-0.00014862949052518533
5	51	-0.00014863033094908294
51	5	-0.00014863033094908294
