0	6	-1.8790418437020857e-05
6	0	-1.8790418437020857e-05
0	1	-3.9514456696606546e-05
1	0	-3.9514456696606546e-05
1	2	-0.0001908526090447948
2	1	-0.0001908526090447948
8	2	-0.00017526789848854078
2	8	-0.00017526789848854078
2	47	-0.00019526377467665523
47	2	-0.00019526377467665523
0	9	-1.6179041902620065e-05
9	0	-1.6179041902620065e-05
2	32	-0.00015877233106149463
32	2	-0.00015877233106149463
0	4	-0.0001779577066029481
4	0	-0.0001779577066029481
3	2	-0.00011972025434740571
2	3	-0.00011972025434740571
2	9	-0.00015876538418296818
9	2	-0.00015876538418296818
0	8	-1.7390401869762912e-05
8	0	-1.7390401869762912e-05
0	7	-1.807017848933998e-05
7	0	-1.807017848933998e-05
10	2	-0.00018406365961234837
2	10	-0.00018406365961234837
8	15	-0.0001748383744985434
15	8	-0.0001748383744985434
1	4	-0.00019718310022766398
4	1	-0.00019718310022766398
2	19	-0.00015876945362332736
19	2	-0.00015876945362332736
41	2	-0.0001972686699512041
2	41	-0.0001972686699512041
8	22	-0.0001787792116151451
22	8	-0.0001787792116151451
0	2	-0.00011949211435662497
2	0	-0.00011949211435662497
2	27	-0.00019658443338905799
27	2	-0.00019658443338905799
46	2	-0.00019756776591269023
2	46	-0.00019756776591269023
2	13	-0.0001964624360681489
13	2	-0.0001964624360681489
2	44	-0.00019645899270486888
44	2	-0.00019645899270486888
2	45	-0.00019658325051955411
45	2	-0.00019658325051955411
1	6	-1.8790418437020857e-05
6	1	-1.8790418437020857e-05
2	14	-0.00019646274440838607
14	2	-0.00019646274440838607
2	23	-0.00019645943743892507
23	2	-0.00019645943743892507
2	26	-0.00019658355908279046
26	2	-0.00019658355908279046
4	2	-0.00011972069959638134
2	4	-0.00011972069959638134
2	16	-0.00019726897976947989
16	2	-0.00019726897976947989
2	29	-0.0001975680762790168
29	2	-0.0001975680762790168
6	2	-0.00012026462146478386
2	6	-0.00012026462146478386
1	7	-1.807017848933998e-05
7	1	-1.807017848933998e-05
1	8	-1.7390401869762912e-05
8	1	-1.7390401869762912e-05
2	51	-0.00019646361808803704
51	2	-0.00019646361808803704
2	24	-0.00019646031111453626
24	2	-0.00019646031111453626
50	2	-0.00019698054546467113
2	50	-0.00019698054546467113
2	17	-0.0001972698576019843
17	2	-0.0001972698576019843
2	30	-0.00019756895565130323
30	2	-0.00019756895565130323
7	2	-0.00018253960973975837
2	7	-0.00018253960973975837
1	9	-1.6179041902620065e-05
9	1	-1.6179041902620065e-05
2	18	-0.0001587292208806678
18	2	-0.0001587292208806678
