2	5	-0.00018328449729946935
5	2	-0.00018328449729946935
1	5	-1.676581701387706e-05
5	1	-1.676581701387706e-05
5	0	-1.676581701387706e-05
0	5	-1.676581701387706e-05
1	0	-0.00013171485565535503
0	1	-0.00013171485565535503
2	29	-0.00015877656509072282
29	2	-0.00015877656509072282
0	2	-0.00015998724361731504
2	0	-0.00015998724361731504
0	3	-0.00019437775876391108
3	0	-0.00019437775876391108
2	6	-0.00015876131483555443
6	2	-0.00015876131483555443
5	20	-0.00016845579204157282
20	5	-0.00016845579204157282
1	6	-0.00015034612856596935
6	1	-0.00015034612856596935
0	9	-0.00015032157615507759
9	0	-0.00015032157615507759
5	9	-0.00017953689907851302
9	5	-0.00017953689907851302
0	8	-0.00019656980834701208
8	0	-0.00019656980834701208
1	8	-0.00019710346789510673
8	1	-0.00019710346789510673
1	7	-0.0001833738685344214
7	1	-0.0001833738685344214
2	9	-0.00015879810521195545
9	2	-0.00015879810521195545
1	4	-1.9586557103830053e-05
4	1	-1.9586557103830053e-05
4	0	-0.00019459331657135516
0	4	-0.00019459331657135516
2	33	-0.00015878081388116046
33	2	-0.00015878081388116046
