0	6	-1.8790418437020857e-05
6	0	-1.8790418437020857e-05
0	1	-3.9514456696606546e-05
1	0	-3.9514456696606546e-05
2	31	-0.00015878914445067096
31	2	-0.00015878914445067096
1	2	-0.0001908526090447948
2	1	-0.0001908526090447948
8	2	-0.00015872537256732502
2	8	-0.00015872537256732502
2	47	-0.00011949338098468915
47	2	-0.00011949338098468915
0	9	-1.6179041902620065e-05
9	0	-1.6179041902620065e-05
2	32	-0.00015877233106149463
32	2	-0.00015877233106149463
8	5	-0.00017765630457824185
5	8	-0.00017765630457824185
0	4	-0.0001706111559896801
4	0	-0.0001706111559896801
3	2	-0.00011972025434740571
2	3	-0.00011972025434740571
2	9	-0.00015876538418296818
9	2	-0.00015876538418296818
0	8	-1.7390401869762912e-05
8	0	-1.7390401869762912e-05
37	2	-0.0001965415247307115
2	37	-0.0001965415247307115
0	7	-1.807017848933998e-05
7	0	-1.807017848933998e-05
2	33	-0.00015878499234151728
33	2	-0.00015878499234151728
10	2	-0.00018406365961234837
2	10	-0.00018406365961234837
8	15	-0.0001748383744985434
15	8	-0.0001748383744985434
1	4	-0.00016472007172564813
4	1	-0.00016472007172564813
2	19	-0.00015876945362332736
19	2	-0.00015876945362332736
41	2	-0.00019593495691065096
2	41	-0.00019593495691065096
2	34	-0.00015878075811202785
34	2	-0.00015878075811202785
8	22	-0.0001787792116151451
22	8	-0.0001787792116151451
20	2	-0.0001962365670437327
2	20	-0.0001962365670437327
0	2	-0.00011949211435662497
2	0	-0.00011949211435662497
2	27	-0.00019525535312871675
27	2	-0.00019525535312871675
46	2	-0.00019623203071532776
2	46	-0.00019623203071532776
2	13	-0.00019513418212186836
13	2	-0.00019513418212186836
2	44	-0.0001951307423319749
44	2	-0.0001951307423319749
2	45	-0.00019525417152876904
45	2	-0.00019525417152876904
1	6	-1.8790418437020857e-05
6	1	-1.8790418437020857e-05
2	14	-0.00019513449011629295
14	2	-0.00019513449011629295
2	23	-0.00019513118579805744
23	2	-0.00019513118579805744
2	26	-0.00019525447974576307
26	2	-0.00019525447974576307
3	6	-0.00019667335691597957
6	3	-0.00019667335691597957
4	2	-0.00011972069959638134
2	4	-0.00011972069959638134
2	16	-0.0001959352663802657
16	2	-0.0001959352663802657
2	21	-0.00019623687706117618
21	2	-0.00019623687706117618
2	29	-0.00019623234073193522
29	2	-0.00019623234073193522
6	2	-4.8952524462694914e-05
2	6	-4.8952524462694914e-05
1	7	-1.807017848933998e-05
7	1	-1.807017848933998e-05
1	8	-1.7390401869762912e-05
8	1	-1.7390401869762912e-05
2	51	-0.000195135362873776
51	2	-0.000195135362873776
2	24	-0.00019513205855150443
24	2	-0.00019513205855150443
3	8	-0.0001584006578695907
8	3	-0.0001584006578695907
4	8	-0.00016360532601731372
8	4	-0.00016360532601731372
50	2	-0.00019564879539731673
2	50	-0.00019564879539731673
2	17	-0.0001959361432830065
17	2	-0.0001959361432830065
2	49	-0.00019623775550304797
49	2	-0.00019623775550304797
2	30	-0.0001962332191716365
30	2	-0.0001962332191716365
7	2	-0.00012026589983009965
2	7	-0.00012026589983009965
8	10	-0.00019172737663053965
10	8	-0.00019172737663053965
2	11	-0.00015711568686518858
11	2	-0.00015711568686518858
6	15	-4.90729316756682e-05
15	6	-4.90729316756682e-05
6	22	-4.798990556976034e-05
22	6	-4.798990556976034e-05
1	9	-1.6179041902620065e-05
9	1	-1.6179041902620065e-05
35	2	-0.000158748703215124
2	35	-0.000158748703215124
2	39	-0.00015874433291044747
39	2	-0.00015874433291044747
2	18	-0.0001587292208806678
18	2	-0.0001587292208806678
2	43	-0.00015874031991323895
43	2	-0.00015874031991323895
