0	6	-1.9586557103830053e-05
6	0	-1.9586557103830053e-05
0	1	-0.00017433692237649805
1	0	-0.00017433692237649805
2	31	-0.0001587933788794589
31	2	-0.0001587933788794589
8	2	-0.0001845812378614781
2	8	-0.0001845812378614781
0	9	-1.6179041902620065e-05
9	0	-1.6179041902620065e-05
2	32	-0.00015877233106149463
32	2	-0.00015877233106149463
8	5	-0.00016845579204157282
5	8	-0.00016845579204157282
0	4	-0.0001975641318542512
4	0	-0.0001975641318542512
0	3	-0.00019374212280987328
3	0	-0.00019374212280987328
2	9	-0.00015876945362332736
9	2	-0.00015876945362332736
8	19	-0.00017526789848854078
19	8	-0.00017526789848854078
0	8	-1.676581701387706e-05
8	0	-1.676581701387706e-05
0	10	-0.0001966338106971859
10	0	-0.0001966338106971859
2	33	-0.00015877656509072282
33	2	-0.00015877656509072282
0	7	-1.8790418437020857e-05
7	0	-1.8790418437020857e-05
0	2	-0.00012104352224611618
2	0	-0.00012104352224611618
1	6	-1.9586557103830053e-05
6	1	-1.9586557103830053e-05
1	7	-0.00019502623683099424
7	1	-0.00019502623683099424
1	8	-1.676581701387706e-05
8	1	-1.676581701387706e-05
3	8	-0.00017029380026732012
8	3	-0.00017029380026732012
0	5	-0.0001807671137174453
5	0	-0.0001807671137174453
2	3	-0.00017750686073301334
3	2	-0.00017750686073301334
2	6	-0.00011947885719275972
6	2	-0.00011947885719275972
5	6	-1.853078474968934e-07
6	5	-1.853078474968934e-07
6	19	-1.8792981356016449e-07
19	6	-1.8792981356016449e-07
1	9	-1.6179041902620065e-05
9	1	-1.6179041902620065e-05
