1	6	-1.6179041902620065e-05
6	1	-1.6179041902620065e-05
6	0	-1.6179041902620065e-05
0	6	-1.6179041902620065e-05
16	57	-0.00015877233106149463
57	16	-0.00015877233106149463
5	55	-4.424914895009039e-05
55	5	-4.424914895009039e-05
0	2	-1.9586557103830053e-05
2	0	-1.9586557103830053e-05
1	0	-1.3116832098458593e-05
0	1	-1.3116832098458593e-05
0	3	-0.00011529487701907426
3	0	-0.00011529487701907426
10	3	-0.00016656124926458087
3	10	-0.00016656124926458087
3	4	-0.00019098210286820096
4	3	-0.00019098210286820096
4	6	-0.0001714155415823226
6	4	-0.0001714155415823226
16	6	-0.00015876131483555443
6	16	-0.00015876131483555443
0	37	-1.8543720416221146e-07
37	0	-1.8543720416221146e-07
5	37	-6.547811047510153e-05
37	5	-6.547811047510153e-05
0	5	-1.807017848933998e-05
5	0	-1.807017848933998e-05
37	4	-2.038435636864606e-07
4	37	-2.038435636864606e-07
5	4	-4.2990421126352215e-05
4	5	-4.2990421126352215e-05
0	36	-0.0001948400375902923
36	0	-0.0001948400375902923
0	39	-1.897789072251073e-07
39	0	-1.897789072251073e-07
5	39	-6.397855297193403e-05
39	5	-6.397855297193403e-05
0	9	-0.00016840751092119638
9	0	-0.00016840751092119638
6	9	-0.00019752204713557943
9	6	-0.00019752204713557943
0	7	-1.7390401869762912e-05
7	0	-1.7390401869762912e-05
0	38	-0.00019598835604615515
38	0	-0.00019598835604615515
16	13	-0.00015876945362332736
13	16	-0.00015876945362332736
0	41	-1.960080665166495e-07
41	0	-1.960080665166495e-07
5	41	-6.194312673115798e-05
41	5	-6.194312673115798e-05
0	10	-0.00016281295632110244
10	0	-0.00016281295632110244
1	2	-1.9586557103830053e-05
2	1	-1.9586557103830053e-05
0	32	-1.3246188597477836e-08
32	0	-1.3246188597477836e-08
16	32	-0.0001587933788794589
32	16	-0.0001587933788794589
0	16	-1.8198804091286124e-07
16	0	-1.8198804091286124e-07
5	16	-6.67203972105023e-05
16	5	-6.67203972105023e-05
16	52	-0.00011851546033450161
52	16	-0.00011851546033450161
0	15	-0.00019107592346203538
15	0	-0.00019107592346203538
0	14	-0.0001910759591722982
14	0	-0.0001910759591722982
0	4	-2.955935241961334e-09
4	0	-2.955935241961334e-09
9	4	-0.0001656382029586221
4	9	-0.0001656382029586221
16	20	-0.00015876538418296818
20	16	-0.00015876538418296818
0	44	-1.8485385875026916e-07
44	0	-1.8485385875026916e-07
5	44	-6.568495699266297e-05
44	5	-6.568495699266297e-05
0	17	-0.0001946848739916817
17	0	-0.0001946848739916817
43	0	-0.00019468444937245915
0	43	-0.00019468444937245915
1	7	-1.7390401869762912e-05
7	1	-1.7390401869762912e-05
16	33	-0.00015878075811202785
33	16	-0.00015878075811202785
0	23	-2.1955031916622154e-08
23	0	-2.1955031916622154e-08
5	23	-1.690075368234953e-07
23	5	-1.690075368234953e-07
0	22	-0.00019625801022036228
22	0	-0.00019625801022036228
0	21	-0.00019625770056559227
21	0	-0.00019625770056559227
13	5	-0.000197513159073382
5	13	-0.000197513159073382
1	5	-1.807017848933998e-05
5	1	-1.807017848933998e-05
0	34	-0.00015246168411071553
34	0	-0.00015246168411071553
16	34	-0.00015878499234151728
34	16	-0.00015878499234151728
0	26	-1.8792981356016449e-07
26	0	-1.8792981356016449e-07
5	26	-6.460873077940233e-05
26	5	-6.460873077940233e-05
0	46	-0.00015250060987983868
46	0	-0.00015250060987983868
0	25	-0.0001944138382546597
25	0	-0.0001944138382546597
0	24	-0.00019441353025698459
24	0	-0.00019441353025698459
0	48	-2.0060853074559504e-07
48	0	-2.0060853074559504e-07
5	48	-6.052103983381874e-05
48	5	-6.052103983381874e-05
16	23	-0.00015880939718482064
23	16	-0.00015880939718482064
0	31	-1.8746922004935076e-07
31	0	-1.8746922004935076e-07
5	31	-6.476763666323946e-05
31	5	-6.476763666323946e-05
0	49	-2.0991191313176695e-08
49	0	-2.0991191313176695e-08
0	30	-1.0887149087525838e-08
30	0	-1.0887149087525838e-08
0	50	-1.0629969570053786e-08
50	0	-1.0629969570053786e-08
1	3	-0.00018439192225336933
3	1	-0.00018439192225336933
3	14	-0.00010656966521102848
14	3	-0.00010656966521102848
3	15	-0.00011856798202173896
15	3	-0.00011856798202173896
10	14	-0.00013227296945050485
14	10	-0.00013227296945050485
10	15	-0.00014533283225701038
15	10	-0.00014533283225701038
0	8	-0.0001931144357028304
8	0	-0.0001931144357028304
0	11	-0.00019468340012108147
11	0	-0.00019468340012108147
0	52	-0.0001910767867969684
52	0	-0.0001910767867969684
0	18	-0.00019468574331231277
18	0	-0.00019468574331231277
0	54	-0.00019625888763366708
54	0	-0.00019625888763366708
0	53	-0.00019265482718217118
53	0	-0.00019265482718217118
0	51	-1.1624397174500895e-08
51	0	-1.1624397174500895e-08
1	4	-2.6920117332870252e-09
4	1	-2.6920117332870252e-09
1	16	-0.00012253712582865932
16	1	-0.00012253712582865932
1	23	-0.0001524431917783377
23	1	-0.0001524431917783377
0	42	-1.2262884817880095e-08
42	0	-1.2262884817880095e-08
0	35	-2.1953828584126484e-08
35	0	-2.1953828584126484e-08
2	3	-0.00013462726759915143
3	2	-0.00013462726759915143
2	4	-3.7125165500356362e-09
4	2	-3.7125165500356362e-09
2	5	-4.424883571507926e-05
5	2	-4.424883571507926e-05
2	16	-0.00012253889882547398
16	2	-0.00012253889882547398
2	23	-0.00015244514883839264
23	2	-0.00015244514883839264
55	4	-3.958845720029229e-09
4	55	-3.958845720029229e-09
55	16	-0.00012253933055551432
16	55	-0.00012253933055551432
56	4	-5.1285121460091645e-09
4	56	-5.1285121460091645e-09
56	16	-0.00015873189591410713
16	56	-0.00015873189591410713
57	4	-6.087319028445061e-09
4	57	-6.087319028445061e-09
6	3	-0.00016613054045599128
3	6	-0.00016613054045599128
6	14	-0.00014746455397932174
14	6	-0.00014746455397932174
6	15	-0.00014746484731875217
15	6	-0.00014746484731875217
6	23	-6.365727000909434e-05
23	6	-6.365727000909434e-05
36	5	-4.298917308548791e-05
5	36	-4.298917308548791e-05
36	16	-0.00011906728305752613
16	36	-0.00011906728305752613
3	5	-4.2989496430379624e-05
5	3	-4.2989496430379624e-05
3	9	-0.00016053132594432638
9	3	-0.00016053132594432638
3	12	-0.00013653469232290542
12	3	-0.00013653469232290542
3	13	-0.0001305662988324494
13	3	-0.0001305662988324494
3	16	-0.00011906772487828018
16	3	-0.00011906772487828018
3	20	-2.2335571512034128e-09
20	3	-2.2335571512034128e-09
3	23	-2.0972322905882627e-07
23	3	-2.0972322905882627e-07
4	39	-2.0861622097930312e-07
39	4	-2.0861622097930312e-07
4	10	-0.00017185995224568417
10	4	-0.00017185995224568417
4	12	-3.5329725883796866e-09
12	4	-3.5329725883796866e-09
4	41	-2.1546368200793176e-07
41	4	-2.1546368200793176e-07
4	13	-4.49139269139954e-09
13	4	-4.49139269139954e-09
4	14	-7.4189255578610195e-09
14	4	-7.4189255578610195e-09
4	15	-7.674165805275582e-09
15	4	-7.674165805275582e-09
4	52	-8.405854811151529e-09
52	4	-8.405854811151529e-09
4	42	-1.677599112631924e-08
42	4	-1.677599112631924e-08
4	16	-2.000520390479156e-07
16	4	-2.000520390479156e-07
4	32	-1.776038023654946e-08
32	4	-1.776038023654946e-08
4	44	-2.0320231584103662e-07
44	4	-2.0320231584103662e-07
4	20	-2.234296871863733e-09
20	4	-2.234296871863733e-09
4	21	-2.2388777726904933e-09
21	4	-2.2388777726904933e-09
4	22	-2.4972104764219876e-09
22	4	-2.4972104764219876e-09
4	54	-3.2377648065971236e-09
54	4	-3.2377648065971236e-09
4	45	-9.801176898947816e-09
45	4	-9.801176898947816e-09
4	23	-2.806505118313798e-08
23	4	-2.806505118313798e-08
4	33	-1.0761103301221236e-08
33	4	-1.0761103301221236e-08
4	24	-3.98035298320115e-09
24	4	-3.98035298320115e-09
4	25	-4.237704495573457e-09
25	4	-4.237704495573457e-09
4	53	-4.975445981612601e-09
53	4	-4.975445981612601e-09
4	46	-1.2148841801305509e-08
46	4	-1.2148841801305509e-08
4	26	-2.0658358764687708e-07
26	4	-2.0658358764687708e-07
4	34	-1.3109394911445366e-08
34	4	-1.3109394911445366e-08
4	48	-2.2052078490849117e-07
48	4	-2.2052078490849117e-07
4	50	-1.522485964227058e-08
50	4	-1.522485964227058e-08
4	30	-1.548204035596194e-08
30	4	-1.548204035596194e-08
4	51	-1.6219291632858183e-08
51	4	-1.6219291632858183e-08
4	49	-2.709937727618577e-08
49	4	-2.709937727618577e-08
4	31	-2.0607727596536037e-07
31	4	-2.0607727596536037e-07
4	35	-2.8063512966832505e-08
35	4	-2.8063512966832505e-08
5	38	-4.324245772347072e-05
38	5	-4.324245772347072e-05
5	7	-4.324278337021878e-05
7	5	-4.324278337021878e-05
5	8	-4.3243714638544724e-05
8	5	-4.3243714638544724e-05
5	40	-4.359526268655899e-05
40	5	-4.359526268655899e-05
5	10	-4.359562211830229e-05
10	5	-4.359562211830229e-05
5	11	-4.359656249009469e-05
11	5	-4.359656249009469e-05
5	12	-0.00019756339426503354
12	5	-0.00019756339426503354
5	14	-4.2797805722561285e-05
14	5	-4.2797805722561285e-05
5	15	-4.279812723167154e-05
15	5	-4.279812723167154e-05
5	52	-4.279904668552253e-05
52	5	-4.279904668552253e-05
5	42	-0.00019753609083665024
42	5	-0.00019753609083665024
5	32	-0.00019748663405580254
32	5	-0.00019748663405580254
5	43	-4.2956540337938164e-05
43	5	-4.2956540337938164e-05
5	17	-4.295688936839462e-05
17	5	-4.295688936839462e-05
5	18	-4.295781318286282e-05
18	5	-4.295781318286282e-05
5	21	-4.3310016039725e-05
21	5	-4.3310016039725e-05
5	22	-4.331034223975073e-05
22	5	-4.331034223975073e-05
5	54	-4.331127508752252e-05
54	5	-4.331127508752252e-05
5	24	-4.314761685615752e-05
24	5	-4.314761685615752e-05
5	25	-4.314794156607794e-05
25	5	-4.314794156607794e-05
5	53	-4.3148870159210014e-05
53	5	-4.3148870159210014e-05
5	47	-4.384017102653405e-05
47	5	-4.384017102653405e-05
5	27	-4.3840529185650277e-05
27	5	-4.3840529185650277e-05
5	28	-4.384147597937909e-05
28	5	-4.384147597937909e-05
5	50	-4.313219647944267e-05
50	5	-4.313219647944267e-05
5	30	-4.3132520964609335e-05
30	5	-4.3132520964609335e-05
5	51	-4.313344891563176e-05
51	5	-4.313344891563176e-05
5	49	-0.00019753041798098453
49	5	-0.00019753041798098453
5	35	-0.0001974800522005341
35	5	-0.0001974800522005341
6	10	-0.00019710346789510673
10	6	-0.00019710346789510673
6	20	-0.00019756776934296374
20	6	-0.00019756776934296374
38	16	-0.00011976880652309383
16	38	-0.00011976880652309383
7	16	-0.0001197692520458959
16	7	-0.0001197692520458959
7	23	-0.00014900122803955383
23	7	-0.00014900122803955383
8	16	-0.00011977052296508095
16	8	-0.00011977052296508095
9	10	-0.0001910088652520708
10	9	-0.0001910088652520708
9	14	-0.00013681811356205795
14	9	-0.00013681811356205795
9	15	-0.00015032673743274215
15	9	-0.00015032673743274215
9	16	-0.00015872077385102446
16	9	-0.00015872077385102446
9	23	-0.0001974690902638294
23	9	-0.0001974690902638294
40	16	-0.00012073989838627402
16	40	-0.00012073989838627402
10	16	-0.00012074043378171153
16	10	-0.00012074043378171153
10	23	-0.00015020881738821276
23	10	-0.00015020881738821276
11	16	-0.0001207417193153895
16	11	-0.0001207417193153895
12	16	-0.00015872890968376401
16	12	-0.00015872890968376401
14	16	-0.00011851376952555578
16	14	-0.00011851376952555578
15	16	-0.00011851420838527712
16	15	-0.00011851420838527712
42	16	-0.00015875344430599968
16	42	-0.00015875344430599968
16	43	-0.00011897390766048532
43	16	-0.00011897390766048532
16	17	-0.00011897442097819335
17	16	-0.00011897442097819335
16	18	-0.00011897567994085672
18	16	-0.00011897567994085672
16	19	-0.0001587251529063254
19	16	-0.0001587251529063254
16	21	-0.00011994148032657141
21	16	-0.00011994148032657141
16	22	-0.00011994192673219757
22	16	-0.00011994192673219757
16	54	-0.00011994320016455188
54	16	-0.00011994320016455188
16	45	-0.00015874064945024653
45	16	-0.00015874064945024653
16	24	-0.00011948864125296302
24	16	-0.00011948864125296302
16	25	-0.00011948908525903057
25	16	-0.00011948908525903057
16	53	-0.00011949035185993771
53	16	-0.00011949035185993771
16	46	-0.00015874411321200962
46	16	-0.00015874411321200962
16	47	-0.00012142124152685189
47	16	-0.00012142124152685189
16	27	-0.00012142177080163324
27	16	-0.00012142177080163324
16	28	-0.00012142306667365957
28	16	-0.00012142306667365957
16	29	-0.00015872506138108833
29	16	-0.00015872506138108833
16	50	-0.00011942604198822459
50	16	-0.00011942604198822459
16	30	-0.00011942648562213343
30	16	-0.00011942648562213343
16	51	-0.00011942775116327963
51	16	-0.00011942775116327963
16	49	-0.0001587600314452472
49	16	-0.0001587600314452472
16	35	-0.00015880069499487067
35	16	-0.00015880069499487067
20	23	-0.00019752381925664368
23	20	-0.00019752381925664368
