0	1	-4.390495188511839e-05
1	0	-4.390495188511839e-05
10	0	-0.00016656124926458087
0	10	-0.00016656124926458087
1	3	-1.8790418437020857e-05
3	1	-1.8790418437020857e-05
10	3	-0.00015876131483555443
3	10	-0.00015876131483555443
2	36	-0.00017991857919460576
36	2	-0.00017991857919460576
0	2	-4.3420488578302735e-05
2	0	-4.3420488578302735e-05
2	1	-0.00013471991823618093
1	2	-0.00013471991823618093
7	1	-0.0001656382029586221
1	7	-0.0001656382029586221
2	7	-0.00018253960973975837
7	2	-0.00018253960973975837
10	7	-0.00015876538418296818
7	10	-0.00015876538418296818
2	38	-0.00017368442552919208
38	2	-0.00017368442552919208
0	6	-1.6179041902620065e-05
6	0	-1.6179041902620065e-05
0	4	-1.807017848933998e-05
4	0	-1.807017848933998e-05
0	3	-1.8790418437020857e-05
3	0	-1.8790418437020857e-05
1	10	-0.0001202627193248033
10	1	-0.0001202627193248033
2	10	-0.00015872055419963147
10	2	-0.00015872055419963147
8	2	-4.367366522834836e-05
2	8	-4.367366522834836e-05
2	24	-2.0935250284677524e-07
24	2	-2.0935250284677524e-07
40	2	-0.00019750256644032854
2	40	-0.00019750256644032854
2	4	-0.00017732768517547323
4	2	-0.00017732768517547323
10	32	-0.00015878499234151728
32	10	-0.00015878499234151728
2	15	-0.0001883588376023779
15	2	-0.0001883588376023779
13	2	-0.00015138728135679613
2	13	-0.00015138728135679613
2	18	-0.00018090954606585013
18	2	-0.00018090954606585013
16	2	-0.0001967510838598778
2	16	-0.0001967510838598778
2	21	-0.00018280120033786748
21	2	-0.00018280120033786748
2	19	-0.00015028992743185997
19	2	-0.00015028992743185997
0	5	-1.676581701387706e-05
5	0	-1.676581701387706e-05
5	2	-0.00017628456561479032
2	5	-0.00017628456561479032
22	2	-0.0001975079998328424
2	22	-0.0001975079998328424
2	46	-0.0001897771286590111
46	2	-0.0001897771286590111
2	48	-0.00017740302632614804
48	2	-0.00017740302632614804
35	2	-0.00019647802693614655
2	35	-0.00019647802693614655
37	2	-0.00019474116592668218
2	37	-0.00019474116592668218
2	47	-0.00019579000308003123
47	2	-0.00019579000308003123
2	11	-0.00018842610701769083
11	2	-0.00018842610701769083
2	17	-0.00019675151547921308
17	2	-0.00019675151547921308
2	20	-0.00015029033257735083
20	2	-0.00015029033257735083
2	23	-0.00019750831229389045
23	2	-0.00019750831229389045
2	28	-0.00019579031238165136
28	2	-0.00019579031238165136
9	2	-4.3673994715918365e-05
2	9	-4.3673994715918365e-05
14	2	-0.00015138758347121463
2	14	-0.00015138758347121463
1	4	-1.807017848933998e-05
4	1	-1.807017848933998e-05
1	5	-1.676581701387706e-05
5	1	-1.676581701387706e-05
1	6	-1.6179041902620065e-05
6	1	-1.6179041902620065e-05
2	49	-4.3674936950084754e-05
49	2	-4.3674936950084754e-05
2	12	-0.00019750376420177906
12	2	-0.00019750376420177906
2	50	-4.39229415722853e-05
50	2	-4.39229415722853e-05
2	53	-0.00019675239687488475
53	2	-0.00019675239687488475
2	51	-4.3604671282497225e-05
51	2	-4.3604671282497225e-05
2	52	-0.00019750919760385936
52	2	-0.00019750919760385936
2	29	-0.0001957911888146897
29	2	-0.0001957911888146897
4	10	-0.00017647558202636977
10	4	-0.00017647558202636977
5	10	-0.00019020518138705507
10	5	-0.00019020518138705507
8	10	-0.00015189625048797216
10	8	-0.00015189625048797216
9	10	-0.0001714525578700215
10	9	-0.0001714525578700215
0	7	-0.00016053132594432638
7	0	-0.00016053132594432638
10	6	-0.0001587245122318825
6	10	-0.0001587245122318825
