1	9	-1.6179041902620065e-05
9	1	-1.6179041902620065e-05
9	0	-1.6179041902620065e-05
0	9	-1.6179041902620065e-05
1	0	-3.9514456696606546e-05
0	1	-3.9514456696606546e-05
2	31	-0.00015877233106149463
31	2	-0.00015877233106149463
0	2	-0.00012190660231008067
2	0	-0.00012190660231008067
19	2	-0.0001901935355023199
2	19	-0.0001901935355023199
1	3	-1.9586557103830053e-05
3	1	-1.9586557103830053e-05
3	0	-1.9586557103830053e-05
0	3	-1.9586557103830053e-05
0	8	-0.00015166298454375249
8	0	-0.00015166298454375249
0	7	-0.00019641316298472702
7	0	-0.00019641316298472702
0	6	-0.00019641285339017998
6	0	-0.00019641285339017998
1	7	-0.00017029380026732012
7	1	-0.00017029380026732012
0	10	-0.00019721578259111893
10	0	-0.00019721578259111893
2	20	-0.00015876945362332736
20	2	-0.00015876945362332736
2	24	-0.00015876131483555443
24	2	-0.00015876131483555443
2	9	-0.00018495128813990987
9	2	-0.00018495128813990987
34	2	-0.00015873211558844124
2	34	-0.00015873211558844124
