0	6	-4.396919286483844e-09
6	0	-4.396919286483844e-09
0	1	-3.59222333605514e-05
1	0	-3.59222333605514e-05
2	31	-0.0001587933788794589
31	2	-0.0001587933788794589
1	2	-0.00012104307001653817
2	1	-0.00012104307001653817
8	2	-0.00015872890968376401
2	8	-0.00015872890968376401
2	46	-0.00012104481225852261
46	2	-0.00012104481225852261
5	9	-6.724813692204055e-05
9	5	-6.724813692204055e-05
0	9	-1.6179041902620065e-05
9	0	-1.6179041902620065e-05
9	6	-0.00016320021105920902
6	9	-0.00016320021105920902
6	32	-0.00014866564467646344
32	6	-0.00014866564467646344
2	32	-0.00015877233106149463
32	2	-0.00015877233106149463
1	5	-0.00019054430388908077
5	1	-0.00019054430388908077
8	5	-6.723041205333989e-05
5	8	-6.723041205333989e-05
0	4	-0.0001525060988745376
4	0	-0.0001525060988745376
0	3	-0.00012635970470355253
3	0	-0.00012635970470355253
1	3	-0.00016472007172564813
3	1	-0.00016472007172564813
3	6	-0.00018523293148210672
6	3	-0.00018523293148210672
2	9	-0.00015876945362332736
9	2	-0.00015876945362332736
0	19	-1.5229275261838514e-07
19	0	-1.5229275261838514e-07
8	19	-1.80745166036443e-07
19	8	-1.80745166036443e-07
0	8	-1.676581701387706e-05
8	0	-1.676581701387706e-05
9	8	-0.00019752204713557937
8	9	-0.00019752204713557937
19	7	-4.863463989432757e-05
7	19	-4.863463989432757e-05
8	7	-4.314103450841071e-05
7	8	-4.314103450841071e-05
0	37	-0.00019663689915113002
37	0	-0.00019663689915113002
2	4	-0.00011826826203832742
4	2	-0.00011826826203832742
2	13	-0.00015876131483555443
13	2	-0.00015876131483555443
0	10	-0.00018761649263564534
10	0	-0.00018761649263564534
0	38	-0.00019663350212072435
38	0	-0.00019663350212072435
8	16	-0.0001819606537491929
16	8	-0.0001819606537491929
10	8	-4.313596847448826e-05
8	10	-4.313596847448826e-05
8	6	-4.314010597907197e-05
6	8	-4.314010597907197e-05
6	33	-3.921418999597568e-09
33	6	-3.921418999597568e-09
2	33	-0.00015877656509072282
33	2	-0.00015877656509072282
0	18	-0.000196640192917458
18	0	-0.000196640192917458
0	17	-0.000196639884339307
17	0	-0.000196639884339307
0	21	-0.00019465077645525403
21	0	-0.00019465077645525403
0	20	-0.0001946504715229065
20	0	-0.0001946504715229065
0	7	-1.8790418437020857e-05
7	0	-1.8790418437020857e-05
2	34	-0.00015878914445067096
34	2	-0.00015878914445067096
8	24	-0.0001787792116151451
24	8	-0.0001787792116151451
2	22	-0.00012008964721526862
22	2	-0.00012008964721526862
8	27	-0.00017895906952408684
27	8	-0.00017895906952408684
8	45	-0.00017860099708112622
45	8	-0.00017860099708112622
0	2	-3.0395735920466567e-05
2	0	-3.0395735920466567e-05
1	6	-4.1362312807546735e-09
6	1	-4.1362312807546735e-09
4	6	-0.00017973219858631668
6	4	-0.00017973219858631668
6	20	-4.041844406851605e-09
20	6	-4.041844406851605e-09
6	21	-4.2965836076728885e-09
21	6	-4.2965836076728885e-09
0	51	-0.00019464314650927432
51	0	-0.00019464314650927432
0	11	-0.00019653390637377634
11	0	-0.00019653390637377634
0	49	-0.00019664106726352467
49	0	-0.00019664106726352467
0	47	-0.00019465164055661643
47	0	-0.00019465164055661643
1	7	-1.8790418437020857e-05
7	1	-1.8790418437020857e-05
1	8	-1.676581701387706e-05
8	1	-1.676581701387706e-05
46	6	-5.144225393937944e-09
6	46	-5.144225393937944e-09
46	8	-4.3712462123261645e-05
8	46	-4.3712462123261645e-05
35	6	-1.2262843790522376e-08
6	35	-1.2262843790522376e-08
3	8	-4.2703447115662996e-05
8	3	-4.2703447115662996e-05
4	8	-4.270376783514609e-05
8	4	-4.270376783514609e-05
51	8	-4.270468503466664e-05
8	51	-4.270468503466664e-05
37	8	-4.313978129157179e-05
8	37	-4.313978129157179e-05
6	47	-5.026836452236488e-09
47	6	-5.026836452236488e-09
6	41	-1.2262826813765003e-08
41	6	-1.2262826813765003e-08
6	48	-3.3278299867551014e-09
48	6	-3.3278299867551014e-09
6	42	-9.9379237486705e-09
42	6	-9.9379237486705e-09
8	38	-4.3135643799034245e-05
38	8	-4.3135643799034245e-05
8	11	-4.313689696954852e-05
11	8	-4.313689696954852e-05
8	14	-4.354743211057301e-05
14	8	-4.354743211057301e-05
8	15	-4.354779484496533e-05
15	8	-4.354779484496533e-05
8	52	-4.35487339448395e-05
52	8	-4.35487339448395e-05
8	17	-4.314340023530683e-05
17	8	-4.314340023530683e-05
8	18	-4.314372493336675e-05
18	8	-4.314372493336675e-05
8	49	-4.314465349275456e-05
49	8	-4.314465349275456e-05
8	20	-4.27139579967337e-05
20	8	-4.27139579967337e-05
8	21	-4.271427874625611e-05
21	8	-4.271427874625611e-05
8	47	-4.271519603125353e-05
47	8	-4.271519603125353e-05
8	22	-4.336575382295693e-05
22	8	-4.336575382295693e-05
8	23	-4.336612212490383e-05
23	8	-4.336612212490383e-05
8	48	-4.33670563469436e-05
48	8	-4.33670563469436e-05
8	25	-4.3370139630314154e-05
25	8	-4.3370139630314154e-05
8	26	-4.337046639099794e-05
26	8	-4.337046639099794e-05
8	50	-4.337140083962236e-05
50	8	-4.337140083962236e-05
8	44	-4.3344940886750703e-05
44	8	-4.3344940886750703e-05
8	28	-4.334526744047985e-05
28	8	-4.334526744047985e-05
8	29	-4.3346201298310006e-05
29	8	-4.3346201298310006e-05
0	5	-1.5326363848930785e-07
5	0	-1.5326363848930785e-07
2	3	-0.00011826782443764479
3	2	-0.00011826782443764479
2	51	-0.00011826951040321031
51	2	-0.00011826951040321031
2	37	-0.00011947841321658956
37	2	-0.00011947841321658956
2	6	-1.9791687875971755e-07
6	2	-1.9791687875971755e-07
2	7	-0.00011948012370868795
7	2	-0.00011948012370868795
2	38	-0.00011947296357328712
38	2	-0.00011947296357328712
2	10	-0.00011947340753331035
10	2	-0.00011947340753331035
2	11	-0.00011947467400334114
11	2	-0.00011947467400334114
2	14	-0.0001206052532858516
14	2	-0.0001206052532858516
2	15	-0.00012060579834074646
15	2	-0.00012060579834074646
2	52	-0.00012060708182614604
52	2	-0.00012060708182614604
2	17	-0.00011948318529975104
17	2	-0.00011948318529975104
2	18	-0.0001194836292900848
18	2	-0.0001194836292900848
2	49	-0.00011948489584627318
49	2	-0.00011948489584627318
2	20	-0.00011828158215318465
20	2	-0.00011828158215318465
2	21	-0.00011828201979395107
21	2	-0.00011828201979395107
2	47	-0.00011828326827277046
47	2	-0.00011828326827277046
2	23	-0.00012009020964943983
23	2	-0.00012009020964943983
2	48	-0.00012009148527880884
48	2	-0.00012009148527880884
2	25	-0.0001201111271170546
25	2	-0.0001201111271170546
2	26	-0.00012011157442718503
26	2	-0.00012011157442718503
2	50	-0.00012011285043463182
50	2	-0.00012011285043463182
2	44	-0.000120046615978733
44	2	-0.000120046615978733
2	28	-0.0001200470629584317
28	2	-0.0001200470629584317
2	29	-0.00012004833802522927
29	2	-0.00012004833802522927
3	5	-1.985536791952273e-07
5	3	-1.985536791952273e-07
3	19	-1.9280206798579837e-07
19	3	-1.9280206798579837e-07
4	5	-0.00014853300913361588
5	4	-0.00014853300913361588
4	19	-4.814162058893882e-05
19	4	-4.814162058893882e-05
5	6	-1.737344692958239e-07
6	5	-1.737344692958239e-07
5	7	-0.00018842610701769083
7	5	-0.00018842610701769083
5	19	-0.0001898926446161541
19	5	-0.0001898926446161541
5	10	-0.0001903594451323159
10	5	-0.0001903594451323159
6	19	-1.5227971632180871e-07
19	6	-1.5227971632180871e-07
6	16	-1.9510671272811287e-07
16	6	-1.9510671272811287e-07
6	24	-1.9169512397649541e-07
24	6	-1.9169512397649541e-07
6	27	-1.918879925856311e-07
27	6	-1.918879925856311e-07
6	45	-1.9150401765542962e-07
45	6	-1.9150401765542962e-07
1	31	-0.00015059438598677552
31	1	-0.00015059438598677552
1	9	-1.6179041902620065e-05
9	1	-1.6179041902620065e-05
35	2	-0.00015875291332367172
2	35	-0.00015875291332367172
31	3	-1.776038023654946e-08
3	31	-1.776038023654946e-08
31	6	-1.1650262260432314e-08
6	31	-1.1650262260432314e-08
31	8	-0.0001974955209337647
8	31	-0.0001974955209337647
31	9	-0.00019754574729011746
9	31	-0.00019754574729011746
31	10	-0.00014864429951017151
10	31	-0.00014864429951017151
2	36	-0.00015873189591410713
36	2	-0.00015873189591410713
2	12	-0.00015872077385102446
12	2	-0.00015872077385102446
2	39	-0.0001587322254258363
39	2	-0.0001587322254258363
2	40	-0.00015873601856905006
40	2	-0.00015873601856905006
2	41	-0.00015875269360788533
41	2	-0.00015875269360788533
2	42	-0.00015874881306902682
42	2	-0.00015874881306902682
2	43	-0.00015873568904644443
43	2	-0.00015873568904644443
2	30	-0.0001587292208806678
30	2	-0.0001587292208806678
3	32	-6.087319028445061e-09
32	3	-6.087319028445061e-09
3	9	-0.0001770478477942874
9	3	-0.0001770478477942874
3	33	-8.43561063866919e-09
33	3	-8.43561063866919e-09
4	9	-0.00016613054045599128
9	4	-0.00016613054045599128
6	34	-1.0897896987253707e-08
34	6	-1.0897896987253707e-08
9	10	-0.0001718603621191177
10	9	-0.0001718603621191177
9	33	-0.00019756439520461503
33	9	-0.00019756439520461503
31	5	-6.72659178142233e-05
5	31	-6.72659178142233e-05
31	19	-6.464935076391918e-05
19	31	-6.464935076391918e-05
32	19	-6.463386288581284e-05
19	32	-6.463386288581284e-05
9	19	-1.879137267225245e-07
19	9	-1.879137267225245e-07
19	33	-6.463697846428323e-05
33	19	-6.463697846428323e-05
