0	7	-1.6179041902620065e-05
7	0	-1.6179041902620065e-05
0	1	-0.00013171485565535503
1	0	-0.00013171485565535503
1	2	-0.00012156020447763215
2	1	-0.00012156020447763215
5	2	-0.00015872473189110881
2	5	-0.00015872473189110881
2	53	-0.00019736880499961011
53	2	-0.00019736880499961011
1	6	-1.676581701387706e-05
6	1	-1.676581701387706e-05
2	6	-0.00015876538418296818
6	2	-0.00015876538418296818
5	37	-0.00017155864104720107
37	5	-0.00017155864104720107
0	5	-1.7390401869762912e-05
5	0	-1.7390401869762912e-05
5	4	-0.00017765630457824185
4	5	-0.00017765630457824185
4	3	-0.00017973219858631668
3	4	-0.00017973219858631668
0	6	-1.676581701387706e-05
6	0	-1.676581701387706e-05
2	33	-0.00015877656509072282
33	2	-0.00015877656509072282
5	9	-0.00017666408378939932
9	5	-0.00017666408378939932
0	9	-0.00017185995224568417
9	0	-0.00017185995224568417
2	34	-0.00015878075811202785
34	2	-0.00015878075811202785
2	49	-0.00019737238337218469
49	2	-0.00019737238337218469
14	2	-0.00019737117913978537
2	14	-0.00019737117913978537
2	19	-0.00015876131483555443
19	2	-0.00015876131483555443
5	42	-0.00018878350511379236
42	5	-0.00018878350511379236
5	22	-0.0001849107862109222
22	5	-0.0001849107862109222
5	45	-0.00017426232771272355
45	5	-0.00017426232771272355
5	47	-0.0001723994300323299
47	5	-0.0001723994300323299
5	31	-0.00018280120033786748
31	5	-0.00018280120033786748
1	7	-1.6179041902620065e-05
7	1	-1.6179041902620065e-05
36	2	-0.0001929288552017178
2	36	-0.0001929288552017178
7	2	-0.00011972289256671347
2	7	-0.00011972289256671347
39	2	-0.0001943779429246442
2	39	-0.0001943779429246442
2	20	-0.00019659377706958493
20	2	-0.00019659377706958493
2	44	-0.00019370208207953164
44	2	-0.00019370208207953164
2	46	-0.00019317141034971814
46	2	-0.00019317141034971814
2	29	-0.00019604037414610128
29	2	-0.00019604037414610128
0	2	-0.00012156065949475625
2	0	-0.00012156065949475625
3	2	-0.00011882470562429623
2	3	-0.00011882470562429623
8	2	-0.0001908526090447948
2	8	-0.0001908526090447948
10	2	-0.00019054430388908077
2	10	-0.00019054430388908077
2	21	-0.00019659422817715834
21	2	-0.00019659422817715834
2	23	-0.0001937023894431412
23	2	-0.0001937023894431412
2	26	-0.00019317171673091573
26	2	-0.00019317171673091573
2	30	-0.00019604068582546182
30	2	-0.00019604068582546182
15	2	-0.00019737149328482825
2	15	-0.00019737149328482825
0	4	-0.00018593418104014914
4	0	-0.00018593418104014914
1	5	-1.7390401869762912e-05
5	1	-1.7390401869762912e-05
3	5	-0.00014789446977688303
5	3	-0.00014789446977688303
4	8	-0.0001967409835525289
8	4	-0.0001967409835525289
4	2	-4.509925074083204e-05
2	4	-4.509925074083204e-05
5	7	-0.0001838100279227126
7	5	-0.0001838100279227126
5	8	-0.00018967493414324794
8	5	-0.00018967493414324794
5	10	-0.00019172737663053965
10	5	-0.00019172737663053965
5	11	-0.00018472792027631973
11	5	-0.00018472792027631973
51	2	-0.0001943820155634349
2	51	-0.0001943820155634349
11	2	-0.0001835880383726183
2	11	-0.0001835880383726183
2	50	-0.00019659511421206899
50	2	-0.00019659511421206899
2	24	-0.00019370326047531356
24	2	-0.00019370326047531356
2	27	-0.00019317258500206583
27	2	-0.00019317258500206583
2	52	-0.00019604156898503835
52	2	-0.00019604156898503835
4	9	-4.798464737493802e-05
9	4	-4.798464737493802e-05
