0	7	-1.6179041902620065e-05
7	0	-1.6179041902620065e-05
0	1	-0.00013171485565535503
1	0	-0.00013171485565535503
2	32	-0.00015877233106149463
32	2	-0.00015877233106149463
1	2	-0.00012156020447763215
2	1	-0.00012156020447763215
5	2	-0.00015872473189110881
2	5	-0.00015872473189110881
2	53	-0.00012156195744304786
53	2	-0.00012156195744304786
1	6	-1.676581701387706e-05
6	1	-1.676581701387706e-05
2	6	-0.00015876538418296818
6	2	-0.00015876538418296818
5	37	-0.00017155864104720107
37	5	-0.00017155864104720107
0	5	-1.7390401869762912e-05
5	0	-1.7390401869762912e-05
5	4	-0.00014789585487564385
4	5	-0.00014789585487564385
0	3	-0.0001967838976412469
3	0	-0.0001967838976412469
4	3	-0.00017287574804765348
3	4	-0.00017287574804765348
0	6	-1.676581701387706e-05
6	0	-1.676581701387706e-05
2	33	-0.00015877656509072282
33	2	-0.00015877656509072282
5	9	-0.00017666408378939932
9	5	-0.00017666408378939932
2	13	-0.00015876945362332736
13	2	-0.00015876945362332736
0	9	-0.00017185995224568417
9	0	-0.00017185995224568417
2	34	-0.00015878075811202785
34	2	-0.00015878075811202785
2	49	-0.0001215677359676191
49	2	-0.0001215677359676191
14	2	-0.0001215659829352458
2	14	-0.0001215659829352458
2	19	-0.00015876131483555443
19	2	-0.00015876131483555443
5	42	-0.00018878350511379236
42	5	-0.00018878350511379236
41	2	-0.00012168155598326338
2	41	-0.00012168155598326338
5	22	-0.0001849107862109222
22	5	-0.0001849107862109222
5	45	-0.00017426232771272355
45	5	-0.00017426232771272355
5	47	-0.0001723994300323299
47	5	-0.0001723994300323299
5	31	-0.00018280120033786748
31	5	-0.00018280120033786748
1	7	-1.6179041902620065e-05
7	1	-1.6179041902620065e-05
36	2	-0.00011882426508924454
2	36	-0.00011882426508924454
7	2	-0.00011972289256671347
2	7	-0.00011972289256671347
39	2	-0.00011971816976502583
2	39	-0.00011971816976502583
2	20	-0.00012108729080541228
20	2	-0.00012108729080541228
2	44	-0.00011929867532425723
44	2	-0.00011929867532425723
2	46	-0.00011897360939793476
46	2	-0.00011897360939793476
2	29	-0.0001207447507047765
29	2	-0.0001207447507047765
0	2	-0.00012156065949475625
2	0	-0.00012156065949475625
3	2	-0.00011882470562429623
2	3	-0.00011882470562429623
8	2	-0.00011972333782311215
2	8	-0.00011972333782311215
10	2	-0.00011971862542145313
2	10	-0.00011971862542145313
2	21	-0.00012108782851465393
21	2	-0.00012108782851465393
2	23	-0.00011929911836468132
23	2	-0.00011929911836468132
2	26	-0.00011897405071906038
26	2	-0.00011897405071906038
2	30	-0.00012074520137519635
30	2	-0.00012074520137519635
15	2	-0.00012156643796979579
2	15	-0.00012156643796979579
0	4	-0.00017884113635602492
4	0	-0.00017884113635602492
1	5	-1.7390401869762912e-05
5	1	-1.7390401869762912e-05
53	5	-0.00015130141418806924
5	53	-0.00015130141418806924
36	5	-0.00014789398393247525
5	36	-0.00014789398393247525
3	5	-4.2902833161680343e-05
5	3	-4.2902833161680343e-05
4	8	-0.0001967409835525289
8	4	-0.0001967409835525289
4	2	-2.0675676221102618e-07
2	4	-2.0675676221102618e-07
5	7	-0.00014901161889175986
7	5	-0.00014901161889175986
5	8	-0.0001490121101427941
8	5	-0.0001490121101427941
5	51	-0.00014901313461158892
51	5	-0.00014901313461158892
5	39	-0.00014900646665808246
39	5	-0.00014900646665808246
5	10	-0.00014900697085905176
10	5	-0.00014900697085905176
5	11	-0.0001490083712977876
11	5	-0.0001490083712977876
5	14	-0.00015130480892181994
14	5	-0.00015130480892181994
5	15	-0.0001513051108570047
15	5	-0.0001513051108570047
5	49	-0.0001513059683847078
49	5	-0.0001513059683847078
5	41	-0.00015145171122837043
41	5	-0.00015145171122837043
5	16	-0.00015145221442956728
16	5	-0.00015145221442956728
5	17	-0.00015145364891172645
17	5	-0.00015145364891172645
5	20	-0.00015070885224668758
20	5	-0.00015070885224668758
5	21	-0.00015070925893672987
21	5	-0.00015070925893672987
5	50	-0.0001507101126679275
50	5	-0.0001507101126679275
5	44	-0.00014848503252935807
44	5	-0.00014848503252935807
5	23	-0.00014848552124346214
23	5	-0.00014848552124346214
5	24	-0.00014848691450730382
24	5	-0.00014848691450730382
5	46	-0.00014807991523575404
46	5	-0.00014807991523575404
5	26	-0.00014808040198035943
26	5	-0.00014808040198035943
5	27	-0.00014808178964043146
27	5	-0.00014808178964043146
5	29	-0.0001502838141266465
29	5	-0.0001502838141266465
5	30	-0.00015028431158131212
30	5	-0.00015028431158131212
5	52	-0.00015028534725272094
52	5	-0.00015028534725272094
51	2	-0.00011972460798372654
2	51	-0.00011972460798372654
11	2	-0.00011971989554271023
2	11	-0.00011971989554271023
2	50	-0.00012108911925473726
50	2	-0.00012108911925473726
2	24	-0.00011930038221664405
24	2	-0.00011930038221664405
2	27	-0.00011897530967617333
27	2	-0.00011897530967617333
2	52	-0.00012074648694904028
52	2	-0.00012074648694904028
2	16	-0.00012168201166534238
16	2	-0.00012168201166534238
2	17	-0.00012168331150673998
17	2	-0.00012168331150673998
4	9	-1.9433806313201357e-07
9	4	-1.9433806313201357e-07
35	2	-0.0001587314748733329
2	35	-0.0001587314748733329
2	38	-0.00015873568904644443
38	2	-0.00015873568904644443
2	12	-0.00015872869001609603
12	2	-0.00015872869001609603
2	40	-0.0001587398988401648
40	2	-0.0001587398988401648
2	18	-0.00015872055419963147
18	2	-0.00015872055419963147
2	43	-0.00015874075929621977
43	2	-0.00015874075929621977
2	25	-0.00015872119485122705
25	2	-0.00015872119485122705
2	28	-0.0001587245122318825
28	2	-0.0001587245122318825
2	48	-0.0001587359087280295
48	2	-0.0001587359087280295
6	9	-0.00019020518138705507
9	6	-0.00019020518138705507
