11	9	-0.0001783722586525374
9	11	-0.0001783722586525374
1	9	-1.6179041902620065e-05
9	1	-1.6179041902620065e-05
9	0	-1.6179041902620065e-05
0	9	-1.6179041902620065e-05
1	0	-1.3116832098458593e-05
0	1	-1.3116832098458593e-05
0	31	-6.087319028445061e-09
31	0	-6.087319028445061e-09
2	31	-0.00015877233106149463
31	2	-0.00015877233106149463
0	2	-0.00012190660231008067
2	0	-0.00012190660231008067
19	2	-0.00015872890968376401
2	19	-0.00015872890968376401
2	52	-0.00012190790551490244
52	2	-0.00012190790551490244
1	3	-1.9586557103830053e-05
3	1	-1.9586557103830053e-05
3	0	-1.9586557103830053e-05
0	3	-1.9586557103830053e-05
2	50	-0.0001587933788794589
50	2	-0.0001587933788794589
19	48	-0.000151743621503869
48	19	-0.000151743621503869
3	2	-0.00012192635697193939
2	3	-0.00012192635697193939
0	8	-1.832702199032511e-07
8	0	-1.832702199032511e-07
19	8	-0.00017770100984303925
8	19	-0.00017770100984303925
0	7	-1.676581701387706e-05
7	0	-1.676581701387706e-05
0	6	-0.00017973219858631668
6	0	-0.00017973219858631668
1	7	-1.676581701387706e-05
7	1	-1.676581701387706e-05
2	32	-0.00015877656509072282
32	2	-0.00015877656509072282
0	11	-0.00014685933755325154
11	0	-0.00014685933755325154
19	11	-0.00017938937561296918
11	19	-0.00017938937561296918
0	10	-0.00019627279303565206
10	0	-0.00019627279303565206
2	8	-0.00015880576558886691
8	2	-0.00015880576558886691
0	13	-0.0001524239296402302
13	0	-0.0001524239296402302
19	13	-0.00018070874761744765
13	19	-0.00018070874761744765
0	12	-0.00019512935877439297
12	0	-0.00019512935877439297
0	46	-0.00019512904824595952
46	0	-0.00019512904824595952
19	16	-0.00018115642335873208
16	19	-0.00018115642335873208
2	1	-0.00012190614544649362
1	2	-0.00012190614544649362
2	20	-0.00015876945362332736
20	2	-0.00015876945362332736
19	39	-0.0001819606537491929
39	19	-0.0001819606537491929
0	19	-4.4017483244440444e-05
19	0	-4.4017483244440444e-05
19	18	-0.00015010701745602102
18	19	-0.00015010701745602102
2	24	-0.00015876131483555443
24	2	-0.00015876131483555443
19	41	-0.00018427831651190746
41	19	-0.00018427831651190746
19	43	-0.00017914257915565814
43	19	-0.00017914257915565814
19	45	-0.00017740302632614804
45	19	-0.00017740302632614804
2	6	-0.0001198967838381351
6	2	-0.0001198967838381351
2	9	-0.00012018327672919385
9	2	-0.00012018327672919385
2	46	-0.0001204154627192917
46	2	-0.0001204154627192917
2	14	-0.0001204730469503817
14	2	-0.0001204730469503817
2	38	-0.00012060312572025171
38	2	-0.00012060312572025171
2	40	-0.00012097252687614771
40	2	-0.00012097252687614771
2	42	-0.00012013186262311517
42	2	-0.00012013186262311517
2	44	-0.00011984417474623914
44	2	-0.00011984417474623914
2	7	-0.00011989723002045128
7	2	-0.00011989723002045128
2	10	-0.0001201837244214248
10	2	-0.0001201837244214248
2	12	-0.00012041591158693442
12	2	-0.00012041591158693442
2	15	-0.00012047358054975005
15	2	-0.00012047358054975005
2	17	-0.00012060357564985573
17	2	-0.00012060357564985573
2	21	-0.00012097297878116406
21	2	-0.00012097297878116406
2	25	-0.00012013231006687564
25	2	-0.00012013231006687564
2	28	-0.0001198446310907254
28	2	-0.0001198446310907254
0	47	-0.000195130238712677
47	0	-0.000195130238712677
1	19	-0.00015172700512561043
19	1	-0.00015172700512561043
52	19	-0.00015172894797736857
19	52	-0.00015172894797736857
2	53	-0.00011989850281713275
53	2	-0.00011989850281713275
2	51	-0.00012018500151667932
51	2	-0.00012018500151667932
2	47	-0.00012041719202815982
47	2	-0.00012041719202815982
2	54	-0.00012047486203782693
54	2	-0.00012047486203782693
2	18	-0.00012060485911474942
18	2	-0.00012060485911474942
2	22	-0.00012097426786987899
22	2	-0.00012097426786987899
2	26	-0.00012013358645489227
26	2	-0.00012013358645489227
2	29	-0.000119845903108403
29	2	-0.000119845903108403
3	19	-0.00015174215947147524
19	3	-0.00015174215947147524
4	19	-0.00015174246238067478
19	4	-0.00015174246238067478
5	19	-0.00015174332265452295
19	5	-0.00015174332265452295
6	19	-4.329162214926291e-05
19	6	-4.329162214926291e-05
7	19	-0.00014922593686582064
19	7	-0.00014922593686582064
53	19	-0.00014922734034112089
19	53	-0.00014922734034112089
9	19	-0.00014958168277385547
19	9	-0.00014958168277385547
10	19	-0.00014958217680648126
19	10	-0.00014958217680648126
51	19	-0.0001495835852026171
19	51	-0.0001495835852026171
46	19	-0.0001498575754703795
19	46	-0.0001498575754703795
12	19	-0.00014985787411530253
19	12	-0.00014985787411530253
47	19	-0.00014985872236419494
19	47	-0.00014985872236419494
14	19	-0.00014994286271235272
19	14	-0.00014994286271235272
15	19	-0.00014994346354261804
19	15	-0.00014994346354261804
54	19	-0.00014994487697040482
19	54	-0.00014994487697040482
38	19	-0.0001501051051663481
19	38	-0.0001501051051663481
17	19	-0.00015010560176344462
19	17	-0.00015010560176344462
19	40	-0.00015056583428022443
40	19	-0.00015056583428022443
19	21	-0.00015056633314211273
21	19	-0.00015056633314211273
19	22	-0.00015056775527844056
22	19	-0.00015056775527844056
19	42	-0.0001495192405472607
42	19	-0.0001495192405472607
19	25	-0.00014951973429665557
25	19	-0.00014951973429665557
19	26	-0.00014952114188706314
26	19	-0.00014952114188706314
19	44	-0.0001491602478988225
44	19	-0.0001491602478988225
19	28	-0.00014916075288076136
28	19	-0.00014916075288076136
19	29	-0.00014916215546493256
29	19	-0.00014916215546493256
2	4	-0.00012192681389502921
4	2	-0.00012192681389502921
2	5	-0.000121928117268966
5	2	-0.000121928117268966
2	48	-0.00012192855669642171
48	2	-0.00012192855669642171
34	2	-0.00015873211558844124
2	34	-0.00015873211558844124
2	49	-0.00015875291332367172
49	2	-0.00015875291332367172
2	35	-0.00015873601856905006
35	2	-0.00015873601856905006
2	36	-0.00015875266703973162
36	2	-0.00015875266703973162
2	33	-0.0001587927773606635
33	2	-0.0001587927773606635
2	37	-0.0001587315847098413
37	2	-0.0001587315847098413
2	23	-0.00015872055419963147
23	2	-0.00015872055419963147
2	27	-0.00015872099350302542
27	2	-0.00015872099350302542
2	30	-0.00015872901951782603
30	2	-0.00015872901951782603
