1	6	-0.00015247704013545104
6	1	-0.00015247704013545104
6	0	-0.00017689533366557623
0	6	-0.00017689533366557623
0	2	-4.390495188511839e-05
2	0	-4.390495188511839e-05
1	0	-3.9514456696606546e-05
0	1	-3.9514456696606546e-05
0	3	-0.00019641502628146867
3	0	-0.00019641502628146867
16	6	-0.00015876131483555443
6	16	-0.00015876131483555443
0	5	-4.424787842564915e-05
5	0	-4.424787842564915e-05
0	7	-0.00019312153789488115
7	0	-0.00019312153789488115
1	2	-1.9586557103830053e-05
2	1	-1.9586557103830053e-05
5	16	-0.00016972691667497462
16	5	-0.00016972691667497462
0	4	-0.00019484121478304743
4	0	-0.00019484121478304743
16	20	-0.00015876538418296818
20	16	-0.00015876538418296818
1	7	-0.00016360532601731372
7	1	-0.00016360532601731372
1	5	-1.807017848933998e-05
5	1	-1.807017848933998e-05
