1	6	-1.6179041902620065e-05
6	1	-1.6179041902620065e-05
6	0	-1.6179041902620065e-05
0	6	-1.6179041902620065e-05
5	55	-4.424914895009039e-05
55	5	-4.424914895009039e-05
0	2	-1.9586557103830053e-05
2	0	-1.9586557103830053e-05
1	0	-1.3116832098458593e-05
0	1	-1.3116832098458593e-05
0	3	-0.00017973219858631668
3	0	-0.00017973219858631668
16	6	-0.00015876131483555443
6	16	-0.00015876131483555443
5	37	-0.0001729434269101961
37	5	-0.0001729434269101961
0	5	-1.807017848933998e-05
5	0	-1.807017848933998e-05
5	4	-0.0001518614723944132
4	5	-0.0001518614723944132
5	39	-0.00017699225898133283
39	5	-0.00017699225898133283
0	7	-1.7390401869762912e-05
7	0	-1.7390401869762912e-05
5	41	-0.00018280120033786748
41	5	-0.00018280120033786748
0	10	-0.00019710346789510673
10	0	-0.00019710346789510673
1	2	-1.9586557103830053e-05
2	1	-1.9586557103830053e-05
0	16	-0.00012253758605310837
16	0	-0.00012253758605310837
5	16	-0.00015872088367694894
16	5	-0.00015872088367694894
0	15	-0.0001966319174097227
15	0	-0.0001966319174097227
0	14	-0.00019678877007423147
14	0	-0.00019678877007423147
0	4	-0.0001718169561833971
4	0	-0.0001718169561833971
16	20	-0.00015876538418296818
20	16	-0.00015876538418296818
5	44	-0.0001723994300323299
44	5	-0.0001723994300323299
1	7	-1.7390401869762912e-05
7	1	-1.7390401869762912e-05
0	23	-0.00015244370001866125
23	0	-0.00015244370001866125
5	23	-0.00017793137499588
23	5	-0.00017793137499588
1	5	-1.807017848933998e-05
5	1	-1.807017848933998e-05
5	26	-0.00017526789848854078
26	5	-0.00017526789848854078
5	48	-0.00018709129693770662
48	5	-0.00018709129693770662
5	31	-0.0001748383744985434
31	5	-0.0001748383744985434
0	30	-0.00019745050171930234
30	0	-0.00019745050171930234
0	50	-0.00019745019313898682
50	0	-0.00019745019313898682
0	52	-0.00019663278457273276
52	0	-0.00019663278457273276
0	51	-0.00019745137603631487
51	0	-0.00019745137603631487
1	16	-0.00012253712582865932
16	1	-0.00012253712582865932
2	5	-4.424883571507926e-05
5	2	-4.424883571507926e-05
2	16	-0.00012253889882547398
16	2	-0.00012253889882547398
3	5	-0.00014717935287804855
5	3	-0.00014717935287804855
3	16	-0.00011906772487828018
16	3	-0.00011906772487828018
4	16	-0.00011906898525786654
16	4	-0.00011906898525786654
5	7	-0.00019013987106566502
7	5	-0.00019013987106566502
5	8	-0.00018896659418431608
8	5	-0.00018896659418431608
5	10	-0.00017647558202636977
10	5	-0.00017647558202636977
5	11	-0.00019593638200142674
11	5	-0.00019593638200142674
5	14	-4.2797805722561285e-05
14	5	-4.2797805722561285e-05
5	15	-4.279812723167154e-05
15	5	-4.279812723167154e-05
5	52	-4.279904668552253e-05
52	5	-4.279904668552253e-05
5	21	-4.3310016039725e-05
21	5	-4.3310016039725e-05
5	22	-4.331034223975073e-05
22	5	-4.331034223975073e-05
5	54	-4.331127508752252e-05
54	5	-4.331127508752252e-05
5	24	-4.314761685615752e-05
24	5	-4.314761685615752e-05
5	25	-4.314794156607794e-05
25	5	-4.314794156607794e-05
5	53	-4.3148870159210014e-05
53	5	-4.3148870159210014e-05
5	50	-4.313219647944267e-05
50	5	-4.313219647944267e-05
5	30	-4.3132520964609335e-05
30	5	-4.3132520964609335e-05
5	51	-4.313344891563176e-05
51	5	-4.313344891563176e-05
7	16	-0.0001197692520458959
16	7	-0.0001197692520458959
