11	9	-1.9233257428520928e-07
9	11	-1.9233257428520928e-07
1	9	-1.6179041902620065e-05
9	1	-1.6179041902620065e-05
9	0	-1.0741272632444856e-06
0	9	-1.0741272632444856e-06
1	0	-1.3116832098458593e-05
0	1	-1.3116832098458593e-05
0	31	-1.5731273893734387e-09
31	0	-1.5731273893734387e-09
2	31	-5.955638708302409e-05
31	2	-5.955638708302409e-05
0	2	-2.0393521319792882e-07
2	0	-2.0393521319792882e-07
19	2	-0.00015872890968376401
2	19	-0.00015872890968376401
0	34	-6.154223095166611e-10
34	0	-6.154223095166611e-10
31	34	-0.00019752245731081004
34	31	-0.00019752245731081004
2	52	-0.00012190790551490244
52	2	-0.00012190790551490244
1	3	-1.9586557103830053e-05
3	1	-1.9586557103830053e-05
3	0	-6.9319990529717086e-09
0	3	-6.9319990529717086e-09
0	50	-1.1650262260432314e-08
50	0	-1.1650262260432314e-08
2	50	-5.957157504700784e-05
50	2	-5.957157504700784e-05
0	49	-1.0667306494357755e-08
49	0	-1.0667306494357755e-08
19	48	-4.403431128085902e-05
48	19	-4.403431128085902e-05
0	5	-7.947299589060278e-09
5	0	-7.947299589060278e-09
0	4	-7.194576687009374e-09
4	0	-7.194576687009374e-09
3	2	-1.6524770298668663e-07
2	3	-1.6524770298668663e-07
0	8	-2.18405677308665e-08
8	0	-2.18405677308665e-08
19	8	-0.00017770100984303925
8	19	-0.00017770100984303925
0	7	-1.676581701387706e-05
7	0	-1.676581701387706e-05
0	6	-0.0001456496483358744
6	0	-0.0001456496483358744
7	6	-0.0001975717153382379
6	7	-0.0001975717153382379
13	7	-0.0001780933259565364
7	13	-0.0001780933259565364
1	7	-1.676581701387706e-05
7	1	-1.676581701387706e-05
0	32	-2.3254926625520464e-09
32	0	-2.3254926625520464e-09
2	32	-0.00015877656509072282
32	2	-0.00015877656509072282
0	11	-1.92349426625912e-07
11	0	-1.92349426625912e-07
19	11	-0.00017938937561296918
11	19	-0.00017938937561296918
0	35	-1.3676022922760106e-09
35	0	-1.3676022922760106e-09
0	10	-0.00013227296945050485
10	0	-0.00013227296945050485
10	9	-0.00019710346789510673
9	10	-0.00019710346789510673
2	8	-0.00015880576558886691
8	2	-0.00015880576558886691
1	33	-0.00015167488986927047
33	1	-0.00015167488986927047
0	13	-1.937642420112391e-07
13	0	-1.937642420112391e-07
19	13	-0.00018070874761744765
13	19	-0.00018070874761744765
0	36	-2.0876290987127076e-08
36	0	-2.0876290987127076e-08
0	12	-1.0890941919717343e-08
12	0	-1.0890941919717343e-08
0	46	-1.0631630988027544e-08
46	0	-1.0631630988027544e-08
0	16	-1.9424430303339487e-07
16	0	-1.9424430303339487e-07
19	16	-0.00018115642335873208
16	19	-0.00018115642335873208
0	37	-5.128502087761872e-09
37	0	-5.128502087761872e-09
31	37	-0.00019752179647377708
37	31	-0.00019752179647377708
0	15	-0.00019674916452963362
15	0	-0.00019674916452963362
14	0	-0.0001967487155405317
0	14	-0.0001967487155405317
2	1	-4.5723637464605274e-05
1	2	-4.5723637464605274e-05
0	20	-4.49139269139954e-09
20	0	-4.49139269139954e-09
2	20	-0.00015876945362332736
20	2	-0.00015876945362332736
0	39	-1.9510671272811287e-07
39	0	-1.9510671272811287e-07
19	39	-0.0001819606537491929
39	19	-0.0001819606537491929
0	19	-4.4017483244440444e-05
19	0	-4.4017483244440444e-05
19	18	-4.3547145980843016e-05
18	19	-4.3547145980843016e-05
0	17	-0.00019696352874828594
17	0	-0.00019696352874828594
0	38	-0.00019696321717947406
38	0	-0.00019696321717947406
10	6	-0.00016656124926458087
6	10	-0.00016656124926458087
2	24	-0.00015876131483555443
24	2	-0.00015876131483555443
0	41	-1.975920426873013e-07
41	0	-1.975920426873013e-07
19	41	-0.00018427831651190746
41	19	-0.00018427831651190746
0	43	-1.920847771134515e-07
43	0	-1.920847771134515e-07
19	43	-0.00017914257915565814
43	19	-0.00017914257915565814
0	25	-0.0001961992121849639
25	0	-0.0001961992121849639
0	42	-0.0001961989020200035
42	0	-0.0001961989020200035
0	45	-1.9021938825581662e-07
45	0	-1.9021938825581662e-07
19	45	-0.00017740302632614804
45	19	-0.00017740302632614804
0	30	-0.00015172740464205556
30	0	-0.00015172740464205556
0	28	-0.00019572369889546388
28	0	-0.00019572369889546388
0	44	-0.00019572337256365874
44	0	-0.00019572337256365874
1	6	-0.00018439192225336933
6	1	-0.00018439192225336933
1	46	-0.00019512901367154984
46	1	-0.00019512901367154984
2	6	-4.496996531514353e-05
6	2	-4.496996531514353e-05
2	9	-2.0391626968192596e-07
9	2	-2.0391626968192596e-07
2	46	-4.517485917233892e-05
46	2	-4.517485917233892e-05
2	14	-0.0001204730469503817
14	2	-0.0001204730469503817
2	38	-0.00012060312572025171
38	2	-0.00012060312572025171
2	40	-0.00012097252687614771
40	2	-0.00012097252687614771
2	42	-0.00012013186262311517
42	2	-0.00012013186262311517
2	44	-0.00011984417474623914
44	2	-0.00011984417474623914
3	6	-0.00013462726759915143
6	3	-0.00013462726759915143
3	9	-6.930435089034352e-09
9	3	-6.930435089034352e-09
6	9	-0.00016613054045599128
9	6	-0.00016613054045599128
6	46	-0.00019673165321285968
46	6	-0.00019673165321285968
9	46	-1.0629465812176367e-08
46	9	-1.0629465812176367e-08
1	4	-0.00012635970470355253
4	1	-0.00012635970470355253
1	10	-0.00017750686073301334
10	1	-0.00017750686073301334
1	12	-0.0001951293241999742
12	1	-0.0001951293241999742
2	7	-0.00011989723002045128
7	2	-0.00011989723002045128
2	10	-0.0001201837244214248
10	2	-0.0001201837244214248
2	12	-4.517518956953722e-05
12	2	-4.517518956953722e-05
2	15	-0.00012047358054975005
15	2	-0.00012047358054975005
2	17	-0.00012060357564985573
17	2	-0.00012060357564985573
2	21	-0.00012097297878116406
21	2	-0.00012097297878116406
2	25	-0.00012013231006687564
25	2	-0.00012013231006687564
2	28	-0.0001198446310907254
28	2	-0.0001198446310907254
3	7	-0.0001942912425487629
7	3	-0.0001942912425487629
3	10	-0.00016281295632110244
10	3	-0.00016281295632110244
4	6	-0.00011856798202173896
6	4	-0.00011856798202173896
4	7	-0.00019429067872805565
7	4	-0.00019429067872805565
4	9	-7.1929630385231495e-09
9	4	-7.1929630385231495e-09
4	10	-0.00014533283225701038
10	4	-0.00014533283225701038
6	12	-0.00019673108621418996
12	6	-0.00019673108621418996
7	9	-0.00019065758922589618
9	7	-0.00019065758922589618
7	10	-0.0001971023106623721
10	7	-0.0001971023106623721
9	12	-1.0888738221791147e-08
12	9	-1.0888738221791147e-08
10	46	-0.00019720127921472462
46	10	-0.00019720127921472462
10	12	-0.00019720071025311226
12	10	-0.00019720071025311226
0	53	-0.00019580851701315506
53	0	-0.00019580851701315506
0	51	-0.00019477729244804618
51	0	-0.00019477729244804618
0	47	-1.163430006759945e-08
47	0	-1.163430006759945e-08
0	54	-0.00019675004621900558
54	0	-0.00019675004621900558
0	18	-0.00019696441155411776
18	0	-0.00019696441155411776
0	26	-0.00019620009104647534
26	0	-0.00019620009104647534
0	29	-0.0001957245752803281
29	0	-0.0001957245752803281
1	34	-6.152276188718726e-10
34	1	-6.152276188718726e-10
1	5	-0.00011357291569618734
5	1	-0.00011357291569618734
1	48	-0.00019754476736610723
48	1	-0.00019754476736610723
1	49	-0.0001517089028992952
49	1	-0.0001517089028992952
1	35	-0.00015172165125232595
35	1	-0.00015172165125232595
1	47	-0.000195130204138234
47	1	-0.000195130204138234
1	36	-0.00015171287606084252
36	1	-0.00015171287606084252
1	37	-0.00015172503135025216
37	1	-0.00015172503135025216
1	19	-4.4017150564001116e-05
19	1	-4.4017150564001116e-05
0	48	-8.192373404902076e-09
48	0	-8.192373404902076e-09
52	19	-4.401843459485984e-05
19	52	-4.401843459485984e-05
34	6	-5.126896823932279e-09
6	34	-5.126896823932279e-09
2	53	-0.00011989850281713275
53	2	-0.00011989850281713275
2	51	-0.00012018500151667932
51	2	-0.00012018500151667932
2	47	-4.517613434266116e-05
47	2	-4.517613434266116e-05
2	54	-0.00012047486203782693
54	2	-0.00012047486203782693
2	18	-0.00012060485911474942
18	2	-0.00012060485911474942
2	22	-0.00012097426786987899
22	2	-0.00012097426786987899
2	26	-0.00012013358645489227
26	2	-0.00012013358645489227
2	29	-0.000119845903108403
29	2	-0.000119845903108403
3	19	-4.403271185026555e-05
19	3	-4.403271185026555e-05
4	19	-4.403304457537885e-05
19	4	-4.403304457537885e-05
5	6	-0.00010656966521102848
6	5	-0.00010656966521102848
5	7	-0.0001942890727794142
7	5	-0.0001942890727794142
5	9	-7.945547377945118e-09
9	5	-7.945547377945118e-09
5	10	-0.00013227296945050485
10	5	-0.00013227296945050485
5	19	-4.4033996052898036e-05
19	5	-4.4033996052898036e-05
48	6	-0.0001942879629385158
6	48	-0.0001942879629385158
48	9	-8.19057731701397e-09
9	48	-8.19057731701397e-09
48	10	-0.00019475178654288598
10	48	-0.00019475178654288598
49	6	-0.00014920776741868903
6	49	-0.00014920776741868903
49	9	-1.0664261483191248e-08
9	49	-1.0664261483191248e-08
49	10	-0.00014956443954300058
10	49	-0.00014956443954300058
6	51	-0.00019710012669150133
51	6	-0.00019710012669150133
6	35	-0.00014922021666917288
35	6	-0.00014922021666917288
6	47	-0.00019672947115522205
47	6	-0.00019672947115522205
6	36	-0.00014921177271050033
36	6	-0.00014921177271050033
6	37	-0.0001492235185879838
37	6	-0.0001492235185879838
6	19	-4.329162214926291e-05
19	6	-4.329162214926291e-05
6	30	-0.00014922534126560758
30	6	-0.00014922534126560758
7	19	-4.329194820848209e-05
19	7	-4.329194820848209e-05
53	19	-4.329288065434285e-05
19	53	-4.329288065434285e-05
9	35	-1.3671475738124505e-09
35	9	-1.3671475738124505e-09
9	47	-1.1631989710861045e-08
47	9	-1.1631989710861045e-08
9	36	-2.087141078956867e-08
36	9	-2.087141078956867e-08
9	19	-4.3396191660861684e-05
19	9	-4.3396191660861684e-05
10	35	-0.00014957693109582642
35	10	-0.00014957693109582642
10	47	-0.0001971990895916409
47	10	-0.0001971990895916409
10	36	-0.00014956844039899582
36	10	-0.00014956844039899582
10	19	-4.3396518658776534e-05
19	10	-4.3396518658776534e-05
51	19	-4.3397453784741654e-05
19	51	-4.3397453784741654e-05
46	19	-4.348948284235963e-05
19	46	-4.348948284235963e-05
12	19	-4.348981057865992e-05
19	12	-4.348981057865992e-05
47	19	-4.349074781234348e-05
19	47	-4.349074781234348e-05
14	19	-4.349969582826682e-05
19	14	-4.349969582826682e-05
15	19	-4.3500054244460385e-05
19	15	-4.3500054244460385e-05
54	19	-4.350099210168595e-05
19	54	-4.350099210168595e-05
38	19	-4.354587851129236e-05
19	38	-4.354587851129236e-05
17	19	-4.3546206895801204e-05
19	17	-4.3546206895801204e-05
19	40	-4.367706025470473e-05
40	19	-4.367706025470473e-05
19	21	-4.367738986196004e-05
21	19	-4.367738986196004e-05
19	22	-4.367833243825046e-05
22	19	-4.367833243825046e-05
19	42	-4.337353891658083e-05
42	19	-4.337353891658083e-05
19	25	-4.33738657564228e-05
25	19	-4.33738657564228e-05
19	26	-4.3374800431278985e-05
26	19	-4.3374800431278985e-05
19	44	-4.327184592123297e-05
44	19	-4.327184592123297e-05
19	28	-4.3272175577772267e-05
28	19	-4.3272175577772267e-05
19	29	-4.327310753625631e-05
29	19	-4.327310753625631e-05
1	8	-1.9547882523373337e-07
8	1	-1.9547882523373337e-07
1	11	-4.848091780353849e-05
11	1	-4.848091780353849e-05
1	13	-4.81265340844347e-05
13	1	-4.81265340844347e-05
1	16	-4.800746115481582e-05
16	1	-4.800746115481582e-05
1	39	-4.779502342808985e-05
39	1	-4.779502342808985e-05
1	41	-4.7193183620683464e-05
41	1	-4.7193183620683464e-05
1	43	-4.854778694875802e-05
43	1	-4.854778694875802e-05
1	45	-4.902439367498383e-05
45	1	-4.902439367498383e-05
2	4	-4.573963642454342e-05
4	2	-4.573963642454342e-05
2	5	-4.574059563248637e-05
5	2	-4.574059563248637e-05
2	48	-4.5740913588405725e-05
48	2	-4.5740913588405725e-05
2	11	-0.00019054430388908077
11	2	-0.00019054430388908077
2	13	-0.00018771865413142025
13	2	-0.00018771865413142025
3	8	-4.8957944813223e-05
8	3	-4.8957944813223e-05
3	11	-1.9251208580651e-09
11	3	-1.9251208580651e-09
3	13	-4.8142341055186115e-05
13	3	-4.8142341055186115e-05
4	8	-0.00015168497655616844
8	4	-0.00015168497655616844
4	11	-2.1876408268014447e-09
11	4	-2.1876408268014447e-09
4	13	-0.0001674733809211643
13	4	-0.0001674733809211643
5	11	-2.94020255395326e-09
11	5	-2.94020255395326e-09
5	13	-0.0001524239296402302
13	5	-0.0001524239296402302
48	11	-3.1852245121720993e-09
11	48	-3.1852245121720993e-09
6	8	-2.0945167988942985e-07
8	6	-2.0945167988942985e-07
6	11	-4.7681796833402294e-05
11	6	-4.7681796833402294e-05
6	13	-4.733325449425254e-05
13	6	-4.733325449425254e-05
6	16	-4.721614426829822e-05
16	6	-4.721614426829822e-05
6	39	-4.700720819644939e-05
39	6	-4.700720819644939e-05
6	41	-4.641528863875259e-05
41	6	-4.641528863875259e-05
6	43	-4.774756376070557e-05
43	6	-4.774756376070557e-05
6	45	-4.821631447993541e-05
45	6	-4.821631447993541e-05
7	8	-4.813570025908188e-05
8	7	-4.813570025908188e-05
7	11	-0.0001848413933853583
11	7	-0.0001848413933853583
8	9	-2.183556626435672e-08
9	8	-2.183556626435672e-08
8	10	-4.825177622403e-05
10	8	-4.825177622403e-05
8	11	-1.5316806398379664e-08
11	8	-1.5316806398379664e-08
9	13	-1.9374714085691454e-07
13	9	-1.9374714085691454e-07
9	16	-1.942271170398521e-07
16	9	-1.942271170398521e-07
9	39	-1.9508937379718345e-07
39	9	-1.9508937379718345e-07
9	41	-1.975742592256248e-07
41	9	-1.975742592256248e-07
9	43	-1.9206797111237975e-07
43	9	-1.9206797111237975e-07
9	45	-1.9020290707131505e-07
45	9	-1.9020290707131505e-07
10	11	-0.00017794900244556526
11	10	-0.00017794900244556526
10	13	-0.0001714525578700215
13	10	-0.0001714525578700215
11	46	-5.68633211740817e-09
46	11	-5.68633211740817e-09
11	12	-5.94559674332723e-09
12	11	-5.94559674332723e-09
11	47	-6.688826178459474e-09
47	11	-6.688826178459474e-09
11	13	-0.0001903594451323159
13	11	-0.0001903594451323159
1	31	-1.5726372248016973e-09
31	1	-1.5726372248016973e-09
1	50	-0.0001516705867087668
50	1	-0.0001516705867087668
1	32	-0.00015168324204022985
32	1	-0.00015168324204022985
0	33	-2.1838781049844677e-08
33	0	-2.1838781049844677e-08
52	31	-0.00015168837180869047
31	52	-0.00015168837180869047
34	2	-0.00015873211558844124
2	34	-0.00015873211558844124
34	8	-0.00019748620268081405
8	34	-0.00019748620268081405
34	20	-0.00019752500993229413
20	34	-0.00019752500993229413
34	24	-0.0001975295230292306
24	34	-0.0001975295230292306
31	3	-0.00015170308820408574
3	31	-0.00015170308820408574
31	4	-0.00015170339110290006
4	31	-0.00015170339110290006
31	5	-0.00015170425134905424
5	31	-0.00015170425134905424
31	48	-0.0001517045501845533
48	31	-0.0001517045501845533
31	49	-0.00019753481114996262
49	31	-0.00019753481114996262
31	50	-0.00019754893873988178
50	31	-0.00019754893873988178
31	6	-6.085422304667453e-09
6	31	-6.085422304667453e-09
31	7	-0.00014918605428930256
7	31	-0.00014918605428930256
31	53	-0.0001491874575736652
53	31	-0.0001491874575736652
31	9	-0.0001495417020416662
9	31	-0.0001495417020416662
31	10	-1.367472296781929e-10
10	31	-1.367472296781929e-10
31	51	-0.00014954360421085998
51	31	-0.00014954360421085998
31	35	-0.00019752535193103595
35	31	-0.00019752535193103595
31	32	-0.00019756758695563378
32	31	-0.00019756758695563378
31	46	-0.00014981899042913516
46	31	-0.00014981899042913516
31	12	-0.0001498192890639298
12	31	-0.0001498192890639298
31	47	-0.00014982013728581322
47	31	-0.00014982013728581322
31	36	-0.00019752180205886608
36	31	-0.00019752180205886608
31	33	-0.0001975705281739085
33	31	-0.0001975705281739085
31	8	-6.374796670768505e-05
8	31	-6.374796670768505e-05
31	14	-0.00014990278143015796
14	31	-0.00014990278143015796
31	15	-0.00014990338216328705
15	31	-0.00014990338216328705
31	54	-0.0001499047953982328
54	31	-0.0001499047953982328
31	38	-0.00015006497859407474
38	31	-0.00015006497859407474
31	17	-0.00015006547512298675
17	31	-0.00015006547512298675
31	18	-0.00015006689062228742
18	31	-0.00015006689062228742
31	19	-0.00019751885651048462
19	31	-0.00019751885651048462
31	20	-0.00019756909165614107
20	31	-0.00019756909165614107
31	40	-0.00015052557908915506
40	31	-0.00015052557908915506
31	21	-0.0001505260778824221
21	31	-0.0001505260778824221
31	22	-0.0001505274998242364
22	31	-0.0001505274998242364
31	23	-0.00019750955845468555
23	31	-0.00019750955845468555
31	24	-0.0001975600636249915
24	31	-0.0001975600636249915
31	42	-0.00014947927540471886
42	31	-0.00014947927540471886
31	25	-0.00014947976908647536
25	31	-0.00014947976908647536
31	26	-0.00014948117648515527
26	31	-0.00014948117648515527
31	27	-0.00019751010530312817
27	31	-0.00019751010530312817
31	44	-0.00014912038312364412
44	31	-0.00014912038312364412
31	28	-0.00014912088803468407
28	31	-0.00014912088803468407
31	29	-0.000149122290428087
29	31	-0.000149122290428087
31	30	-0.00019751899323205955
30	31	-0.00019751899323205955
2	49	-5.9555781641185054e-05
49	2	-5.9555781641185054e-05
2	35	-0.00015873601856905006
35	2	-0.00015873601856905006
2	36	-5.956206782459688e-05
36	2	-5.956206782459688e-05
2	33	-5.957771525130246e-05
33	2	-5.957771525130246e-05
2	37	-0.0001587315847098413
37	2	-0.0001587315847098413
2	23	-0.00015872055419963147
23	2	-0.00015872055419963147
2	27	-0.00015872099350302542
27	2	-0.00015872099350302542
2	30	-0.00015872901951782603
30	2	-0.00015872901951782603
50	6	-0.00014917009229345026
6	50	-0.00014917009229345026
50	9	-1.164699362720733e-08
9	50	-1.164699362720733e-08
50	10	-0.00014952667352824834
10	50	-0.00014952667352824834
6	32	-0.0001491824498620073
32	6	-0.0001491824498620073
6	33	-0.0001491744219009408
33	6	-0.0001491744219009408
6	20	-4.489956978878234e-09
20	6	-4.489956978878234e-09
9	32	-2.3247305262742422e-09
32	9	-2.3247305262742422e-09
9	33	-2.1833780401503813e-08
33	9	-2.1833780401503813e-08
10	32	-0.00014953907320897203
32	10	-0.00014953907320897203
10	33	-0.00014953099950547387
33	10	-0.00014953099950547387
8	20	-0.00019753282319020415
20	8	-0.00019753282319020415
8	24	-0.00019752379698654917
24	8	-0.00019752379698654917
20	24	-0.00019756325530603295
24	20	-0.00019756325530603295
31	11	-6.314735603887384e-05
11	31	-6.314735603887384e-05
31	13	-6.26858212011603e-05
13	31	-6.26858212011603e-05
31	16	-6.253074549568854e-05
16	31	-6.253074549568854e-05
31	39	-6.225407530334263e-05
39	31	-6.225407530334263e-05
31	41	-6.147026379376392e-05
41	31	-6.147026379376392e-05
31	43	-6.32344436741777e-05
43	31	-6.32344436741777e-05
31	45	-6.385515674925379e-05
45	31	-6.385515674925379e-05
49	11	-4.14721279901882e-09
11	49	-4.14721279901882e-09
50	11	-5.128324004151956e-09
11	50	-5.128324004151956e-09
11	36	-1.4354791263567971e-08
36	11	-1.4354791263567971e-08
11	33	-1.5315553684562174e-08
33	11	-1.5315553684562174e-08
