0	7	-1.6179041902620065e-05
7	0	-1.6179041902620065e-05
7	4	-0.0001838100279227126
4	7	-0.0001838100279227126
0	1	-3.9514456696606546e-05
1	0	-3.9514456696606546e-05
2	32	-0.00015877233106149463
32	2	-0.00015877233106149463
1	2	-2.1414626382073437e-07
2	1	-2.1414626382073437e-07
5	2	-1.8621327378231154e-07
2	5	-1.8621327378231154e-07
0	35	-5.128498537801658e-09
35	0	-5.128498537801658e-09
2	53	-0.00012156195744304786
53	2	-0.00012156195744304786
8	0	-0.0001656382029586221
0	8	-0.0001656382029586221
1	6	-1.676581701387706e-05
6	1	-1.676581701387706e-05
2	6	-1.938260008066786e-07
6	2	-1.938260008066786e-07
0	37	-2.022112186814149e-07
37	0	-2.022112186814149e-07
5	37	-0.00017155864104720107
37	5	-0.00017155864104720107
0	5	-1.7390401869762912e-05
5	0	-1.7390401869762912e-05
6	5	-0.00019047637752695184
5	6	-0.00019047637752695184
37	4	-1.7693481634623807e-07
4	37	-1.7693481634623807e-07
5	4	-4.290375557560668e-05
4	5	-4.290375557560668e-05
0	3	-0.00019098210286820096
3	0	-0.00019098210286820096
4	3	-0.00013653469232290542
3	4	-0.00013653469232290542
0	36	-0.0001944365207319767
36	0	-0.0001944365207319767
11	6	-0.0001780933259565364
6	11	-0.0001780933259565364
0	6	-2.234296871863733e-09
6	0	-2.234296871863733e-09
6	4	-0.00017127569082226276
4	6	-0.00017127569082226276
4	33	-3.921418999597568e-09
33	4	-3.921418999597568e-09
2	33	-6.0270419554581334e-05
33	2	-6.0270419554581334e-05
1	9	-2.012837195399808e-07
9	1	-2.012837195399808e-07
5	9	-1.7502946989043455e-07
9	5	-1.7502946989043455e-07
0	38	-7.476210339264931e-09
38	0	-7.476210339264931e-09
1	4	-0.0001779577066029481
4	1	-0.0001779577066029481
2	13	-0.00015876945362332736
13	2	-0.00015876945362332736
0	9	-2.012837195399808e-07
9	0	-2.012837195399808e-07
0	12	-3.532967697314365e-09
12	0	-3.532967697314365e-09
9	11	-0.0001714525578700215
11	9	-0.0001714525578700215
0	10	-0.00019457986921975757
10	0	-0.00019457986921975757
0	39	-0.00019589691922370874
39	0	-0.00019589691922370874
4	34	-2.3026937148799642e-09
34	4	-2.3026937148799642e-09
2	34	-6.027345357660536e-05
34	2	-6.027345357660536e-05
0	40	-9.801130538909838e-09
40	0	-9.801130538909838e-09
2	49	-0.0001215677359676191
49	2	-0.0001215677359676191
0	15	-2.5310422272125835e-09
15	0	-2.5310422272125835e-09
0	14	-2.26920967122097e-09
14	0	-2.26920967122097e-09
14	2	-0.0001215659829352458
2	14	-0.0001215659829352458
9	3	-2.0822937594794812e-07
3	9	-2.0822937594794812e-07
2	19	-6.025938464523648e-05
19	2	-6.025938464523648e-05
0	42	-2.2251554089639258e-07
42	0	-2.2251554089639258e-07
5	42	-0.00018878350511379236
42	5	-0.00018878350511379236
41	2	-0.00012168155598326338
2	41	-0.00012168155598326338
1	22	-4.689809975387458e-05
22	1	-4.689809975387458e-05
5	22	-0.0001849107862109222
22	5	-0.0001849107862109222
1	43	-0.00015128732388602065
43	1	-0.00015128732388602065
0	21	-2.5210747755988268e-09
21	0	-2.5210747755988268e-09
20	0	-2.260271748755215e-09
0	20	-2.260271748755215e-09
0	45	-2.053982473655575e-07
45	0	-2.053982473655575e-07
5	45	-0.00017426232771272355
45	5	-0.00017426232771272355
0	23	-0.0001952161110946312
23	0	-0.0001952161110946312
0	44	-0.00019521580333725283
44	0	-0.00019521580333725283
0	47	-2.0320231584103662e-07
47	0	-2.0320231584103662e-07
5	47	-0.0001723994300323299
47	5	-0.0001723994300323299
0	26	-0.00019468127812889124
26	0	-0.00019468127812889124
0	46	-0.00019468097135608633
46	0	-0.00019468097135608633
1	31	-4.743998098321647e-05
31	1	-4.743998098321647e-05
5	31	-0.00018280120033786748
31	5	-0.00018280120033786748
0	48	-7.47622068937593e-09
48	0	-7.47622068937593e-09
0	30	-0.0001962440076771036
30	0	-0.0001962440076771036
0	29	-0.0001962436959442156
29	0	-0.0001962436959442156
1	7	-1.6179041902620065e-05
7	1	-1.6179041902620065e-05
36	2	-0.00011882426508924454
2	36	-0.00011882426508924454
7	2	-4.544196120209805e-05
2	7	-4.544196120209805e-05
39	2	-0.00011971816976502583
2	39	-0.00011971816976502583
2	20	-0.00012108729080541228
20	2	-0.00012108729080541228
2	44	-0.00011929867532425723
44	2	-0.00011929867532425723
2	46	-0.00011897360939793476
46	2	-0.00011897360939793476
2	29	-0.0001207447507047765
29	2	-0.0001207447507047765
1	3	-0.00019098210286820096
3	1	-0.00019098210286820096
0	2	-2.1414626382073437e-07
2	0	-2.1414626382073437e-07
3	7	-0.00016613054045599128
7	3	-0.00016613054045599128
3	8	-0.00016053132594432638
8	3	-0.00016053132594432638
3	2	-2.2153576543044253e-07
2	3	-2.2153576543044253e-07
8	2	-0.00011972333782311215
2	8	-0.00011972333782311215
10	2	-0.00011971862542145313
2	10	-0.00011971862542145313
2	21	-0.00012108782851465393
21	2	-0.00012108782851465393
2	23	-0.00011929911836468132
23	2	-0.00011929911836468132
2	26	-0.00011897405071906038
26	2	-0.00011897405071906038
2	30	-0.00012074520137519635
30	2	-0.00012074520137519635
15	2	-0.00012156643796979579
2	15	-0.00012156643796979579
0	4	-0.00014087818028561994
4	0	-0.00014087818028561994
0	51	-0.00019458361637330858
51	0	-0.00019458361637330858
0	11	-0.00014709992957268202
11	0	-0.00014709992957268202
0	50	-3.2687061482003002e-09
50	0	-3.2687061482003002e-09
0	24	-0.00019521698317685464
24	0	-0.00019521698317685464
0	27	-0.00019468214744432853
27	0	-0.00019468214744432853
0	52	-0.00019624489097942003
52	0	-0.00019624489097942003
1	35	-0.00015129446254247012
35	1	-0.00015129446254247012
1	5	-1.7390401869762912e-05
5	1	-1.7390401869762912e-05
1	38	-0.00015129130541500672
38	1	-0.00015129130541500672
1	40	-0.00015128814425599196
40	1	-0.00015128814425599196
1	48	-0.00015129109595695637
48	1	-0.00015129109595695637
0	49	-3.2816294830077765e-09
49	0	-3.2816294830077765e-09
0	43	-9.801183683380403e-09
43	0	-9.801183683380403e-09
53	5	-4.3893519869191886e-05
5	53	-4.3893519869191886e-05
36	5	-4.290251061600853e-05
5	36	-4.290251061600853e-05
3	5	-4.2902833161680343e-05
5	3	-4.2902833161680343e-05
3	11	-0.00014256461564315993
11	3	-0.00014256461564315993
4	8	-0.00017055503574166418
8	4	-0.00017055503574166418
4	11	-0.00019000896950594772
11	4	-0.00019000896950594772
4	2	-1.8623036885072575e-07
2	4	-1.8623036885072575e-07
4	40	-5.288051825644378e-09
40	4	-5.288051825644378e-09
4	43	-5.288080498940124e-09
43	4	-5.288080498940124e-09
5	7	-4.322995456118897e-05
7	5	-4.322995456118897e-05
5	8	-4.32302800461848e-05
8	5	-4.32302800461848e-05
5	51	-4.3231210852454135e-05
51	5	-4.3231210852454135e-05
5	39	-4.3226349607841716e-05
39	5	-4.3226349607841716e-05
5	10	-4.322667884258338e-05
10	5	-4.322667884258338e-05
5	11	-4.322760961935486e-05
11	5	-4.322760961935486e-05
5	14	-4.389661238526532e-05
14	5	-4.389661238526532e-05
5	15	-4.3896943936001555e-05
15	5	-4.3896943936001555e-05
5	49	-4.389789206088694e-05
49	5	-4.389789206088694e-05
5	41	-4.3933054800189723e-05
41	5	-4.3933054800189723e-05
5	16	-4.393338674671253e-05
16	5	-4.393338674671253e-05
5	17	-4.393433600189552e-05
17	5	-4.393433600189552e-05
5	20	-4.3723760059575067e-05
20	5	-4.3723760059575067e-05
5	21	-4.3724120805123754e-05
21	5	-4.3724120805123754e-05
5	50	-4.372506442176549e-05
50	5	-4.372506442176549e-05
5	44	-4.30727171283997e-05
44	5	-4.30727171283997e-05
5	23	-4.30730412320278e-05
23	5	-4.30730412320278e-05
5	24	-4.30739680943864e-05
24	5	-4.30739680943864e-05
5	46	-4.29564326477098e-05
46	5	-4.29564326477098e-05
5	26	-4.295675568267897e-05
26	5	-4.295675568267897e-05
5	27	-4.295767949368277e-05
27	5	-4.295767949368277e-05
5	29	-4.3598930618561045e-05
29	5	-4.3598930618561045e-05
5	30	-4.3599259464306743e-05
30	5	-4.3599259464306743e-05
5	52	-4.360019986615106e-05
52	5	-4.360019986615106e-05
8	11	-0.00017734398517411058
11	8	-0.00017734398517411058
51	2	-0.00011972460798372654
2	51	-0.00011972460798372654
11	2	-0.00011971989554271023
2	11	-0.00011971989554271023
2	50	-0.00012108911925473726
50	2	-0.00012108911925473726
2	24	-0.00011930038221664405
24	2	-0.00011930038221664405
2	27	-0.00011897530967617333
27	2	-0.00011897530967617333
2	52	-0.00012074648694904028
52	2	-0.00012074648694904028
1	37	-5.05525696599631e-05
37	1	-5.05525696599631e-05
1	42	-4.593485229486345e-05
42	1	-4.593485229486345e-05
1	45	-4.9767354929978955e-05
45	1	-4.9767354929978955e-05
1	47	-5.03057460058406e-05
47	1	-5.03057460058406e-05
0	22	-2.1795042822143906e-07
22	0	-2.1795042822143906e-07
0	31	-2.1546368200793176e-07
31	0	-2.1546368200793176e-07
2	9	-0.00018570524364022007
9	2	-0.00018570524364022007
2	16	-0.00012168201166534238
16	2	-0.00012168201166534238
2	17	-0.00012168331150673998
17	2	-0.00012168331150673998
4	9	-1.7504457310988225e-07
9	4	-1.7504457310988225e-07
4	42	-1.947010982843435e-07
42	4	-1.947010982843435e-07
4	22	-1.9070662469375916e-07
22	4	-1.9070662469375916e-07
4	45	-1.797234664448628e-07
45	4	-1.797234664448628e-07
4	47	-1.7780202636090704e-07
47	4	-1.7780202636090704e-07
4	31	-1.8853072175694028e-07
31	4	-1.8853072175694028e-07
7	9	-4.834904873367461e-05
9	7	-4.834904873367461e-05
8	9	-0.0001910088652520708
9	8	-0.0001910088652520708
9	10	-0.00017794900244556526
10	9	-0.00017794900244556526
1	32	-0.0001512558668567987
32	1	-0.0001512558668567987
1	33	-6.178514819133383e-09
33	1	-6.178514819133383e-09
1	34	-8.504007481685429e-09
34	1	-8.504007481685429e-09
0	32	-6.087319028445061e-09
32	0	-6.087319028445061e-09
0	33	-6.176663071317814e-09
33	0	-6.176663071317814e-09
0	13	-4.49139269139954e-09
13	0	-4.49139269139954e-09
0	34	-8.501558802291966e-09
34	0	-8.501558802291966e-09
35	2	-0.0001587314748733329
2	35	-0.0001587314748733329
2	38	-0.00015873568904644443
38	2	-0.00015873568904644443
2	12	-0.00015872869001609603
12	2	-0.00015872869001609603
2	40	-0.0001587398988401648
40	2	-0.0001587398988401648
2	18	-0.00015872055419963147
18	2	-0.00015872055419963147
2	43	-0.00015874075929621977
43	2	-0.00015874075929621977
2	25	-0.00015872119485122705
25	2	-0.00015872119485122705
2	28	-0.0001587245122318825
28	2	-0.0001587245122318825
2	48	-0.0001587359087280295
48	2	-0.0001587359087280295
3	6	-2.2335571512034128e-09
6	3	-2.2335571512034128e-09
3	33	-8.433082422094428e-09
33	3	-8.433082422094428e-09
3	34	-1.0758004704240769e-08
34	3	-1.0758004704240769e-08
6	7	-0.00019065758922589618
7	6	-0.00019065758922589618
6	8	-0.0001967409835525289
8	6	-0.0001967409835525289
6	33	-0.00019755988124477508
33	6	-0.00019755988124477508
6	10	-0.0001848413933853583
10	6	-0.0001848413933853583
6	40	-0.00019753114152809597
40	6	-0.00019753114152809597
6	34	-2.3019661365673368e-09
34	6	-2.3019661365673368e-09
6	19	-0.00019756776934296374
19	6	-0.00019756776934296374
6	43	-0.00019753221259718282
43	6	-0.00019753221259718282
7	33	-0.00014896560260029953
33	7	-0.00014896560260029953
7	34	-0.00014896252711971147
34	7	-0.00014896252711971147
8	33	-2.507062332256524e-10
33	8	-2.507062332256524e-10
8	34	-2.575467063684251e-09
34	8	-2.575467063684251e-09
33	34	-0.00019756763255245047
34	33	-0.00019756763255245047
33	19	-0.00019755536738806702
19	33	-0.00019755536738806702
34	19	-0.0001975507168556857
19	34	-0.0001975507168556857
32	9	-6.412252786931391e-05
9	32	-6.412252786931391e-05
37	6	-6.602761880489269e-05
6	37	-6.602761880489269e-05
6	9	-1.8218498328876095e-07
9	6	-1.8218498328876095e-07
6	42	-5.999669541705044e-05
42	6	-5.999669541705044e-05
6	22	-6.125473508676601e-05
22	6	-6.125473508676601e-05
6	45	-6.500209699289729e-05
45	6	-6.500209699289729e-05
6	47	-6.570525725033531e-05
47	6	-6.570525725033531e-05
6	31	-6.196245362410447e-05
31	6	-6.196245362410447e-05
38	9	-6.410855765087967e-05
9	38	-6.410855765087967e-05
9	33	-2.4842708565087497e-09
33	9	-2.4842708565087497e-09
9	40	-6.411164345609534e-05
40	9	-6.411164345609534e-05
9	34	-4.8090579684723655e-09
34	9	-4.8090579684723655e-09
9	19	-6.411443747068498e-05
19	9	-6.411443747068498e-05
9	43	-6.411199098559659e-05
43	9	-6.411199098559659e-05
9	48	-6.410864637613323e-05
48	9	-6.410864637613323e-05
