0	6	-1.8790418437020857e-05
6	0	-1.8790418437020857e-05
0	1	-0.00013171485565535503
1	0	-0.00013171485565535503
8	2	-0.00017526789848854078
2	8	-0.00017526789848854078
0	9	-1.6179041902620065e-05
9	0	-1.6179041902620065e-05
3	2	-0.00019728256060228013
2	3	-0.00019728256060228013
2	9	-0.00015876538418296818
9	2	-0.00015876538418296818
0	8	-4.315014220792099e-05
8	0	-4.315014220792099e-05
2	19	-0.00015876945362332736
19	2	-0.00015876945362332736
0	2	-0.00018967493414324794
2	0	-0.00018967493414324794
4	2	-0.0001710806795908503
2	4	-0.0001710806795908503
6	2	-0.00017554283532468602
2	6	-0.00017554283532468602
1	8	-4.3149817491037906e-05
8	1	-4.3149817491037906e-05
1	9	-1.6179041902620065e-05
9	1	-1.6179041902620065e-05
