0	6	-1.8790418437020857e-05
6	0	-1.8790418437020857e-05
0	1	-0.00013171485565535503
1	0	-0.00013171485565535503
1	2	-0.00019659620281981484
2	1	-0.00019659620281981484
8	2	-0.00017526789848854078
2	8	-0.00017526789848854078
0	9	-1.6179041902620065e-05
9	0	-1.6179041902620065e-05
2	32	-0.00015877233106149463
32	2	-0.00015877233106149463
3	2	-0.00019667370073948962
2	3	-0.00019667370073948962
2	9	-0.00015876538418296818
9	2	-0.00015876538418296818
0	8	-4.315014220792099e-05
8	0	-4.315014220792099e-05
0	7	-0.00018999930411613074
7	0	-0.00018999930411613074
8	15	-0.0001748383744985434
15	8	-0.0001748383744985434
2	19	-0.00015876945362332736
19	2	-0.00015876945362332736
8	22	-0.0001787792116151451
22	8	-0.0001787792116151451
0	2	-0.00017554283532468602
2	0	-0.00017554283532468602
1	6	-0.00018172347235789638
6	1	-0.00018172347235789638
4	2	-0.00011972069959638134
2	4	-0.00011972069959638134
6	2	-0.00012026462146478386
2	6	-0.00012026462146478386
1	8	-4.3149817491037906e-05
8	1	-4.3149817491037906e-05
1	9	-1.6179041902620065e-05
9	1	-1.6179041902620065e-05
2	18	-0.0001587292208806678
18	2	-0.0001587292208806678
