0	1	-4.390495188511839e-05
1	0	-4.390495188511839e-05
10	0	-0.00016656124926458087
0	10	-0.00016656124926458087
1	3	-0.00014544926139448187
3	1	-0.00014544926139448187
10	3	-0.00015876131483555443
3	10	-0.00015876131483555443
2	36	-0.00017991857919460576
36	2	-0.00017991857919460576
0	2	-4.3420488578302735e-05
2	0	-4.3420488578302735e-05
2	1	-0.00013471991823618093
1	2	-0.00013471991823618093
7	1	-0.0001656382029586221
1	7	-0.0001656382029586221
2	7	-0.0001967409835525289
7	2	-0.0001967409835525289
10	7	-0.00015876538418296818
7	10	-0.00015876538418296818
2	38	-0.00017368442552919208
38	2	-0.00017368442552919208
0	6	-1.6179041902620065e-05
6	0	-1.6179041902620065e-05
0	4	-1.807017848933998e-05
4	0	-1.807017848933998e-05
0	3	-1.8790418437020857e-05
3	0	-1.8790418437020857e-05
1	10	-0.0001202627193248033
10	1	-0.0001202627193248033
2	10	-0.00015872055419963147
10	2	-0.00015872055419963147
8	2	-0.00018946889595751283
2	8	-0.00018946889595751283
2	24	-2.0935250284677524e-07
24	2	-2.0935250284677524e-07
2	4	-0.00018999930411613074
4	2	-0.00018999930411613074
10	32	-0.00015878499234151728
32	10	-0.00015878499234151728
2	15	-0.0001883588376023779
15	2	-0.0001883588376023779
2	18	-0.00018090954606585013
18	2	-0.00018090954606585013
16	2	-0.00019682056918367505
2	16	-0.00019682056918367505
2	21	-0.00018280120033786748
21	2	-0.00018280120033786748
2	19	-0.0001961401851633997
19	2	-0.0001961401851633997
0	5	-1.676581701387706e-05
5	0	-1.676581701387706e-05
5	2	-0.00018331090386541934
2	5	-0.00018331090386541934
2	46	-0.0001897771286590111
46	2	-0.0001897771286590111
2	48	-0.00017740302632614804
48	2	-0.00017740302632614804
35	2	-0.00019654741746683352
2	35	-0.00019654741746683352
37	2	-0.00019480994244827212
2	37	-0.00019480994244827212
2	47	-0.0001958591500182754
47	2	-0.0001958591500182754
2	11	-0.00019593638200142674
11	2	-0.00019593638200142674
2	17	-0.0001968210008638309
17	2	-0.0001968210008638309
2	20	-0.0001961406345684322
20	2	-0.0001961406345684322
2	28	-0.0001958594593379644
28	2	-0.0001958594593379644
9	2	-0.00018252283220209842
2	9	-0.00018252283220209842
1	4	-1.807017848933998e-05
4	1	-1.807017848933998e-05
1	5	-0.0001648763561071451
5	1	-0.0001648763561071451
1	6	-1.6179041902620065e-05
6	1	-1.6179041902620065e-05
2	49	-0.00015052780133885824
49	2	-0.00015052780133885824
2	50	-0.00019722910461466217
50	2	-0.00019722910461466217
2	53	-0.00019682188230815912
53	2	-0.00019682188230815912
2	51	-0.00019579959528304522
51	2	-0.00019579959528304522
2	29	-0.0001958603358191865
29	2	-0.0001958603358191865
4	10	-0.00017647558202636977
10	4	-0.00017647558202636977
10	6	-0.0001587245122318825
6	10	-0.0001587245122318825
