2	0	-3.84537559484752e-09
0	2	-3.84537559484752e-09
0	4	-5.000893643801286e-05
4	0	-5.000893643801286e-05
1	4	-1.7550507331476697e-08
4	1	-1.7550507331476697e-08
4	31	-6.552476102999609e-05
31	4	-6.552476102999609e-05
0	31	-0.00015079281367657093
31	0	-0.00015079281367657093
2	1	-1.6882432352298708e-07
1	2	-1.6882432352298708e-07
13	1	-2.114172781263422e-07
1	13	-2.114172781263422e-07
0	34	-0.00015083067585005866
34	0	-0.00015083067585005866
31	34	-0.0001975224632653296
34	31	-0.0001975224632653296
1	50	-8.43726564599235e-09
50	1	-8.43726564599235e-09
34	50	-0.00015083210147060782
50	34	-0.00015083210147060782
1	0	-7.689184884425782e-09
0	1	-7.689184884425782e-09
50	0	-0.0001975706478996069
0	50	-0.0001975706478996069
0	48	-0.00019757170928758698
48	0	-0.00019757170928758698
9	5	-0.00017732768517547323
5	9	-0.00017732768517547323
0	5	-5.601623377341861e-09
5	0	-5.601623377341861e-09
5	2	-1.807017848933998e-05
2	5	-1.807017848933998e-05
2	32	-0.00014816238395936544
32	2	-0.00014816238395936544
1	32	-2.7122497541359758e-09
32	1	-2.7122497541359758e-09
13	4	-2.568828086615678e-08
4	13	-2.568828086615678e-08
0	35	-0.00015082788035217654
35	0	-0.00015082788035217654
32	35	-0.00019752232058554387
35	32	-0.00019752232058554387
4	54	-4.9129802634165406e-05
54	4	-4.9129802634165406e-05
35	54	-0.00014820155984177676
54	35	-0.00014820155984177676
0	3	-3.844592442212891e-09
3	0	-3.844592442212891e-09
54	3	-0.00019757067623400596
3	54	-0.00019757067623400596
3	2	-1.8790418437020857e-05
2	3	-1.8790418437020857e-05
8	3	-0.00017683265151520044
3	8	-0.00017683265151520044
2	33	-2.2798947672078895e-09
33	2	-2.2798947672078895e-09
1	33	-5.014301666569434e-09
33	1	-5.014301666569434e-09
1	7	-0.00018451242067652702
7	1	-0.00018451242067652702
13	7	-2.0455717299492552e-07
7	13	-2.0455717299492552e-07
0	36	-0.00015082662756012754
36	0	-0.00015082662756012754
33	36	-0.00019752165974942578
36	33	-0.00019752165974942578
7	52	-2.24335137514024e-09
52	7	-2.24335137514024e-09
36	52	-0.00014960904107971107
52	36	-0.00014960904107971107
0	6	-9.376630435985283e-09
6	0	-9.376630435985283e-09
52	6	-5.5220956926529e-10
6	52	-5.5220956926529e-10
6	5	-0.00018253960973975837
5	6	-0.00018253960973975837
1	10	-0.00019496943703724846
10	1	-0.00019496943703724846
13	10	-2.086320356760986e-07
10	13	-2.086320356760986e-07
0	37	-0.00015082601856399264
37	0	-0.00015082601856399264
33	37	-0.00019752245731081004
37	33	-0.00019752245731081004
10	53	-4.7070124375341516e-05
53	10	-4.7070124375341516e-05
37	53	-0.0001503402438022672
53	37	-0.0001503402438022672
0	9	-9.046099864030321e-10
9	0	-9.046099864030321e-10
53	9	-0.0001975706530384139
9	53	-0.0001975706530384139
0	8	-0.0001720481745498189
8	0	-0.0001720481745498189
9	8	-0.00018946889595751283
8	9	-0.00018946889595751283
0	11	-1.56222528694535e-08
11	0	-1.56222528694535e-08
7	11	-2.116157857960749e-07
11	7	-2.116157857960749e-07
11	12	-0.00018439192225336933
12	11	-0.00018439192225336933
12	14	-0.00014715992708796513
14	12	-0.00014715992708796513
1	14	-2.0412194507144227e-07
14	1	-2.0412194507144227e-07
0	39	-5.1342238311250925e-05
39	0	-5.1342238311250925e-05
13	39	-1.9193076334606035e-07
39	13	-1.9193076334606035e-07
0	13	-1.3899977775827782e-08
13	0	-1.3899977775827782e-08
14	13	-0.00019075469684489376
13	14	-0.00019075469684489376
39	12	-1.853078474968934e-07
12	39	-1.853078474968934e-07
13	12	-4.269911261907807e-05
12	13	-4.269911261907807e-05
0	38	-0.00019279178193207163
38	0	-0.00019279178193207163
11	38	-0.00019757172305966177
38	11	-0.00019757172305966177
0	41	-4.790885681703088e-05
41	0	-4.790885681703088e-05
13	41	-2.0567512344567376e-07
41	13	-2.0567512344567376e-07
0	17	-0.00015083800708790598
17	0	-0.00015083800708790598
14	17	-0.000197522183860467
17	14	-0.000197522183860467
41	16	-4.756508342067606e-05
16	41	-4.756508342067606e-05
17	16	-0.0001498117559676083
16	17	-0.0001498117559676083
0	15	-0.00019621663730091224
15	0	-0.00019621663730091224
16	15	-0.00019757065877222657
15	16	-0.00019757065877222657
0	40	-0.00019621606911818183
40	0	-0.00019621606911818183
15	40	-0.00019757171310458722
40	15	-0.00019757171310458722
0	12	-1.2177702682202059e-08
12	0	-1.2177702682202059e-08
1	12	-2.0412194507144227e-07
12	1	-2.0412194507144227e-07
14	21	-0.00019756325530603295
21	14	-0.00019756325530603295
1	21	-6.104399641860186e-05
21	1	-6.104399641860186e-05
0	43	-4.764494860318944e-05
43	0	-4.764494860318944e-05
13	43	-2.06813509809472e-07
43	13	-2.06813509809472e-07
1	20	-6.102810708220818e-05
20	1	-6.102810708220818e-05
21	20	-0.00019752298142608384
20	21	-0.00019752298142608384
43	19	-4.737200788395663e-05
19	43	-4.737200788395663e-05
20	19	-0.00015001644387713732
19	20	-0.00015001644387713732
0	18	-0.00019649233273649454
18	0	-0.00019649233273649454
19	18	-0.00019757065654577607
18	19	-0.00019757065654577607
0	42	-0.000196491763330668
42	0	-0.000196491763330668
18	42	-0.00019757171232295757
42	18	-0.00019757171232295757
1	23	-0.00018845179035573053
23	1	-0.00018845179035573053
13	23	-2.0165766104771586e-07
23	13	-2.0165766104771586e-07
0	44	-0.000150831076037439
44	0	-0.000150831076037439
31	44	-0.00019752193921545574
44	31	-0.00019752193921545574
23	51	-4.829716195230011e-05
51	23	-4.829716195230011e-05
44	51	-0.00014907950034433605
51	44	-0.00014907950034433605
0	22	-0.00019527601740179323
22	0	-0.00019527601740179323
51	22	-0.00019757066690895687
22	51	-0.00019757066690895687
0	49	-0.0001952754534776753
49	0	-0.0001952754534776753
22	49	-0.00019757171596111145
49	22	-0.00019757171596111145
6	13	-4.296952770095848e-09
13	6	-4.296952770095848e-09
12	27	-2.234296871863733e-09
27	12	-2.234296871863733e-09
1	27	-6.104104292503455e-05
27	1	-6.104104292503455e-05
0	26	-0.00015083618009950118
26	0	-0.00015083618009950118
27	26	-0.00019752232058554387
26	27	-0.00019752232058554387
39	25	-5.008800065520082e-05
25	39	-5.008800065520082e-05
26	25	-0.00014719710927321069
25	26	-0.00014719710927321069
0	24	-0.0001927958387233826
24	0	-0.0001927958387233826
25	24	-0.0001975706871274732
24	25	-0.0001975706871274732
0	45	-0.00019279528574326
45	0	-0.00019279528574326
24	45	-0.00019757172305913192
45	24	-0.00019757172305913192
0	47	-4.8689151814752034e-05
47	0	-4.8689151814752034e-05
13	47	-2.0238139880671606e-07
47	13	-2.0238139880671606e-07
1	30	-6.1028022621594884e-05
30	1	-6.1028022621594884e-05
21	30	-0.00019752270797428962
30	21	-0.00019752270797428962
47	29	-4.815014218588957e-05
29	47	-4.815014218588957e-05
30	29	-0.00014920932723021255
29	30	-0.00014920932723021255
0	28	-0.00019543496965663588
28	0	-0.00019543496965663588
29	28	-0.00019757066530139085
28	29	-0.00019757066530139085
0	46	-0.00019543440497306843
46	0	-0.00019543440497306843
28	46	-0.00019757171539675066
46	28	-0.00019757171539675066
48	2	-3.5843763042941717e-09
2	48	-3.5843763042941717e-09
48	5	-5.340669724477183e-09
5	48	-5.340669724477183e-09
48	8	-0.00019693248403244878
8	48	-0.00019693248403244878
48	38	-0.00019279233613401334
38	48	-0.00019279233613401334
48	40	-0.00019621663765666204
40	48	-0.00019621663765666204
48	42	-0.00019649233302028937
42	48	-0.00019649233302028937
48	49	-0.0001952760180014279
49	48	-0.0001952760180014279
48	45	-0.00019279583995495845
45	48	-0.00019279583995495845
48	46	-0.00019543497021526753
46	48	-0.00019543497021526753
2	8	-0.0001720481745498189
8	2	-0.0001720481745498189
2	38	-0.0001962135091386166
38	2	-0.0001962135091386166
2	40	-0.00019545869240124896
40	2	-0.00019545869240124896
2	42	-0.00019518783580585417
42	2	-0.00019518783580585417
2	49	-3.5427172242069632e-09
49	2	-3.5427172242069632e-09
2	45	-0.00019621704550210894
45	2	-0.00019621704550210894
2	46	-0.00019624392176094277
46	2	-0.00019624392176094277
5	8	-0.00017005462578349823
8	5	-0.00017005462578349823
5	38	-0.00019436470452442018
38	5	-0.00019436470452442018
5	40	-0.00019731609892823237
40	5	-0.00019731609892823237
5	42	-0.0001970426708503055
42	5	-0.0001970426708503055
5	49	-5.278610863166797e-09
49	5	-5.278610863166797e-09
5	45	-0.00019436822337729552
45	5	-0.00019436822337729552
5	46	-0.00019702899117071912
46	5	-0.00019702899117071912
8	38	-0.000193418525959487
38	8	-0.000193418525959487
8	40	-0.00019685411490699573
40	8	-0.00019685411490699573
8	42	-0.0001971307081546878
42	8	-0.0001971307081546878
8	49	-0.00019590094644071545
49	8	-0.00019590094644071545
8	45	-0.0001934220358665154
45	8	-0.0001934220358665154
8	46	-0.00019606985929728412
46	8	-0.00019606985929728412
38	40	-0.0001941239600715995
40	38	-0.0001941239600715995
38	42	-0.00019385164030247812
42	38	-0.00019385164030247812
38	49	-0.0001950596408173995
49	38	-0.0001950596408173995
38	45	-0.0001975687341606449
45	38	-0.0001975687341606449
38	46	-0.00019490054954546935
46	38	-0.00019490054954546935
40	42	-0.00019729506671248154
42	40	-0.00019729506671248154
40	49	-0.0001966039178448741
49	40	-0.0001966039178448741
40	45	-0.0001941258248932241
45	40	-0.0001941258248932241
40	46	-0.00019678171292223154
46	40	-0.00019678171292223154
42	49	-0.00019633148976939515
49	42	-0.00019633148976939515
42	45	-0.0001938551544491593
45	42	-0.0001938551544491593
42	46	-0.00019650901393578328
46	42	-0.00019650901393578328
49	45	-0.00019506316607404673
45	49	-0.00019506316607404673
49	46	-0.00019739370301868225
46	49	-0.00019739370301868225
45	46	-0.00019490407360969484
46	45	-0.00019490407360969484
48	3	-3.58364157407915e-09
3	48	-3.58364157407915e-09
48	6	-9.11567080008483e-09
6	48	-9.11567080008483e-09
48	9	-6.436637778685811e-10
9	48	-6.436637778685811e-10
48	11	-1.5361277750933175e-08
11	48	-1.5361277750933175e-08
48	15	-0.00019621720584103315
15	48	-0.00019621720584103315
48	18	-0.0001964929024277623
18	48	-0.0001964929024277623
48	22	-0.00019527632695968982
22	48	-0.00019527632695968982
48	24	-0.00019279639293665139
24	48	-0.00019279639293665139
48	28	-0.0001954355349004594
28	48	-0.0001954355349004594
2	6	-0.00013681811356205795
6	2	-0.00013681811356205795
2	9	-0.0001649916532257883
9	2	-0.0001649916532257883
2	11	-3.965902066469149e-09
11	2	-3.965902066469149e-09
2	15	-0.00019545838462909333
15	2	-0.00019545838462909333
2	18	-0.00019518752803369857
18	2	-0.00019518752803369857
2	22	-3.800683063119849e-09
22	2	-3.800683063119849e-09
2	24	-0.0001962176038078647
24	2	-0.0001962176038078647
2	28	-0.00019624361398878714
28	2	-0.00019624361398878714
3	5	-0.00018999930411613074
5	3	-0.00018999930411613074
3	6	-0.00017554283532468602
6	3	-0.00017554283532468602
3	9	-0.00018439560001474824
9	3	-0.00018439560001474824
3	38	-0.0001962129504948271
38	3	-0.0001962129504948271
3	11	-4.222324724206241e-09
11	3	-4.222324724206241e-09
3	40	-0.00019545899962473626
40	3	-0.00019545899962473626
3	15	-0.0001954586918525007
15	3	-0.0001954586918525007
3	42	-0.00019518814295901938
42	3	-0.00019518814295901938
3	18	-0.00019518783518678387
18	3	-0.00019518783518678387
3	49	-3.5419994717014963e-09
49	3	-3.5419994717014963e-09
3	22	-3.7999180071277355e-09
22	3	-3.7999180071277355e-09
3	45	-0.00019621648684847823
45	3	-0.00019621648684847823
3	24	-0.00019621704515264984
24	3	-0.00019621704515264984
3	46	-0.00019624422918829786
46	3	-0.00019624422918829786
3	28	-0.00019624392141606234
28	3	-0.00019624392141606234
5	11	-5.746518163887572e-09
11	5	-5.746518163887572e-09
5	15	-0.00019731578823412195
15	5	-0.00019731578823412195
5	18	-0.0001970423601561951
18	5	-0.0001970423601561951
5	22	-5.536532118982495e-09
22	5	-5.536532118982495e-09
5	24	-0.00019436877881782292
24	5	-0.00019436877881782292
5	28	-0.0001970295583828787
28	5	-0.0001970295583828787
6	8	-0.00015711568686518858
8	6	-0.00015711568686518858
6	9	-0.00016383536130342637
9	6	-0.00016383536130342637
6	38	-0.00019436414826907978
38	6	-0.00019436414826907978
6	11	-6.0053797750737114e-09
11	6	-6.0053797750737114e-09
6	40	-0.00019731640955527994
40	6	-0.00019731640955527994
6	15	-0.00019731609886108813
15	6	-0.00019731609886108813
6	42	-0.00019704298140568944
42	6	-0.00019704298140568944
6	18	-0.0001970426707114976
18	6	-0.0001970426707114976
6	49	-9.009746228988276e-09
49	6	-9.009746228988276e-09
6	22	-9.267673329601126e-09
22	6	-9.267673329601126e-09
6	45	-0.00019436766711215914
45	6	-0.00019436766711215914
6	24	-0.00019436822255110975
24	6	-0.00019436822255110975
6	46	-0.00019702842381818294
46	6	-0.00019702842381818294
6	28	-0.00019702899102871146
28	6	-0.00019702899102871146
8	11	-5.774621220120499e-09
11	8	-5.774621220120499e-09
8	15	-0.00019685468412247766
15	8	-0.00019685468412247766
8	18	-0.00019713127859617713
18	8	-0.00019713127859617713
8	22	-0.00019590125556216784
22	8	-0.00019590125556216784
8	24	-0.0001934225898431608
24	8	-0.0001934225898431608
8	28	-0.00019607042500523436
28	8	-0.00019607042500523436
9	38	-0.00019341797092402175
38	9	-0.00019341797092402175
9	11	-6.034748827314177e-09
11	9	-6.034748827314177e-09
9	40	-0.00019685354550468578
40	9	-0.00019685354550468578
9	15	-0.00019685411471852425
15	9	-0.00019685411471852425
9	42	-0.00019713013759880275
42	9	-0.00019713013759880275
9	18	-0.00019713070803864286
18	9	-0.00019713070803864286
9	49	-6.361843711308473e-10
49	9	-6.361843711308473e-10
9	22	-8.940983546182896e-10
22	9	-8.940983546182896e-10
9	45	-0.0001934214808212772
45	9	-0.0001934214808212772
9	24	-0.00019342203479634967
24	9	-0.00019342203479634967
9	46	-0.00019606929319825219
46	9	-0.00019606929319825219
9	28	-0.00019606985890457525
28	9	-0.00019606985890457525
38	15	-0.00019412340409429086
15	38	-0.00019412340409429086
38	18	-0.00019385108468573852
18	38	-0.00019385108468573852
38	22	-0.00019505908369243894
22	38	-0.00019505908369243894
38	24	-0.00019756817374661935
24	38	-0.00019756817374661935
38	28	-0.00019489999257635187
28	38	-0.00019489999257635187
11	40	-0.00019412426486833365
40	11	-0.00019412426486833365
11	15	-0.0001941239591823857
15	11	-0.0001941239591823857
11	42	-0.00019385219496137238
42	11	-0.00019385219496137238
11	18	-0.000193851639343058
18	11	-0.000193851639343058
11	49	-1.51827751257564e-08
49	11	-1.51827751257564e-08
11	22	-1.5440717351248408e-08
22	11	-1.5440717351248408e-08
11	45	-0.00019756929457534486
45	11	-0.00019756929457534486
11	24	-0.0001975687341597297
24	11	-0.0001975687341597297
11	46	-0.00019490110582722164
46	11	-0.00019490110582722164
11	28	-0.0001949005488565252
28	11	-0.0001949005488565252
40	18	-0.00019729449670768547
18	40	-0.00019729449670768547
40	22	-0.00019660422714989676
22	40	-0.00019660422714989676
40	24	-0.0001941261296907273
24	40	-0.0001941261296907273
40	28	-0.00019678202258131147
28	40	-0.00019678202258131147
15	42	-0.000197295636646169
42	15	-0.000197295636646169
15	18	-0.0001972950666397275
18	15	-0.0001972950666397275
15	49	-0.0001966036082870584
49	15	-0.0001966036082870584
15	22	-0.00019660391759200021
22	15	-0.00019660391759200021
15	45	-0.00019412551920706597
45	15	-0.00019412551920706597
15	24	-0.0001941258240044903
24	15	-0.0001941258240044903
15	46	-0.00019678140305658186
46	15	-0.00019678140305658186
15	28	-0.0001967817127155808
28	15	-0.0001967817127155808
42	22	-0.00019633179900327736
22	42	-0.00019633179900327736
42	24	-0.00019385570911873494
24	42	-0.00019385570911873494
42	28	-0.00019650932352358123
28	42	-0.00019650932352358123
18	49	-0.00019633118021157944
49	18	-0.00019633118021157944
18	22	-0.00019633148944538082
22	18	-0.00019633148944538082
18	45	-0.00019385459882263536
45	18	-0.00019385459882263536
18	24	-0.0001938551534906362
24	18	-0.0001938551534906362
18	46	-0.00019650844723916272
46	18	-0.00019650844723916272
18	28	-0.00019650901365785055
28	18	-0.00019650901365785055
49	24	-0.0001950637225634386
24	49	-0.0001950637225634386
49	28	-0.00019739339346086656
28	49	-0.00019739339346086656
22	45	-0.00019506260893927416
45	22	-0.00019506260893927416
22	24	-0.00019506316542708665
24	22	-0.00019506316542708665
22	46	-0.00019739401252994525
46	22	-0.00019739401252994525
22	28	-0.00019739370297204868
28	22	-0.00019739370297204868
45	28	-0.00019490351663076748
28	45	-0.00019490351663076748
24	46	-0.00019490462990215922
46	24	-0.00019490462990215922
24	28	-0.00019490407292165288
28	24	-0.00019490407292165288
0	54	-0.0001941291065013079
54	0	-0.0001941291065013079
0	52	-0.0001959755230339097
52	0	-0.0001959755230339097
0	53	-0.00019693411137879858
53	0	-0.00019693411137879858
0	16	-0.00019621825580292044
16	0	-0.00019621825580292044
0	19	-0.00019649395471596682
19	0	-0.00019649395471596682
0	51	-0.00019527689288408365
51	0	-0.00019527689288408365
0	25	-0.00019279741400018676
25	0	-0.00019279741400018676
0	29	-0.0001954365782096765
29	0	-0.0001954365782096765
48	50	-0.00019757007370892855
50	48	-0.00019757007370892855
48	34	-0.00015083017576340884
34	48	-0.00015083017576340884
48	54	-0.00019412966625233517
54	48	-0.00019412966625233517
48	35	-0.00015082757950436856
35	48	-0.00015082757950436856
48	52	-0.0001959760905234313
52	48	-0.0001959760905234313
48	36	-0.00015082632671265057
36	48	-0.00015082632671265057
48	53	-0.00019693468290641263
53	48	-0.00019693468290641263
48	37	-0.00015082571771667656
37	48	-0.00015082571771667656
48	12	-1.1916733023090852e-08
12	48	-1.1916733023090852e-08
48	13	-1.3639005387012016e-08
13	48	-1.3639005387012016e-08
48	16	-0.00019621882434770139
16	48	-0.00019621882434770139
48	17	-0.00015083770623742249
17	48	-0.00015083770623742249
48	19	-0.00019649452441191078
19	48	-0.00019649452441191078
48	20	-0.00015083365206422392
20	48	-0.00015083365206422392
48	51	-0.00019527720244219576
51	48	-0.00019527720244219576
48	44	-0.00015083057595015483
44	48	-0.00015083057595015483
48	25	-0.00019279796821791573
25	48	-0.00019279796821791573
48	26	-0.00015083587924950037
26	48	-0.00015083587924950037
48	29	-0.00019543714345811373
29	48	-0.00019543714345811373
48	30	-0.00015083386086284356
30	48	-0.00015083386086284356
0	20	-0.0001508339529136363
20	0	-0.0001508339529136363
0	30	-0.00015083416171231113
30	0	-0.00015083416171231113
50	2	-4.593574082726176e-09
2	50	-4.593574082726176e-09
50	3	-4.592655939261815e-09
3	50	-4.592655939261815e-09
50	54	-0.00019412751214825395
54	50	-0.00019412751214825395
50	35	-0.00015082873481348048
35	50	-0.00015082873481348048
50	5	-6.349694764509708e-09
5	50	-6.349694764509708e-09
50	6	-1.0124718775190818e-08
6	50	-1.0124718775190818e-08
50	52	-0.00019597390659484006
52	50	-0.00019597390659484006
50	36	-0.0001508274820205488
36	50	-0.0001508274820205488
50	8	-0.00019693028456517278
8	50	-0.00019693028456517278
50	9	-1.6526602811737577e-09
9	50	-1.6526602811737577e-09
50	53	-0.00019693248341461777
53	50	-0.00019693248341461777
50	37	-0.00015082687302398485
37	50	-0.00015082687302398485
50	38	-0.00019279020341616193
38	50	-0.00019279020341616193
50	11	-1.6370385262558853e-08
11	50	-1.6370385262558853e-08
50	12	-1.2925819606887595e-08
12	50	-1.2925819606887595e-08
50	13	-1.4648102434723227e-08
13	50	-1.4648102434723227e-08
50	40	-0.00019621444968550574
40	50	-0.00019621444968550574
50	15	-0.0001962150178635492
15	50	-0.0001962150178635492
50	16	-0.00019621663635224505
16	50	-0.00019621663635224505
50	17	-0.0001508388615563447
17	50	-0.0001508388615563447
50	42	-0.00019649014061247054
42	50	-0.00019649014061247054
50	18	-0.00019649071001359383
18	50	-0.00019649071001359383
50	19	-0.00019649233197970752
19	50	-0.00019649233197970752
50	20	-0.00015083480737921863
20	50	-0.00015083480737921863
50	49	-0.00019527384550296298
49	50	-0.00019527384550296298
50	22	-0.00019527440942245083
22	50	-0.00019527440942245083
50	51	-0.000195276015802766
51	50	-0.000195276015802766
50	44	-0.00015083250165978554
44	50	-0.00015083250165978554
50	45	-0.0001927937071994775
45	50	-0.0001927937071994775
50	24	-0.00019279426017511435
24	50	-0.00019279426017511435
50	25	-0.0001927958354391773
25	50	-0.0001927958354391773
50	26	-0.00015083703456665267
26	50	-0.00015083703456665267
50	46	-0.0001954327949481624
46	50	-0.0001954327949481624
50	28	-0.00019543335962708948
28	50	-0.00019543335962708948
50	29	-0.00019543496816695012
29	50	-0.00019543496816695012
50	30	-0.00015083501617804056
30	50	-0.00015083501617804056
34	2	-1.1554882319714274e-08
2	34	-1.1554882319714274e-08
34	3	-1.1552181166070679e-08
3	34	-1.1552181166070679e-08
34	54	-0.00014819969071958166
54	34	-0.00014819969071958166
34	35	-0.00019756364580966138
35	34	-0.00019756364580966138
34	5	-1.3853503252408235e-08
5	34	-1.3853503252408235e-08
34	6	-1.8797927932955245e-08
6	34	-1.8797927932955245e-08
34	52	-0.00014960963687532948
52	34	-0.00014960963687532948
34	36	-0.00019756200487962785
36	34	-0.00019756200487962785
34	8	-5.4912734931420785e-09
8	34	-5.4912734931420785e-09
34	9	-7.701454110713784e-09
9	34	-7.701454110713784e-09
34	53	-0.00015034141424892985
53	34	-0.00015034141424892985
34	37	-0.000197561207205306
37	34	-0.000197561207205306
34	38	-0.00014717624465488668
38	34	-0.00014717624465488668
34	11	-2.6978630814566423e-08
11	34	-2.6978630814566423e-08
34	12	-2.246700167496832e-08
12	34	-2.246700167496832e-08
34	13	-2.4722816244767372e-08
13	34	-2.4722816244767372e-08
34	40	-0.00014979026230549803
40	34	-0.00014979026230549803
34	15	-0.00014979075737722277
15	34	-0.00014979075737722277
34	16	-0.00014979216872991501
16	34	-0.00014979216872991501
34	17	-0.00019753969355246228
17	34	-0.00019753969355246228
34	42	-0.00015000153121499105
42	34	-0.00015000153121499105
34	18	-0.00015000202730675806
18	34	-0.00015000202730675806
34	19	-0.00015000344156158917
19	34	-0.00015000344156158917
34	20	-0.00019757159976218524
20	34	-0.00019757159976218524
34	49	-0.00014907721200818538
49	34	-0.00014907721200818538
34	22	-0.00014907770353627796
22	34	-0.00014907770353627796
34	51	-0.00014907910480622589
51	34	-0.00014907910480622589
34	44	-0.00019757175929844038
44	34	-0.00019757175929844038
34	45	-0.00014717931712967256
45	34	-0.00014717931712967256
34	24	-0.000147179799527199
24	34	-0.000147179799527199
34	25	-0.0001471811748185858
25	34	-0.0001471811748185858
34	26	-0.00019754434240693654
26	34	-0.00019754434240693654
34	46	-0.00014919436546884907
46	34	-0.00014919436546884907
34	28	-0.00014919485762533065
28	34	-0.00014919485762533065
34	29	-0.00014919626068351122
29	34	-0.00014919626068351122
34	30	-0.00019757187325052415
30	34	-0.00019757187325052415
2	54	-0.00019757011199038996
54	2	-0.00019757011199038996
2	35	-0.00014819968320199008
35	2	-0.00014819968320199008
2	52	-0.00019570859483961884
52	2	-0.00019570859483961884
2	36	-1.3220129564110987e-09
36	2	-1.3220129564110987e-09
2	53	-0.00019475591633950668
53	2	-0.00019475591633950668
2	37	-1.3220182945172782e-09
37	2	-1.3220182945172782e-09
2	12	-5.812097856032373e-10
12	2	-5.812097856032373e-10
2	13	-2.273555926036197e-09
13	2	-2.273555926036197e-09
2	16	-0.00019545751260798577
16	2	-0.00019545751260798577
2	17	-0.00014821349501071938
17	2	-0.00014821349501071938
2	19	-0.00019518665601259098
19	2	-0.00019518665601259098
2	20	-0.0001482095110711495
20	2	-0.0001482095110711495
2	51	-4.540185644241179e-09
51	2	-4.540185644241179e-09
2	44	-1.1554851663130415e-08
44	2	-1.1554851663130415e-08
2	25	-0.0001962191941745388
25	2	-0.0001962191941745388
2	26	-0.00014821169967314495
26	2	-0.00014821169967314495
2	29	-0.00019624274196767955
29	2	-0.00019624274196767955
2	30	-0.00014820971625258654
30	2	-0.00014820971625258654
3	35	-0.00014820017052785618
35	3	-0.00014820017052785618
3	52	-0.00019570915617852296
52	3	-0.00019570915617852296
3	36	-0.00014819764413218108
36	3	-0.00014819764413218108
3	53	-0.000194756476194375
53	3	-0.000194756476194375
3	37	-0.0001481970457062101
37	3	-0.0001481970457062101
3	12	-8.376271720085231e-10
12	3	-8.376271720085231e-10
3	13	-2.5299759481073846e-09
13	3	-2.5299759481073846e-09
3	16	-0.00019545781983116672
16	3	-0.00019545781983116672
3	17	-0.00014821378996801243
17	3	-0.00014821378996801243
3	19	-0.0001951869631654499
19	3	-0.0001951869631654499
3	20	-0.00014820980602740818
20	3	-0.00014820980602740818
3	51	-4.539288716764256e-09
51	3	-4.539288716764256e-09
3	44	-1.155215052381814e-08
44	3	-1.155215052381814e-08
3	25	-0.00019621863551482456
25	3	-0.00019621863551482456
3	26	-0.00014821199462997187
26	3	-0.00014821199462997187
3	29	-0.00019624304939472835
29	3	-0.00019624304939472835
3	30	-0.00014821001120889852
30	3	-0.00014821001120889852
54	5	-0.0001957129173510578
5	54	-0.0001957129173510578
54	6	-0.00019571235551811154
6	54	-0.00019571235551811154
54	52	-0.00019571075519740863
52	54	-0.00019571075519740863
54	36	-0.00014819903342280788
36	54	-0.00014819903342280788
54	8	-0.00019476022838014993
8	54	-0.00019476022838014993
54	9	-0.00019475966778392388
9	54	-0.00019475966778392388
54	53	-0.0001947580710084675
53	54	-0.0001947580710084675
54	37	-0.00014819843499419569
37	54	-0.00014819843499419569
54	38	-0.00019621135924625442
38	54	-0.00019621135924625442
54	11	-4.957407178994083e-09
11	54	-4.957407178994083e-09
54	12	-1.5726946912670855e-09
12	54	-1.5726946912670855e-09
54	13	-3.2650509351305867e-09
13	54	-3.2650509351305867e-09
54	40	-0.00019545987018355703
40	54	-0.00019545987018355703
54	15	-0.0001954595624111084
15	54	-0.0001954595624111084
54	16	-0.0001954586903891707
16	54	-0.0001954586903891707
54	17	-0.00014821462781695083
17	54	-0.00014821462781695083
54	42	-0.00019518901333031452
42	54	-0.00019518901333031452
54	18	-0.0001951887055578659
18	54	-0.0001951887055578659
54	19	-0.00019518783353592817
19	54	-0.00019518783353592817
54	20	-0.0001482106438735883
20	54	-0.0001482106438735883
54	49	-0.00019641257092068633
49	54	-0.00019641257092068633
54	22	-0.0001964120082062787
22	54	-0.0001964120082062787
54	51	-0.0001964104053582437
51	54	-0.0001964104053582437
54	44	-0.00014820008395395284
44	54	-0.00014820008395395284
54	45	-0.0001962148955717905
45	54	-0.0001962148955717905
54	24	-0.00019621545387143674
24	54	-0.00019621545387143674
54	25	-0.000196217044220758
25	54	-0.000196217044220758
54	26	-0.00014821283247766726
26	54	-0.00014821283247766726
54	46	-0.00019624510029076671
46	54	-0.00019624510029076671
54	28	-0.0001962447925183181
28	54	-0.0001962447925183181
54	29	-0.0001962439204963804
29	54	-0.0001962439204963804
54	30	-0.0001482108490552207
30	54	-0.0001482108490552207
35	5	-0.00014960970097528477
5	35	-0.00014960970097528477
35	6	-3.964827189288127e-09
6	35	-3.964827189288127e-09
35	52	-0.00014961160394772916
52	35	-0.00014961160394772916
35	36	-0.00019756834027024418
36	35	-0.00019756834027024418
35	8	-0.0001503415160517905
8	35	-0.0001503415160517905
35	9	-0.00015034201379948885
9	35	-0.00015034201379948885
35	53	-0.00015034343276568564
53	35	-0.00015034343276568564
35	37	-0.00019756754251043152
37	35	-0.00019756754251043152
35	38	-0.00014717804373914735
38	35	-0.00014717804373914735
35	11	-1.2145471947002214e-08
11	35	-1.2145471947002214e-08
35	12	-7.633645595207769e-09
12	35	-7.633645595207769e-09
35	13	-9.889558771104996e-09
13	35	-9.889558771104996e-09
35	40	-0.00014979224220600955
40	35	-0.00014979224220600955
35	15	-0.00014979273730904473
15	35	-0.00014979273730904473
35	16	-0.00014979414875094296
16	35	-0.00014979414875094296
35	17	-0.000197545890494377
17	35	-0.000197545890494377
35	42	-0.00015000352591072185
42	35	-0.00015000352591072185
35	18	-0.00015000402203392424
18	35	-0.00015000402203392424
35	19	-0.00015000543637831674
19	35	-0.00015000543637831674
35	20	-0.00019755571334615092
20	35	-0.00019755571334615092
35	49	-0.0001490745999953799
49	35	-0.0001490745999953799
35	22	-0.00014907489688884744
22	35	-0.00014907489688884744
35	51	-0.00014907574019853778
51	35	-0.00014907574019853778
35	44	-0.00019756312164798603
44	35	-0.00019756312164798603
35	45	-0.00014718111640285925
45	35	-0.00014718111640285925
35	24	-0.00014718159883016135
24	35	-0.00014718159883016135
35	25	-0.00014718297420638853
25	35	-0.00014718297420638853
35	26	-0.00019755053977304346
26	35	-0.00019755053977304346
35	46	-0.00014919630364860665
46	35	-0.00014919630364860665
35	28	-0.0001491967958360426
28	35	-0.0001491967958360426
35	29	-0.00014919819898241636
29	35	-0.00014919819898241636
35	30	-0.00019755543985964372
30	35	-0.00019755543985964372
5	52	-0.00019757009137458362
52	5	-0.00019757009137458362
5	36	-1.3216200376810424e-09
36	5	-1.3216200376810424e-09
5	53	-0.0001966083598898797
53	5	-0.0001966083598898797
5	37	-1.3216253726145835e-09
37	5	-1.3216253726145835e-09
5	12	-2.3296695259003647e-09
12	5	-2.3296695259003647e-09
5	13	-4.038093844893972e-09
13	5	-4.038093844893972e-09
5	16	-0.00019731490793414253
16	5	-0.00019731490793414253
5	17	-0.00014962236086385865
17	5	-0.00014962236086385865
5	19	-0.00019704147985621568
19	5	-0.00019704147985621568
5	20	-0.0001496183391012075
20	5	-0.0001496183391012075
5	51	-6.275910536435432e-09
51	5	-6.275910536435432e-09
5	44	-1.3853466505880534e-08
44	5	-1.3853466505880534e-08
5	25	-0.00019437036106622805
25	5	-0.00019437036106622805
5	26	-0.00014962054848154804
26	5	-0.00014962054848154804
5	29	-0.000197031174100731
29	5	-0.000197031174100731
5	30	-0.0001496185462306144
30	5	-0.0001496185462306144
6	36	-6.266301902798025e-09
36	6	-6.266301902798025e-09
6	53	-5.549100809720511e-10
53	6	-5.549100809720511e-10
6	37	-6.2663271977415394e-09
37	6	-6.2663271977415394e-09
6	12	-2.5885257651179787e-09
12	6	-2.5885257651179787e-09
6	16	-0.00019731521856087796
16	6	-0.00019731521856087796
6	17	-0.0001496226589906986
17	6	-0.0001496226589906986
6	19	-0.00019704179041128746
19	6	-0.00019704179041128746
6	20	-0.00014961863722699336
20	6	-0.00014961863722699336
6	51	-1.0007068307412108e-08
51	6	-1.0007068307412108e-08
6	44	-1.8797878071301706e-08
44	6	-1.8797878071301706e-08
6	25	-0.0001943698047950365
25	6	-0.0001943698047950365
6	26	-0.00014962084660791297
26	6	-0.00014962084660791297
6	29	-0.00019703060674193106
29	6	-0.00019703060674193106
6	30	-0.00014961884435645456
30	6	-0.00014961884435645456
52	8	-0.00019661173719610198
8	52	-0.00019661173719610198
52	9	-0.000196611426501693
9	52	-0.000196611426501693
52	53	-0.00019661054620086758
53	52	-0.00019661054620086758
52	37	-0.00014960843696451874
37	52	-0.00014960843696451874
52	38	-0.00019436256386727184
38	52	-0.00019436256386727184
52	11	-6.7474538847189655e-09
11	52	-6.7474538847189655e-09
52	12	-3.3305846540940156e-09
12	52	-3.3305846540940156e-09
52	13	-5.0390192694064935e-09
13	52	-5.0390192694064935e-09
52	40	-0.00019731728967727102
40	52	-0.00019731728967727102
52	15	-0.00019731697898286204
15	52	-0.00019731697898286204
52	16	-0.00019731609868203662
16	52	-0.00019731609868203662
52	17	-0.00014962350577877058
17	52	-0.00014962350577877058
52	42	-0.00019704386133657722
42	52	-0.00019704386133657722
52	18	-0.00019704355064216825
18	52	-0.00019704355064216825
52	19	-0.00019704267034134285
19	52	-0.00019704267034134285
52	20	-0.0001496194840122545
20	52	-0.0001496194840122545
52	49	-0.00019685797882328774
49	52	-0.00019685797882328774
52	22	-0.00019685828819465453
22	52	-0.00019685828819465453
52	51	-0.00019685916477877458
51	52	-0.00019685916477877458
52	44	-0.00014961003384623877
44	52	-0.00014961003384623877
52	45	-0.00019436608268236585
45	52	-0.00019436608268236585
52	24	-0.00019436663811681234
24	52	-0.00019436663811681234
52	25	-0.00019436822034794572
25	52	-0.00019436822034794572
52	26	-0.00014962169339471825
26	52	-0.00014962169339471825
52	46	-0.0001970268077441698
46	52	-0.0001970268077441698
52	28	-0.00019702737495003883
28	52	-0.00019702737495003883
52	29	-0.00019702899065002406
29	52	-0.00019702899065002406
52	30	-0.00014961969114186044
30	52	-0.00014961969114186044
36	8	-0.00015033893419121716
8	36	-0.00015033893419121716
36	9	-0.0001503394319304222
9	36	-0.0001503394319304222
36	53	-0.00015034085087247754
53	36	-0.00015034085087247754
36	37	-0.00019757148571659337
37	36	-0.00019757148571659337
36	38	-0.00014717554346954038
38	36	-0.00014717554346954038
36	11	-1.4447079096744347e-08
11	36	-1.4447079096744347e-08
36	12	-9.935215277887279e-09
12	36	-9.935215277887279e-09
36	13	-1.2191147187315818e-08
13	36	-1.2191147187315818e-08
36	40	-0.0001497896744301147
40	36	-0.0001497896744301147
36	15	-0.0001497901695247325
15	36	-0.0001497901695247325
36	16	-0.00014979158094270491
16	36	-0.00014979158094270491
36	17	-0.0001975419478538399
17	36	-0.0001975419478538399
36	42	-0.00015000095270243535
42	36	-0.00015000095270243535
36	18	-0.0001500014488171911
18	36	-0.0001500014488171911
36	19	-0.00015000286313757464
19	36	-0.00015000286313757464
36	20	-0.00019755177048518777
20	36	-0.00019755177048518777
36	49	-0.00014907336176411706
49	36	-0.00014907336176411706
36	22	-0.00014907365865726127
22	36	-0.00014907365865726127
36	51	-0.00014907450196608932
51	36	-0.00014907450196608932
36	44	-0.00019756148072230608
44	36	-0.00019756148072230608
36	45	-0.00014717861608294001
45	36	-0.00014717861608294001
36	24	-0.00014717909850218598
24	36	-0.00014717909850218598
36	25	-0.00014718047385551349
25	36	-0.00014718047385551349
36	26	-0.0001975465970305798
26	36	-0.0001975465970305798
36	46	-0.000149193751390842
46	36	-0.000149193751390842
36	28	-0.00014919424356994425
28	36	-0.00014919424356994425
36	29	-0.0001491956466926299
29	36	-0.0001491956466926299
36	30	-0.00019755149700732534
30	36	-0.00019755149700732534
8	53	-0.00019757008065176285
53	8	-0.00019757008065176285
8	37	-0.0001503383271246841
37	8	-0.0001503383271246841
8	12	-2.3410626568056047e-09
12	8	-2.3410626568056047e-09
8	13	-4.0578419384630555e-09
13	8	-4.0578419384630555e-09
8	16	-0.00019685630555106042
16	8	-0.00019685630555106042
8	17	-0.00015035425071669621
17	8	-0.00015035425071669621
8	19	-0.0001971329035104737
19	8	-0.0001971329035104737
8	20	-0.00015035020928126847
20	8	-0.00015035020928126847
8	51	-0.0001959021314798489
51	8	-0.0001959021314798489
8	44	-5.4912589274954074e-09
44	8	-5.4912589274954074e-09
8	25	-0.00019342416794387578
25	8	-0.00019342416794387578
8	26	-0.00015035242946897126
26	8	-0.00015035242946897126
8	29	-0.0001960720364611344
29	8	-0.0001960720364611344
8	30	-0.0001503504174238656
30	8	-0.0001503504174238656
9	37	-0.00015033882486292988
37	9	-0.00015033882486292988
9	12	-2.601184839359559e-09
12	9	-2.601184839359559e-09
9	13	-4.317966833336871e-09
13	9	-4.317966833336871e-09
9	16	-0.0001968557361424391
16	9	-0.0001968557361424391
9	17	-0.00015035455049460973
17	9	-0.00015035455049460973
9	19	-0.00019713233294825532
19	9	-0.00019713233294825532
9	20	-0.0001503505090581176
20	9	-0.0001503505090581176
9	51	-1.6334561670174392e-09
51	9	-1.6334561670174392e-09
9	44	-7.701433682545424e-09
44	9	-7.701433682545424e-09
9	25	-0.0001934236128925969
25	9	-0.0001934236128925969
9	26	-0.00015035272924640512
26	9	-0.00015035272924640512
9	29	-0.00019607147035585377
29	9	-0.00019607147035585377
9	30	-0.00015035071720076953
30	9	-0.00015035071720076953
53	38	-0.00019341639001917168
38	53	-0.00019341639001917168
53	11	-6.780452166279599e-09
11	53	-6.780452166279599e-09
53	12	-3.3468728084193405e-09
12	53	-3.3468728084193405e-09
53	13	-5.063662487349473e-09
13	53	-5.063662487349473e-09
53	40	-0.00019685192359620966
40	53	-0.00019685192359620966
53	15	-0.00019685249280535313
15	53	-0.00019685249280535313
53	16	-0.00019685411421593296
16	53	-0.00019685411421593296
53	17	-0.0001503554019388507
17	53	-0.0001503554019388507
53	42	-0.00019712851239782927
42	53	-0.00019712851239782927
53	18	-0.0001971290828329581
18	53	-0.0001971290828329581
53	19	-0.0001971307077291892
19	53	-0.0001971307077291892
53	20	-0.00015035136049952014
20	53	-0.00015035136049952014
53	49	-0.00019589975980242188
49	53	-0.00019589975980242188
53	22	-0.0001959000689235644
22	53	-0.0001959000689235644
53	51	-0.00019590094484041917
51	53	-0.00019590094484041917
53	44	-0.0001503418131615211
44	53	-0.0001503418131615211
53	45	-0.00019341989988850793
45	53	-0.00019341989988850793
53	24	-0.00019342045385908703
24	53	-0.00019342045385908703
53	25	-0.0001934220319425716
25	53	-0.0001934220319425716
53	26	-0.00015035358068936697
26	53	-0.00015035358068936697
53	46	-0.00019606768071759963
46	53	-0.00019606768071759963
53	28	-0.00019606824641927448
28	53	-0.00019606824641927448
53	29	-0.00019606985785735055
29	53	-0.00019606985785735055
53	30	-0.00015035156864231828
30	53	-0.00015035156864231828
37	38	-0.00014717494913031367
38	37	-0.00014717494913031367
37	11	-1.4447137416355726e-08
11	37	-1.4447137416355726e-08
37	12	-9.935255384118446e-09
12	37	-9.935255384118446e-09
37	13	-1.219119640023709e-08
13	37	-1.219119640023709e-08
37	40	-0.00014978906953423885
40	37	-0.00014978906953423885
37	15	-0.00014978956462790422
15	37	-0.00014978956462790422
37	16	-0.00014979097604317802
16	37	-0.00014979097604317802
37	17	-0.00019754115014758767
17	37	-0.00019754115014758767
37	42	-0.0001500003469671923
42	37	-0.0001500003469671923
37	18	-0.00015000084308099297
18	37	-0.00015000084308099297
37	19	-0.00015000225739867038
19	37	-0.00015000225739867038
37	20	-0.00019755097275749384
20	37	-0.00019755097275749384
37	49	-0.00014907275984614207
49	37	-0.00014907275984614207
37	22	-0.00014907305673912913
22	37	-0.00014907305673912913
37	51	-0.00014907390004753802
51	37	-0.00014907390004753802
37	44	-0.00019756068305010056
44	37	-0.00019756068305010056
37	45	-0.00014717802173809413
45	37	-0.00014717802173809413
37	24	-0.00014717850415642058
24	37	-0.00014717850415642058
37	25	-0.0001471798795071428
25	37	-0.0001471798795071428
37	26	-0.00019754579931466514
26	37	-0.00019754579931466514
37	46	-0.0001491931489152468
46	37	-0.0001491931489152468
37	28	-0.0001491936410934042
28	37	-0.0001491936410934042
37	29	-0.0001491950442134128
29	37	-0.0001491950442134128
37	30	-0.00019755069928073572
30	37	-0.00019755069928073572
38	12	-0.0001975701267101531
12	38	-0.0001975701267101531
38	13	-4.2697874762260716e-05
13	38	-4.2697874762260716e-05
38	16	-0.00019412182049009677
16	38	-0.00019412182049009677
38	17	-0.0001471952140302621
17	38	-0.0001471952140302621
38	19	-0.000193849502114997
19	38	-0.000193849502114997
38	20	-0.00014718875221223312
20	38	-0.00014718875221223312
38	51	-0.00019505749679725023
51	38	-0.00019505749679725023
38	44	-0.00014717663520220234
44	38	-0.00014717663520220234
38	25	-0.0001975665774238133
25	38	-0.0001975665774238133
38	26	-0.00014719217838634526
26	38	-0.00014719217838634526
38	29	-0.00019489840612881305
29	38	-0.00019489840612881305
38	30	-0.00014718895599407188
30	38	-0.00014718895599407188
11	13	-4.269819546557355e-05
13	11	-4.269819546557355e-05
11	16	-0.00019412237557368982
16	11	-0.00019412237557368982
11	17	-0.00014719569649869916
17	11	-0.00014719569649869916
11	19	-0.0001938500567678179
19	11	-0.0001938500567678179
11	20	-3.531843111930553e-09
20	11	-3.531843111930553e-09
11	51	-1.618015536504776e-08
51	11	-1.618015536504776e-08
11	44	-2.697855925152783e-08
44	11	-2.697855925152783e-08
11	25	-0.0001975671378323825
25	11	-0.0001975671378323825
11	26	-1.2760019005068575e-09
26	11	-1.2760019005068575e-09
11	29	-0.00019489896240447582
29	11	-0.00019489896240447582
11	30	-3.5318382239920353e-09
30	11	-3.5318382239920353e-09
12	40	-0.00019412512860808614
40	12	-0.00019412512860808614
12	15	-0.000194124822921928
15	12	-0.000194124822921928
12	16	-0.00019412395681114665
16	12	-0.00019412395681114665
12	17	-0.00014719707199181627
17	12	-0.00014719707199181627
12	42	-0.00019385377499540654
42	12	-0.00019385377499540654
12	18	-0.00019385321937261932
18	12	-0.00019385321937261932
12	19	-0.0001938516367846018
19	12	-0.0001938516367846018
12	20	-1.276434843734302e-09
20	12	-1.276434843734302e-09
12	49	-1.1778257034137184e-08
49	12	-1.1778257034137184e-08
12	22	-1.20361939263629e-08
22	12	-1.20361939263629e-08
12	51	-1.2775616829150358e-08
51	12	-1.2775616829150358e-08
12	44	-2.2466942079397335e-08
44	12	-2.2466942079397335e-08
12	45	-0.00019757089091766432
45	12	-0.00019757089091766432
12	24	-0.0001975703304975342
24	12	-0.0001975703304975342
12	25	-0.000197568734157289
25	12	-0.000197568734157289
12	26	-1.276430573223731e-09
26	12	-1.276430573223731e-09
12	46	-0.0001949026904593809
46	12	-0.0001949026904593809
12	28	-0.00019490213348419977
28	12	-0.00019490213348419977
12	29	-0.00019490054701933903
29	12	-0.00019490054701933903
12	30	-1.2764330766230171e-09
30	12	-1.2764330766230171e-09
13	40	-4.345610318812362e-05
40	13	-4.345610318812362e-05
13	15	-4.3456430780100134e-05
15	13	-4.3456430780100134e-05
13	16	-4.345736760244225e-05
16	13	-4.345736760244225e-05
13	17	-0.00019757214672280334
17	13	-0.00019757214672280334
