0	6	-1.9586557103830053e-05
6	0	-1.9586557103830053e-05
0	1	-0.00018172347235789638
1	0	-0.00018172347235789638
2	31	-0.0001587933788794589
31	2	-0.0001587933788794589
8	2	-0.0001845812378614781
2	8	-0.0001845812378614781
0	9	-1.6179041902620065e-05
9	0	-1.6179041902620065e-05
2	32	-0.00015877233106149463
32	2	-0.00015877233106149463
8	5	-0.00016845579204157282
5	8	-0.00016845579204157282
0	3	-0.00019454222195100236
3	0	-0.00019454222195100236
2	9	-0.00015876945362332736
9	2	-0.00015876945362332736
8	19	-0.00017526789848854078
19	8	-0.00017526789848854078
0	8	-1.676581701387706e-05
8	0	-1.676581701387706e-05
0	10	-0.00019756624431629366
10	0	-0.00019756624431629366
2	33	-0.00015877656509072282
33	2	-0.00015877656509072282
0	7	-1.8790418437020857e-05
7	0	-1.8790418437020857e-05
0	2	-0.00012104352224611618
2	0	-0.00012104352224611618
1	6	-1.9586557103830053e-05
6	1	-1.9586557103830053e-05
1	8	-1.676581701387706e-05
8	1	-1.676581701387706e-05
0	5	-0.00018842610701769083
5	0	-0.00018842610701769083
2	6	-0.00011947885719275972
6	2	-0.00011947885719275972
5	6	-5.060268039911249e-05
6	5	-5.060268039911249e-05
6	19	-1.8792981356016449e-07
19	6	-1.8792981356016449e-07
1	9	-1.6179041902620065e-05
9	1	-1.6179041902620065e-05
