0	6	-3.1803803534645987e-09
6	0	-3.1803803534645987e-09
0	1	-3.59222333605514e-05
1	0	-3.59222333605514e-05
0	31	-0.0001505948851015551
31	0	-0.0001505948851015551
2	31	-6.138456818046407e-05
31	2	-6.138456818046407e-05
1	2	-0.00012104307001653817
2	1	-0.00012104307001653817
8	2	-0.00015872890968376401
2	8	-0.00015872890968376401
2	46	-0.00012104481225852261
46	2	-0.00012104481225852261
5	9	-1.806101171036531e-07
9	5	-1.806101171036531e-07
0	9	-1.6179041902620065e-05
9	0	-1.6179041902620065e-05
9	6	-0.00016320021105920902
6	9	-0.00016320021105920902
6	32	-1.5731273893734387e-09
32	6	-1.5731273893734387e-09
2	32	-6.136927313371904e-05
32	2	-6.136927313371904e-05
1	5	-0.00019054430388908077
5	1	-0.00019054430388908077
8	5	-1.7372017559932853e-07
5	8	-1.7372017559932853e-07
0	4	-0.0001456496483358744
4	0	-0.0001456496483358744
0	3	-0.00012635970470355253
3	0	-0.00012635970470355253
1	3	-0.00016472007172564813
3	1	-0.00016472007172564813
3	6	-0.00014347432999033363
6	3	-0.00014347432999033363
2	9	-6.136718215444193e-05
9	2	-6.136718215444193e-05
0	19	-1.5229275261838514e-07
19	0	-1.5229275261838514e-07
8	19	-1.80745166036443e-07
19	8	-1.80745166036443e-07
0	8	-1.676581701387706e-05
8	0	-1.676581701387706e-05
9	8	-0.00019065758922589618
8	9	-0.00019065758922589618
19	7	-4.863463989432757e-05
7	19	-4.863463989432757e-05
8	7	-4.314103450841071e-05
7	8	-4.314103450841071e-05
0	37	-0.00019653612058242868
37	0	-0.00019653612058242868
2	4	-0.00011826826203832742
4	2	-0.00011826826203832742
2	13	-0.00015876131483555443
13	2	-0.00015876131483555443
0	10	-0.0001674733809211643
10	0	-0.0001674733809211643
0	38	-0.00019653272355202303
38	0	-0.00019653272355202303
8	16	-0.0001819606537491929
16	8	-0.0001819606537491929
10	8	-4.313596847448826e-05
8	10	-4.313596847448826e-05
8	6	-4.314010597907197e-05
6	8	-4.314010597907197e-05
6	33	-2.3254926625520464e-09
33	6	-2.3254926625520464e-09
2	33	-6.137234992177322e-05
33	2	-6.137234992177322e-05
0	18	-0.00019653941431375116
18	0	-0.00019653941431375116
0	17	-0.00019653910576185427
17	0	-0.00019653910576185427
0	21	-0.00019455102099236282
21	0	-0.00019455102099236282
0	20	-0.00019455071608573906
20	0	-0.00019455071608573906
0	7	-1.8790418437020857e-05
7	0	-1.8790418437020857e-05
2	34	-0.00015878914445067096
34	2	-0.00015878914445067096
8	24	-0.0001787792116151451
24	8	-0.0001787792116151451
0	23	-0.00019752878032658393
23	0	-0.00019752878032658393
2	22	-0.00012008964721526862
22	2	-0.00012008964721526862
22	0	-0.00019752828034406663
0	22	-0.00019752828034406663
8	27	-0.00017895906952408684
27	8	-0.00017895906952408684
0	45	-4.835608371419665e-05
45	0	-4.835608371419665e-05
8	45	-0.00017860099708112622
45	8	-0.00017860099708112622
0	28	-0.0001974713702422168
28	0	-0.0001974713702422168
0	44	-0.00019747105997859705
44	0	-0.00019747105997859705
0	2	-1.679361367550048e-07
2	0	-1.679361367550048e-07
3	20	-0.00019755511487344642
20	3	-0.00019755511487344642
3	22	-0.00019457873753417023
22	3	-0.00019457873753417023
1	4	-0.0001930473544205048
4	1	-0.0001930473544205048
1	6	-2.9196926687680054e-09
6	1	-2.9196926687680054e-09
1	10	-0.0001835880383726183
10	1	-0.0001835880383726183
3	10	-0.00015193328271828293
10	3	-0.00015193328271828293
3	21	-0.00019755455449658473
21	3	-0.00019755455449658473
3	23	-0.00019457799418845818
23	3	-0.00019457799418845818
4	6	-0.00017287574804765348
6	4	-0.00017287574804765348
6	10	-0.00018761649263564534
10	6	-0.00018761649263564534
6	20	-2.8530666401305455e-09
20	6	-2.8530666401305455e-09
6	21	-3.10780553440371e-09
21	6	-3.10780553440371e-09
6	22	-2.3277522572100626e-09
22	6	-2.3277522572100626e-09
6	23	-2.586394556992478e-09
23	6	-2.586394556992478e-09
0	51	-0.00019454339088346563
51	0	-0.00019454339088346563
0	11	-0.00019503173123080531
11	0	-0.00019503173123080531
0	49	-0.0001965402885898067
49	0	-0.0001965402885898067
0	47	-0.00019455188502512846
47	0	-0.00019455188502512846
0	48	-0.00019752965967097423
48	0	-0.00019752965967097423
0	29	-0.00019747224932771887
29	0	-0.00019747224932771887
1	7	-1.8790418437020857e-05
7	1	-1.8790418437020857e-05
1	8	-1.676581701387706e-05
8	1	-1.676581701387706e-05
46	3	-0.00019304466690291705
3	46	-0.00019304466690291705
46	6	-3.927685604830998e-09
6	46	-3.927685604830998e-09
46	8	-4.3712462123261645e-05
8	46	-4.3712462123261645e-05
35	3	-0.00014718014756499862
3	35	-0.00014718014756499862
35	6	-1.0667306494357755e-08
6	35	-1.0667306494357755e-08
3	36	-0.0001471953069244379
36	3	-0.0001471953069244379
3	8	-4.2703447115662996e-05
8	3	-4.2703447115662996e-05
3	39	-0.00014719500124631994
39	3	-0.00014719500124631994
3	40	-0.00014719235652732465
40	3	-0.00014719235652732465
3	47	-0.00019755295827995784
47	3	-0.00019755295827995784
3	41	-0.00014718035134146025
41	3	-0.00014718035134146025
3	48	-0.00019457640895896846
48	3	-0.00019457640895896846
3	42	-0.00014718308510003862
42	3	-0.00014718308510003862
3	43	-0.00014719266220273642
43	3	-0.00014719266220273642
4	8	-4.270376783514609e-05
8	4	-4.270376783514609e-05
51	8	-4.270468503466664e-05
8	51	-4.270468503466664e-05
37	8	-4.313978129157179e-05
8	37	-4.313978129157179e-05
6	40	-2.9631382999313507e-09
40	6	-2.9631382999313507e-09
6	47	-3.838057561504886e-09
47	6	-3.838057561504886e-09
6	41	-1.0667291726472158e-08
41	6	-1.0667291726472158e-08
6	48	-2.1208450174656877e-09
48	6	-2.1208450174656877e-09
6	42	-8.342385532140834e-09
42	6	-8.342385532140834e-09
6	43	-2.9631321466598825e-09
43	6	-2.9631321466598825e-09
8	38	-4.3135643799034245e-05
38	8	-4.3135643799034245e-05
8	11	-4.313689696954852e-05
11	8	-4.313689696954852e-05
8	14	-4.354743211057301e-05
14	8	-4.354743211057301e-05
8	15	-4.354779484496533e-05
15	8	-4.354779484496533e-05
8	52	-4.35487339448395e-05
52	8	-4.35487339448395e-05
8	17	-4.314340023530683e-05
17	8	-4.314340023530683e-05
8	18	-4.314372493336675e-05
18	8	-4.314372493336675e-05
8	49	-4.314465349275456e-05
49	8	-4.314465349275456e-05
8	20	-4.27139579967337e-05
20	8	-4.27139579967337e-05
8	21	-4.271427874625611e-05
21	8	-4.271427874625611e-05
8	47	-4.271519603125353e-05
47	8	-4.271519603125353e-05
8	22	-4.336575382295693e-05
22	8	-4.336575382295693e-05
8	23	-4.336612212490383e-05
23	8	-4.336612212490383e-05
8	48	-4.33670563469436e-05
48	8	-4.33670563469436e-05
8	25	-4.3370139630314154e-05
25	8	-4.3370139630314154e-05
8	26	-4.337046639099794e-05
26	8	-4.337046639099794e-05
8	50	-4.337140083962236e-05
50	8	-4.337140083962236e-05
8	44	-4.3344940886750703e-05
44	8	-4.3344940886750703e-05
8	28	-4.334526744047985e-05
28	8	-4.334526744047985e-05
8	29	-4.3346201298310006e-05
29	8	-4.3346201298310006e-05
0	5	-1.463731300805786e-07
5	0	-1.463731300805786e-07
0	16	-4.74623687781417e-05
16	0	-4.74623687781417e-05
0	24	-4.830783255980236e-05
24	0	-4.830783255980236e-05
0	27	-4.825923389979486e-05
27	0	-4.825923389979486e-05
2	3	-4.570943119125533e-05
3	2	-4.570943119125533e-05
2	51	-0.00011826951040321031
51	2	-0.00011826951040321031
2	5	-0.00018031048954892753
5	2	-0.00018031048954892753
2	37	-0.00011947841321658956
37	2	-0.00011947841321658956
2	6	-1.9036671634777278e-07
6	2	-1.9036671634777278e-07
2	7	-0.00011948012370868795
7	2	-0.00011948012370868795
2	38	-0.00011947296357328712
38	2	-0.00011947296357328712
2	10	-0.00011947340753331035
10	2	-0.00011947340753331035
2	11	-0.00011947467400334114
11	2	-0.00011947467400334114
2	14	-0.0001206052532858516
14	2	-0.0001206052532858516
2	15	-0.00012060579834074646
15	2	-0.00012060579834074646
2	52	-0.00012060708182614604
52	2	-0.00012060708182614604
2	17	-0.00011948318529975104
17	2	-0.00011948318529975104
2	18	-0.0001194836292900848
18	2	-0.0001194836292900848
2	49	-0.00011948489584627318
49	2	-0.00011948489584627318
2	20	-0.00011828158215318465
20	2	-0.00011828158215318465
2	21	-0.00011828201979395107
21	2	-0.00011828201979395107
2	47	-0.00011828326827277046
47	2	-0.00011828326827277046
2	23	-0.00012009020964943983
23	2	-0.00012009020964943983
2	48	-0.00012009148527880884
48	2	-0.00012009148527880884
2	25	-0.0001201111271170546
25	2	-0.0001201111271170546
2	26	-0.00012011157442718503
26	2	-0.00012011157442718503
2	50	-0.00012011285043463182
50	2	-0.00012011285043463182
2	44	-0.000120046615978733
44	2	-0.000120046615978733
2	28	-0.0001200470629584317
28	2	-0.0001200470629584317
2	29	-0.00012004833802522927
29	2	-0.00012004833802522927
3	5	-1.853078474968934e-07
5	3	-1.853078474968934e-07
3	19	-1.9280206798579837e-07
19	3	-1.9280206798579837e-07
3	16	-4.636853858233394e-05
16	3	-4.636853858233394e-05
3	24	-4.7194676665909675e-05
24	3	-4.7194676665909675e-05
3	27	-4.714718887907145e-05
27	3	-4.714718887907145e-05
3	45	-4.7241824890453745e-05
45	3	-4.7241824890453745e-05
4	5	-5.009064325971709e-05
5	4	-5.009064325971709e-05
4	19	-4.814162058893882e-05
19	4	-4.814162058893882e-05
5	6	-1.463610874899233e-07
6	5	-1.463610874899233e-07
5	7	-5.0603641988968825e-05
7	5	-5.0603641988968825e-05
5	19	-0.0001898926446161541
19	5	-0.0001898926446161541
5	10	-0.0001903594451323159
10	5	-0.0001903594451323159
5	11	-0.00016864657092191112
11	5	-0.00016864657092191112
6	19	-1.5227971632180871e-07
19	6	-1.5227971632180871e-07
6	16	-1.876637529462626e-07
16	6	-1.876637529462626e-07
6	24	-1.8438230998776244e-07
24	6	-1.8438230998776244e-07
6	27	-1.8456782101662368e-07
27	6	-1.8456782101662368e-07
6	45	-1.841984940189447e-07
45	6	-1.841984940189447e-07
1	31	-7.3619940148492525e-09
31	1	-7.3619940148492525e-09
1	9	-1.6179041902620065e-05
9	1	-1.6179041902620065e-05
46	9	-0.00015061019800413706
9	46	-0.00015061019800413706
35	2	-0.00015875291332367172
2	35	-0.00015875291332367172
35	9	-0.0001975364066872588
9	35	-0.0001975364066872588
31	3	-1.3242843445997237e-08
3	31	-1.3242843445997237e-08
31	4	-0.00014714347427279467
4	31	-0.00014714347427279467
31	32	-0.00019754893873988178
32	31	-0.00019754893873988178
31	6	-9.301970650208186e-09
6	31	-9.301970650208186e-09
31	7	-0.00014865164780697673
7	31	-0.00014865164780697673
31	8	-9.29936086086221e-09
8	31	-9.29936086086221e-09
31	9	-1.164699362720733e-08
9	31	-1.164699362720733e-08
31	10	-2.9174465445842263e-09
10	31	-2.9174465445842263e-09
31	33	-0.0001975536348239929
33	31	-0.0001975536348239929
2	36	-0.00015873189591410713
36	2	-0.00015873189591410713
2	12	-0.00015872077385102446
12	2	-0.00015872077385102446
2	39	-0.0001587322254258363
39	2	-0.0001587322254258363
2	40	-0.00015873601856905006
40	2	-0.00015873601856905006
2	41	-0.00015875269360788533
41	2	-0.00015875269360788533
2	42	-0.00015874881306902682
42	2	-0.00015874881306902682
2	43	-0.00015873568904644443
43	2	-0.00015873568904644443
2	30	-0.0001587292208806678
30	2	-0.0001587292208806678
3	32	-1.5726372248016973e-09
32	3	-1.5726372248016973e-09
3	9	-0.00014716023639907566
9	3	-0.00014716023639907566
3	33	-3.920243720541192e-09
33	3	-3.920243720541192e-09
3	34	-0.0001471460436423555
34	3	-0.0001471460436423555
4	32	-0.00014715864463772007
32	4	-0.00014715864463772007
4	9	-0.00014716071881480604
9	4	-0.00014716071881480604
4	33	-0.00014715559267967646
33	4	-0.00014715559267967646
32	9	-0.00019756909165614107
9	32	-0.00019756909165614107
32	33	-0.00019756758695563378
33	32	-0.00019756758695563378
6	34	-9.301970650208186e-09
34	6	-9.301970650208186e-09
7	9	-0.0001701149053163454
9	7	-0.0001701149053163454
9	10	-0.0001718603621191177
10	9	-0.0001718603621191177
9	11	-0.00015225753956490585
11	9	-0.00015225753956490585
9	40	-0.00019752694746704363
40	9	-0.00019752694746704363
9	33	-2.3247305262742422e-09
33	9	-2.3247305262742422e-09
9	20	-0.00014717221594862454
20	9	-0.00014717221594862454
9	21	-0.00014717250863783435
21	9	-0.00014717250863783435
9	47	-0.00014717334009079858
47	9	-0.00014717334009079858
9	41	-0.00019753613321662618
41	9	-0.00019753613321662618
9	22	-0.00014942422814965252
22	9	-0.00014942422814965252
9	23	-0.00014942466935790615
23	9	-0.00014942466935790615
9	48	-0.00014942551511693843
48	9	-0.00014942551511693843
9	42	-0.00019753419570646367
42	9	-0.00019753419570646367
9	34	-0.00019755044329836655
34	9	-0.00019755044329836655
9	43	-0.00019752653728135296
43	9	-0.00019752653728135296
35	5	-6.724821107183856e-05
5	35	-6.724821107183856e-05
31	5	-5.128324004151956e-09
5	31	-5.128324004151956e-09
31	19	-6.464935076391918e-05
19	31	-6.464935076391918e-05
5	32	-6.725027539100612e-05
32	5	-6.725027539100612e-05
5	33	-6.725342205813931e-05
33	5	-6.725342205813931e-05
5	41	-6.724811799696275e-05
41	5	-6.724811799696275e-05
5	42	-6.724513442271155e-05
42	5	-6.724513442271155e-05
5	34	-6.726277085013497e-05
34	5	-6.726277085013497e-05
32	19	-6.463386288581284e-05
19	32	-6.463386288581284e-05
9	19	-1.879137267225245e-07
19	9	-1.879137267225245e-07
9	16	-6.225197717919844e-05
16	9	-6.225197717919844e-05
9	24	-6.336099655298137e-05
24	9	-6.336099655298137e-05
9	27	-6.329724828054521e-05
27	9	-6.329724828054521e-05
9	45	-6.34242889922217e-05
45	9	-6.34242889922217e-05
19	33	-6.463697846428323e-05
33	19	-6.463697846428323e-05
