2	5	-0.00015872108502487192
5	2	-0.00015872108502487192
1	5	-1.676581701387706e-05
5	1	-1.676581701387706e-05
5	0	-1.676581701387706e-05
0	5	-1.676581701387706e-05
1	0	-1.3116832098458593e-05
0	1	-1.3116832098458593e-05
2	29	-0.00015877656509072282
29	2	-0.00015877656509072282
0	2	-0.00012082377861460774
2	0	-0.00012082377861460774
0	3	-0.00017287574804765348
3	0	-0.00017287574804765348
2	6	-0.00015876131483555443
6	2	-0.00015876131483555443
0	20	-5.117403465464945e-05
20	0	-5.117403465464945e-05
5	20	-0.00016845579204157282
20	5	-0.00016845579204157282
5	4	-0.0001691190919532578
4	5	-0.0001691190919532578
1	6	-1.807017848933998e-05
6	1	-1.807017848933998e-05
6	0	-0.0001503464284107123
0	6	-0.0001503464284107123
0	9	-1.5600247281732206e-07
9	0	-1.5600247281732206e-07
5	9	-0.00017953689907851302
9	5	-0.00017953689907851302
0	8	-0.00013916661354411366
8	0	-0.00013916661354411366
0	7	-0.0001495863198175042
7	0	-0.0001495863198175042
1	8	-1.6179041902620065e-05
8	1	-1.6179041902620065e-05
5	12	-0.00016972691667497462
12	5	-0.00016972691667497462
1	7	-1.7390401869762912e-05
7	1	-1.7390401869762912e-05
5	15	-0.0001792650204892863
15	5	-0.0001792650204892863
2	9	-0.00015879810521195545
9	2	-0.00015879810521195545
5	17	-0.00017762741892292667
17	5	-0.00017762741892292667
1	4	-1.9586557103830053e-05
4	1	-1.9586557103830053e-05
4	0	-1.9586557103830053e-05
0	4	-1.9586557103830053e-05
2	34	-0.0001587933788794589
34	2	-0.0001587933788794589
5	43	-0.0001787792116151451
43	5	-0.0001787792116151451
5	28	-0.0001723994300323299
28	5	-0.0001723994300323299
1	2	-0.0001714525578700215
2	1	-0.0001714525578700215
7	2	-0.00018472792027631973
2	7	-0.00018472792027631973
10	2	-0.00018252283220209842
2	10	-0.00018252283220209842
13	2	-0.0001674733809211643
2	13	-0.0001674733809211643
45	2	-0.00011989288393709982
2	45	-0.00011989288393709982
2	46	-0.0001189868025409546
46	2	-0.0001189868025409546
3	2	-0.00011826108327327735
2	3	-0.00011826108327327735
8	2	-0.0001718603621191177
2	8	-0.0001718603621191177
11	2	-0.00019000896950594772
2	11	-0.00019000896950594772
16	2	-0.00011989333004396929
2	16	-0.00011989333004396929
2	27	-0.00011898724386654771
27	2	-0.00011898724386654771
3	5	-0.00015979296798674416
5	3	-0.00015979296798674416
4	2	-0.00011826233157913055
2	4	-0.00011826233157913055
5	7	-0.00019047637752695184
7	5	-0.00019047637752695184
5	8	-0.00019065758922589618
8	5	-0.00019065758922589618
5	10	-0.00016452762339344085
10	5	-0.00016452762339344085
5	11	-0.00017127569082226276
11	5	-0.00017127569082226276
5	13	-0.0001509619208303453
13	5	-0.0001509619208303453
5	45	-0.00014921196260928282
45	5	-0.00014921196260928282
5	16	-0.0001492122597961425
16	5	-0.0001492122597961425
5	47	-0.0001492131039329589
47	5	-0.0001492131039329589
5	18	-0.000147211854193679
18	5	-0.000147211854193679
5	19	-0.00014721214689280835
19	5	-0.00014721214689280835
5	49	-0.00014721297837217215
49	5	-0.00014721297837217215
5	46	-0.00014808406757160582
46	5	-0.00014808406757160582
5	27	-0.00014808436221946616
27	5	-0.00014808436221946616
5	48	-0.0001480851991952746
48	5	-0.0001480851991952746
47	2	-0.00011989460262554526
2	47	-0.00011989460262554526
2	48	-0.0001189885028360074
48	2	-0.0001189885028360074
3	9	-0.00014713419276519095
9	3	-0.00014713419276519095
4	9	-0.00016847689990140953
9	4	-0.00016847689990140953
0	33	-0.00015033795225629832
33	0	-0.00015033795225629832
2	40	-0.00015874080046808167
40	2	-0.00015874080046808167
2	33	-0.00015878081388116046
33	2	-0.00015878081388116046
2	41	-0.0001587524738927071
41	2	-0.0001587524738927071
2	44	-0.00015874015976158681
44	2	-0.00015874015976158681
