2	0	-0.00019624393885939585
0	2	-0.00019624393885939585
1	4	-0.00015880576558886691
4	1	-0.00015880576558886691
2	1	-0.00011908312485053006
1	2	-0.00011908312485053006
13	1	-0.00015872077385102446
1	13	-0.00015872077385102446
1	50	-0.00012120192987952052
50	1	-0.00012120192987952052
1	0	-0.00012120063756999419
0	1	-0.00012120063756999419
0	5	-1.807017848933998e-05
5	0	-1.807017848933998e-05
1	32	-0.00015878499234151728
32	1	-0.00015878499234151728
13	4	-0.0001729434269101961
4	13	-0.0001729434269101961
0	3	-1.8790418437020857e-05
3	0	-1.8790418437020857e-05
1	33	-0.00015878914445067096
33	1	-0.00015878914445067096
13	7	-0.00017953689907851302
7	13	-0.00017953689907851302
13	10	-0.00018311302780577642
10	13	-0.00018311302780577642
0	11	-0.00019385526123416168
11	0	-0.00019385526123416168
1	14	-0.00015876131483555443
14	1	-0.00015876131483555443
13	39	-0.00016845579204157282
39	13	-0.00016845579204157282
0	13	-4.377322482109402e-05
13	0	-4.377322482109402e-05
39	12	-1.985536791952273e-07
12	39	-1.985536791952273e-07
13	12	-4.269911261907807e-05
12	13	-4.269911261907807e-05
0	38	-0.0001975704323852697
38	0	-0.0001975704323852697
13	41	-0.0001805180216592698
41	13	-0.0001805180216592698
0	12	-0.00019279391014809846
12	0	-0.00019279391014809846
1	12	-0.00011826215881957294
12	1	-0.00011826215881957294
1	21	-0.00015876945362332736
21	1	-0.00015876945362332736
13	43	-0.00018151707800039923
43	13	-0.00018151707800039923
1	20	-0.0001587296602195505
20	1	-0.0001587296602195505
13	23	-0.00017699225898133283
23	13	-0.00017699225898133283
6	13	-4.3411779166950864e-05
13	6	-4.3411779166950864e-05
1	27	-0.00015876538418296818
27	1	-0.00015876538418296818
13	47	-0.00017762741892292667
47	13	-0.00017762741892292667
1	30	-0.00015872944054980514
30	1	-0.00015872944054980514
2	11	-0.0001525060988745376
11	2	-0.0001525060988745376
48	13	-4.3772894499821104e-05
13	48	-4.3772894499821104e-05
50	13	-4.377416943526546e-05
13	50	-4.377416943526546e-05
2	12	-0.0001634072568446309
12	2	-0.0001634072568446309
2	13	-4.3001183972013984e-05
13	2	-4.3001183972013984e-05
3	12	-0.00019621509911988528
12	3	-0.00019621509911988528
3	13	-4.3001507351893134e-05
13	3	-4.3001507351893134e-05
54	13	-4.3002432147428024e-05
13	54	-4.3002432147428024e-05
5	13	-4.3411452069843435e-05
13	5	-4.3411452069843435e-05
52	13	-4.341271457594847e-05
13	52	-4.341271457594847e-05
8	12	-0.00019342065799587318
12	8	-0.00019342065799587318
8	13	-4.362374905104649e-05
13	8	-4.362374905104649e-05
9	13	-4.362407808317258e-05
13	9	-4.362407808317258e-05
53	13	-4.3625019016979096e-05
13	53	-4.3625019016979096e-05
38	13	-4.2697874762260716e-05
13	38	-4.2697874762260716e-05
11	13	-4.269819546557355e-05
13	11	-4.269819546557355e-05
13	40	-4.345610318812362e-05
40	13	-4.345610318812362e-05
13	15	-4.3456430780100134e-05
15	13	-4.3456430780100134e-05
13	16	-4.345736760244225e-05
16	13	-4.345736760244225e-05
13	42	-4.351981620858757e-05
42	13	-4.351981620858757e-05
13	18	-4.3520144355472884e-05
18	13	-4.3520144355472884e-05
13	19	-4.352108276205955e-05
19	13	-4.352108276205955e-05
13	49	-4.326425117809155e-05
49	13	-4.326425117809155e-05
13	22	-4.326457686422183e-05
22	13	-4.326457686422183e-05
13	51	-4.326550824426991e-05
51	13	-4.326550824426991e-05
13	45	-4.269995913315306e-05
45	13	-4.269995913315306e-05
13	24	-4.270027984272132e-05
24	13	-4.270027984272132e-05
13	25	-4.270119701402994e-05
25	13	-4.270119701402994e-05
13	46	-4.3285675247780606e-05
46	13	-4.3285675247780606e-05
13	28	-4.328600126208819e-05
28	13	-4.328600126208819e-05
13	29	-4.328693357975877e-05
29	13	-4.328693357975877e-05
48	1	-0.00012120018453345922
1	48	-0.00012120018453345922
1	3	-1.8790418437020857e-05
3	1	-1.8790418437020857e-05
1	54	-0.00011908482723115978
54	1	-0.00011908482723115978
1	5	-1.807017848933998e-05
5	1	-1.807017848933998e-05
1	6	-0.00012021664391385502
6	1	-0.00012021664391385502
1	52	-0.00012021792144944788
52	1	-0.00012021792144944788
1	8	-0.00012080409475032096
8	1	-0.00012080409475032096
1	9	-0.0001208045457161878
9	1	-0.0001208045457161878
1	53	-0.00012080583213101877
53	1	-0.00012080583213101877
1	38	-0.00011826047293729184
38	1	-0.00011826047293729184
1	11	-0.00011826091051630041
11	1	-0.00011826091051630041
1	40	-0.00012036054121320285
40	1	-0.00012036054121320285
1	15	-0.00012036098986868957
15	1	-0.00012036098986868957
1	16	-0.00012036226970638049
16	1	-0.00012036226970638049
1	42	-0.00012053094448801754
42	1	-0.00012053094448801754
1	18	-0.00012053139403455145
18	1	-0.00012053139403455145
1	19	-0.00012053267640888759
19	1	-0.00012053267640888759
1	49	-0.0001197918320550645
49	1	-0.0001197918320550645
1	22	-0.0001197922776211088
22	1	-0.0001197922776211088
1	51	-0.00011979354866295292
51	1	-0.00011979354866295292
1	45	-0.00011826327155419352
45	1	-0.00011826327155419352
1	24	-0.00011826370914166702
24	1	-0.00011826370914166702
1	25	-0.00011826495746900403
25	1	-0.00011826495746900403
1	46	-0.0001198824759601604
46	1	-0.0001198824759601604
1	28	-0.00011988292207134503
28	1	-0.00011988292207134503
1	29	-0.00011988419466554573
29	1	-0.00011988419466554573
2	4	-4.912851785187591e-05
4	2	-4.912851785187591e-05
2	7	-0.00016971124282915407
7	2	-0.00016971124282915407
4	12	-2.79504551545327e-08
12	4	-2.79504551545327e-08
7	12	-0.00017750686073301334
12	7	-0.00017750686073301334
34	1	-0.0001587525571891671
1	34	-0.0001587525571891671
1	31	-0.0001587927773606635
31	1	-0.0001587927773606635
1	35	-0.00015874466245924444
35	1	-0.00015874466245924444
1	36	-0.0001587482821099049
36	1	-0.0001587482821099049
1	37	-0.0001587489229230817
37	1	-0.0001587489229230817
1	17	-0.00015872088367694894
17	1	-0.00015872088367694894
1	44	-0.00015875213609674494
44	1	-0.00015875213609674494
1	26	-0.00015872506138108833
26	1	-0.00015872506138108833
31	12	-2.7948168650427528e-08
12	31	-2.7948168650427528e-08
4	14	-0.00019752379698654917
14	4	-0.00019752379698654917
33	12	-1.541208862632533e-08
12	33	-1.541208862632533e-08
