11	9	-0.0001783722586525374
9	11	-0.0001783722586525374
1	9	-1.6179041902620065e-05
9	1	-1.6179041902620065e-05
9	0	-1.6179041902620065e-05
0	9	-1.6179041902620065e-05
1	0	-1.3116832098458593e-05
0	1	-1.3116832098458593e-05
0	31	-6.087319028445061e-09
31	0	-6.087319028445061e-09
2	31	-0.00015877233106149463
31	2	-0.00015877233106149463
0	2	-2.241776713968344e-07
2	0	-2.241776713968344e-07
19	2	-0.00015872890968376401
2	19	-0.00015872890968376401
0	34	-0.00015172502825270583
34	0	-0.00015172502825270583
2	52	-0.00012190790551490244
52	2	-0.00012190790551490244
1	3	-1.9586557103830053e-05
3	1	-1.9586557103830053e-05
3	0	-1.3003523388434887e-06
0	3	-1.3003523388434887e-06
0	50	-0.00015167109113626916
50	0	-0.00015167109113626916
2	50	-0.0001587933788794589
50	2	-0.0001587933788794589
0	49	-0.00015170940738982243
49	0	-0.00015170940738982243
19	48	-4.403431128085902e-05
48	19	-4.403431128085902e-05
0	5	-0.0001975459050442497
5	0	-0.0001975459050442497
0	4	-0.00017981809211013331
4	0	-0.00017981809211013331
3	2	-0.00012192635697193939
2	3	-0.00012192635697193939
0	8	-2.79504551545327e-08
8	0	-2.79504551545327e-08
19	8	-0.00017770100984303925
8	19	-0.00017770100984303925
0	7	-1.676581701387706e-05
7	0	-1.676581701387706e-05
0	6	-0.00017973219858631668
6	0	-0.00017973219858631668
1	7	-1.676581701387706e-05
7	1	-1.676581701387706e-05
2	32	-0.00015877656509072282
32	2	-0.00015877656509072282
0	11	-2.1144188823174328e-07
11	0	-2.1144188823174328e-07
19	11	-0.00017938937561296918
11	19	-0.00017938937561296918
0	10	-0.00019477641427982723
10	0	-0.00019477641427982723
2	8	-0.00015880576558886691
8	2	-0.00015880576558886691
0	13	-2.1299713714420652e-07
13	0	-2.1299713714420652e-07
19	13	-0.00018070874761744765
13	19	-0.00018070874761744765
0	36	-2.6984201450609666e-08
36	0	-2.6984201450609666e-08
0	12	-1.5523914037946308e-08
12	0	-1.5523914037946308e-08
0	46	-1.526460189012735e-08
46	0	-1.526460189012735e-08
0	16	-2.135248486678207e-07
16	0	-2.135248486678207e-07
19	16	-0.00018115642335873208
16	19	-0.00018115642335873208
2	1	-0.00012190614544649362
1	2	-0.00012190614544649362
2	20	-0.00015876945362332736
20	2	-0.00015876945362332736
0	39	-2.144728605100144e-07
39	0	-2.144728605100144e-07
19	39	-0.0001819606537491929
39	19	-0.0001819606537491929
0	19	-4.4017483244440444e-05
19	0	-4.4017483244440444e-05
19	18	-4.3547145980843016e-05
18	19	-4.3547145980843016e-05
2	24	-0.00015876131483555443
24	2	-0.00015876131483555443
0	41	-2.1720488247996676e-07
41	0	-2.1720488247996676e-07
19	41	-0.00018427831651190746
41	19	-0.00018427831651190746
0	43	-2.111509698047126e-07
43	0	-2.111509698047126e-07
19	43	-0.00017914257915565814
43	19	-0.00017914257915565814
0	45	-2.091004238308384e-07
45	0	-2.091004238308384e-07
19	45	-0.00017740302632614804
45	19	-0.00017740302632614804
0	28	-0.00019748794088622688
28	0	-0.00019748794088622688
0	44	-0.00019748761393973446
44	0	-0.00019748761393973446
2	6	-0.0001198967838381351
6	2	-0.0001198967838381351
2	9	-0.00012018327672919385
9	2	-0.00012018327672919385
2	46	-0.0001204154627192917
46	2	-0.0001204154627192917
2	14	-0.0001204730469503817
14	2	-0.0001204730469503817
2	38	-0.00012060312572025171
38	2	-0.00012060312572025171
2	40	-0.00012097252687614771
40	2	-0.00012097252687614771
2	42	-0.00012013186262311517
42	2	-0.00012013186262311517
2	44	-0.00011984417474623914
44	2	-0.00011984417474623914
6	9	-0.0001971023107852319
9	6	-0.0001971023107852319
2	7	-0.00011989723002045128
7	2	-0.00011989723002045128
2	10	-0.0001201837244214248
10	2	-0.0001201837244214248
2	12	-0.00012041591158693442
12	2	-0.00012041591158693442
2	15	-0.00012047358054975005
15	2	-0.00012047358054975005
2	17	-0.00012060357564985573
17	2	-0.00012060357564985573
2	21	-0.00012097297878116406
21	2	-0.00012097297878116406
2	25	-0.00012013231006687564
25	2	-0.00012013231006687564
2	28	-0.0001198446310907254
28	2	-0.0001198446310907254
0	47	-1.6267275428842618e-08
47	0	-1.6267275428842618e-08
0	29	-0.000197488818500467
29	0	-0.000197488818500467
1	19	-4.4017150564001116e-05
19	1	-4.4017150564001116e-05
0	48	-0.0001975453449515569
48	0	-0.0001975453449515569
52	19	-4.401843459485984e-05
19	52	-4.401843459485984e-05
2	53	-0.00011989850281713275
53	2	-0.00011989850281713275
2	51	-0.00012018500151667932
51	2	-0.00012018500151667932
2	47	-0.00012041719202815982
47	2	-0.00012041719202815982
2	54	-0.00012047486203782693
54	2	-0.00012047486203782693
2	18	-0.00012060485911474942
18	2	-0.00012060485911474942
2	22	-0.00012097426786987899
22	2	-0.00012097426786987899
2	26	-0.00012013358645489227
26	2	-0.00012013358645489227
2	29	-0.000119845903108403
29	2	-0.000119845903108403
3	19	-4.403271185026555e-05
19	3	-4.403271185026555e-05
4	19	-4.403304457537885e-05
19	4	-4.403304457537885e-05
5	19	-4.4033996052898036e-05
19	5	-4.4033996052898036e-05
6	19	-4.329162214926291e-05
19	6	-4.329162214926291e-05
7	19	-4.329194820848209e-05
19	7	-4.329194820848209e-05
53	19	-4.329288065434285e-05
19	53	-4.329288065434285e-05
9	19	-4.3396191660861684e-05
19	9	-4.3396191660861684e-05
10	19	-4.3396518658776534e-05
19	10	-4.3396518658776534e-05
51	19	-4.3397453784741654e-05
19	51	-4.3397453784741654e-05
46	19	-4.348948284235963e-05
19	46	-4.348948284235963e-05
12	19	-4.348981057865992e-05
19	12	-4.348981057865992e-05
47	19	-4.349074781234348e-05
19	47	-4.349074781234348e-05
14	19	-4.349969582826682e-05
19	14	-4.349969582826682e-05
15	19	-4.3500054244460385e-05
19	15	-4.3500054244460385e-05
54	19	-4.350099210168595e-05
19	54	-4.350099210168595e-05
38	19	-4.354587851129236e-05
19	38	-4.354587851129236e-05
17	19	-4.3546206895801204e-05
19	17	-4.3546206895801204e-05
19	40	-4.367706025470473e-05
40	19	-4.367706025470473e-05
19	21	-4.367738986196004e-05
21	19	-4.367738986196004e-05
19	22	-4.367833243825046e-05
22	19	-4.367833243825046e-05
19	42	-4.337353891658083e-05
42	19	-4.337353891658083e-05
19	25	-4.33738657564228e-05
25	19	-4.33738657564228e-05
19	26	-4.3374800431278985e-05
26	19	-4.3374800431278985e-05
19	44	-4.327184592123297e-05
44	19	-4.327184592123297e-05
19	28	-4.3272175577772267e-05
28	19	-4.3272175577772267e-05
19	29	-4.327310753625631e-05
29	19	-4.327310753625631e-05
1	11	-0.00015829389058348513
11	1	-0.00015829389058348513
2	4	-0.00012192681389502921
4	2	-0.00012192681389502921
2	5	-0.000121928117268966
5	2	-0.000121928117268966
2	48	-0.00012192855669642171
48	2	-0.00012192855669642171
6	11	-0.00014853300913361588
11	6	-0.00014853300913361588
1	31	-0.0001516864292242656
31	1	-0.0001516864292242656
0	33	-2.7948168650427528e-08
33	0	-2.7948168650427528e-08
34	2	-0.00015873211558844124
2	34	-0.00015873211558844124
31	6	-0.00014918556205356745
6	31	-0.00014918556205356745
31	10	-0.00014954219600660096
10	31	-0.00014954219600660096
2	49	-0.00015875291332367172
49	2	-0.00015875291332367172
2	35	-0.00015873601856905006
35	2	-0.00015873601856905006
2	36	-0.00015875266703973162
36	2	-0.00015875266703973162
2	33	-0.0001587927773606635
33	2	-0.0001587927773606635
2	37	-0.0001587315847098413
37	2	-0.0001587315847098413
2	23	-0.00015872055419963147
23	2	-0.00015872055419963147
2	27	-0.00015872099350302542
27	2	-0.00015872099350302542
2	30	-0.00015872901951782603
30	2	-0.00015872901951782603
