1	9	-1.6179041902620065e-05
9	1	-1.6179041902620065e-05
9	0	-1.6179041902620065e-05
0	9	-1.6179041902620065e-05
1	0	-3.9514456696606546e-05
0	1	-3.9514456696606546e-05
2	31	-0.00015877233106149463
31	2	-0.00015877233106149463
0	2	-0.00014163530304137542
2	0	-0.00014163530304137542
1	3	-0.00014347432999033363
3	1	-0.00014347432999033363
3	0	-1.9586557103830053e-05
0	3	-1.9586557103830053e-05
0	7	-0.00019674840337243765
7	0	-0.00019674840337243765
0	6	-0.00019674809369025164
6	0	-0.00019674809369025164
1	7	-0.0001943151042661784
7	1	-0.0001943151042661784
2	20	-0.00015876945362332736
20	2	-0.00015876945362332736
2	24	-0.00015876131483555443
24	2	-0.00015876131483555443
34	2	-0.00015873211558844124
2	34	-0.00015873211558844124
