0	1	-0.00012181849015294799
1	0	-0.00012181849015294799
4	0	-0.00016656124926458087
0	4	-0.00016656124926458087
1	3	-3.9514456696606546e-05
3	1	-3.9514456696606546e-05
9	3	-0.00015876131483555443
3	9	-0.00015876131483555443
0	2	-1.9586557103830053e-05
2	0	-1.9586557103830053e-05
2	1	-3.292871391383878e-05
1	2	-3.292871391383878e-05
0	3	-1.7390401869762912e-05
3	0	-1.7390401869762912e-05
1	9	-0.0001210755754153712
9	1	-0.0001210755754153712
2	9	-0.00018151707800039923
9	2	-0.00018151707800039923
1	13	-1.9003324245860534e-07
13	1	-1.9003324245860534e-07
9	13	-0.00015879810521195545
13	9	-0.00015879810521195545
1	11	-4.4958654970934394e-05
11	1	-4.4958654970934394e-05
0	5	-1.6179041902620065e-05
5	0	-1.6179041902620065e-05
5	1	-1.6179041902620065e-05
1	5	-1.6179041902620065e-05
9	31	-0.00015877233106149463
31	9	-0.00015877233106149463
2	7	-0.00019545590143795535
7	2	-0.00019545590143795535
4	2	-0.00019700814366318598
2	4	-0.00019700814366318598
1	4	-0.0001833738685344214
4	1	-0.0001833738685344214
0	9	-0.00013653469232290542
9	0	-0.00013653469232290542
9	40	-0.00015873994009197917
40	9	-0.00015873994009197917
9	29	-0.00015878081388116046
29	9	-0.00015878081388116046
