1	4	-0.00015880576558886691
4	1	-0.00015880576558886691
2	1	-0.00014163530304137542
1	2	-0.00014163530304137542
13	1	-0.00018555736937705703
1	13	-0.00018555736937705703
1	0	-0.00013171485565535503
0	1	-0.00013171485565535503
0	5	-1.807017848933998e-05
5	0	-1.807017848933998e-05
13	4	-0.00019747357984121797
4	13	-0.00019747357984121797
0	3	-1.8790418437020857e-05
3	0	-1.8790418437020857e-05
1	33	-0.00015878914445067096
33	1	-0.00015878914445067096
0	11	-0.00019622356311569248
11	0	-0.00019622356311569248
1	14	-0.00015876131483555443
14	1	-0.00015876131483555443
13	39	-0.00016845579204157282
39	13	-0.00016845579204157282
0	12	-0.00019437721779315528
12	0	-0.00019437721779315528
1	12	-0.00011826215881957294
12	1	-0.00011826215881957294
1	21	-0.00015876945362332736
21	1	-0.00015876945362332736
2	12	-0.0001706111559896801
12	2	-0.0001706111559896801
2	13	-0.00015776859583814138
13	2	-0.00015776859583814138
1	3	-1.8790418437020857e-05
3	1	-1.8790418437020857e-05
1	5	-4.6222092966012756e-05
5	1	-4.6222092966012756e-05
1	8	-0.0001626475277457415
8	1	-0.0001626475277457415
1	11	-0.0001545629324538704
11	1	-0.0001545629324538704
4	12	-2.038435636864606e-07
12	4	-2.038435636864606e-07
1	31	-0.0001587927773606635
31	1	-0.0001587927773606635
