0	6	-1.3903302091648485e-09
6	0	-1.3903302091648485e-09
0	1	-3.59222333605514e-05
1	0	-3.59222333605514e-05
0	31	-2.3254926625520464e-09
31	0	-2.3254926625520464e-09
2	31	-1.1806541485114278e-08
31	2	-1.1806541485114278e-08
1	2	-4.678750831422726e-05
2	1	-4.678750831422726e-05
8	2	-1.903495550080227e-07
2	8	-1.903495550080227e-07
0	35	-0.00015063292316106177
35	0	-0.00015063292316106177
31	35	-0.00019752216106719013
35	31	-0.00019752216106719013
2	46	-4.678879999899718e-05
46	2	-4.678879999899718e-05
5	9	-1.806101171036531e-07
9	5	-1.806101171036531e-07
0	9	-3.17960841146206e-09
9	0	-3.17960841146206e-09
9	6	-0.00014866774927201586
6	9	-0.00014866774927201586
6	32	-1.5731273893734387e-09
32	6	-1.5731273893734387e-09
2	32	-1.367472296781929e-10
32	2	-1.367472296781929e-10
1	5	-5.12708622612373e-05
5	1	-5.12708622612373e-05
8	5	-1.7372017559932853e-07
5	8	-1.7372017559932853e-07
32	36	-0.000197522183860467
36	32	-0.000197522183860467
5	51	-5.009159285243593e-05
51	5	-5.009159285243593e-05
0	4	-0.00011856798202173896
4	0	-0.00011856798202173896
0	3	-4.395946007113712e-09
3	0	-4.395946007113712e-09
4	3	-0.00018439192225336933
3	4	-0.00018439192225336933
1	3	-4.135310251048859e-09
3	1	-4.135310251048859e-09
3	6	-0.00014347432999033363
6	3	-0.00014347432999033363
2	9	-1.9789903678154075e-07
9	2	-1.9789903678154075e-07
0	19	-1.5229275261838514e-07
19	0	-1.5229275261838514e-07
8	19	-1.80745166036443e-07
19	8	-1.80745166036443e-07
0	8	-1.3899927481801318e-09
8	0	-1.3899927481801318e-09
9	8	-0.00019065758922589618
8	9	-0.00019065758922589618
19	7	-1.5944827700789023e-07
7	19	-1.5944827700789023e-07
8	7	-4.314103450841071e-05
7	8	-4.314103450841071e-05
7	6	-0.00018954152373609003
6	7	-0.00018954152373609003
0	37	-0.00019503394687435713
37	0	-0.00019503394687435713
2	4	-4.570975656711814e-05
4	2	-4.570975656711814e-05
2	13	-0.00015876131483555443
13	2	-0.00015876131483555443
19	11	-4.86304078384861e-05
11	19	-4.86304078384861e-05
0	10	-0.0001674733809211643
10	0	-0.0001674733809211643
11	10	-0.00017503669489824915
10	11	-0.00017503669489824915
0	38	-0.0001950305498439515
38	0	-0.0001950305498439515
8	16	-1.8764707546343904e-07
16	8	-1.8764707546343904e-07
32	39	-0.0001975225940362655
39	32	-0.0001975225940362655
0	15	-0.0001968723812483867
15	0	-0.0001968723812483867
14	0	-0.00019687191439067547
0	14	-0.00019687191439067547
10	8	-4.313596847448826e-05
8	10	-4.313596847448826e-05
8	6	-4.314010597907197e-05
6	8	-4.314010597907197e-05
6	33	-2.3254926625520464e-09
33	6	-2.3254926625520464e-09
2	33	-2.4842708565087497e-09
33	2	-2.4842708565087497e-09
1	19	-4.9276252699979296e-05
19	1	-4.9276252699979296e-05
33	40	-0.00019752204713557943
40	33	-0.00019752204713557943
19	49	-4.863834194137024e-05
49	19	-4.863834194137024e-05
0	18	-0.0001950372400838983
18	0	-0.0001950372400838983
0	17	-0.00019503693192333743
17	0	-0.00019503693192333743
0	41	-0.00015063313170536504
41	0	-0.00015063313170536504
31	41	-0.00019752188761763579
41	31	-0.00019752188761763579
5	47	-5.010242147615404e-05
47	5	-5.010242147615404e-05
0	21	-0.00019306409737831776
21	0	-0.00019306409737831776
0	20	-0.00019306379285512437
20	0	-0.00019306379285512437
11	7	-0.0001975654895325458
7	11	-0.0001975654895325458
0	7	-1.8790418437020857e-05
7	0	-1.8790418437020857e-05
2	34	-6.138149110204931e-05
34	2	-6.138149110204931e-05
8	24	-1.8436621061760758e-07
24	8	-1.8436621061760758e-07
0	23	-0.00019601908458103705
23	0	-0.00019601908458103705
2	22	-4.641787897685774e-05
22	2	-4.641787897685774e-05
22	0	-0.00019601858644308675
0	22	-0.00019601858644308675
8	27	-1.8455168923574013e-07
27	8	-1.8455168923574013e-07
33	43	-0.00019752163696205228
43	33	-0.00019752163696205228
0	26	-0.000196062540097533
26	0	-0.000196062540097533
0	25	-0.0001960622300484813
25	0	-0.0001960622300484813
0	45	-1.5518918171484443e-07
45	0	-1.5518918171484443e-07
8	45	-1.841824267312306e-07
45	8	-1.841824267312306e-07
9	30	-0.00019752243452325253
30	9	-0.00019752243452325253
0	28	-0.00019596205016827344
28	0	-0.00019596205016827344
0	44	-0.00019596174029972176
44	0	-0.00019596174029972176
0	2	-1.6038597434306e-07
2	0	-1.6038597434306e-07
3	17	-0.00019556319684219868
17	3	-0.00019556319684219868
3	20	-4.040964928006968e-09
20	3	-4.040964928006968e-09
3	22	-2.3272170838529374e-09
22	3	-2.3272170838529374e-09
3	25	-0.00019454049932903205
25	3	-0.00019454049932903205
1	4	-0.0001545629324538704
4	1	-0.0001545629324538704
1	6	-1.129642996844762e-09
6	1	-1.129642996844762e-09
1	10	-0.0001835880383726183
10	1	-0.0001835880383726183
3	10	-0.00015193328271828293
10	3	-0.00015193328271828293
3	18	-0.00019556263901387516
18	3	-0.00019556263901387516
3	21	-4.295654236367619e-09
21	3	-4.295654236367619e-09
3	23	-2.5858033027412643e-09
23	3	-2.5858033027412643e-09
3	26	-0.00019453994281930267
26	3	-0.00019453994281930267
4	6	-0.00013462726759915143
6	4	-0.00013462726759915143
4	10	-0.00014256461564315993
10	4	-0.00014256461564315993
4	17	-0.00019556375415402802
17	4	-0.00019556375415402802
4	18	-0.0001955631963241229
18	4	-0.0001955631963241229
4	20	-0.00019755567524747052
20	4	-0.00019755567524747052
4	21	-0.00019755511486901935
21	4	-0.00019755511486901935
4	22	-0.00019457929330822616
22	4	-0.00019457929330822616
4	23	-0.00019457854996064752
23	4	-0.00019457854996064752
4	25	-0.00019454105505854407
25	4	-0.00019454105505854407
4	26	-0.00019454049854723712
26	4	-0.00019454049854723712
6	10	-0.00018761649263564534
10	6	-0.00018761649263564534
6	20	-1.1038650690981254e-09
20	6	-1.1038650690981254e-09
6	21	-1.3586035123076291e-09
21	6	-1.3586035123076291e-09
6	22	-1.120769605323363e-09
22	6	-1.120769605323363e-09
6	23	-1.3794104303959895e-09
23	6	-1.3794104303959895e-09
0	51	-0.0001930564648410235
51	0	-0.0001930564648410235
0	11	-0.00018903520950537068
11	0	-0.00018903520950537068
0	52	-0.00019687326399208164
52	0	-0.00019687326399208164
0	49	-0.00019503811331639015
49	0	-0.00019503811331639015
0	47	-0.00019306496038860136
47	0	-0.00019306496038860136
0	48	-0.00019601996287138703
48	0	-0.00019601996287138703
0	50	-0.0001960634186365857
50	0	-0.0001960634186365857
0	29	-0.00019596292820025973
29	0	-0.00019596292820025973
1	46	-6.602495166336708e-10
46	1	-6.602495166336708e-10
1	35	-6.380327383105877e-09
35	1	-6.380327383105877e-09
1	7	-1.8790418437020857e-05
7	1	-1.8790418437020857e-05
1	8	-1.129367320156801e-09
8	1	-1.129367320156801e-09
1	11	-0.0001626475277457415
11	1	-0.0001626475277457415
1	47	-6.451864334024676e-10
47	1	-6.451864334024676e-10
1	41	-6.3803185526622706e-09
41	1	-6.3803185526622706e-09
1	42	-4.056019888502835e-09
42	1	-4.056019888502835e-09
46	3	-5.143106143066539e-09
3	46	-5.143106143066539e-09
46	4	-0.00019304522029586356
4	46	-0.00019304522029586356
46	6	-2.1376342008593454e-09
6	46	-2.1376342008593454e-09
46	8	-2.137123435419513e-09
8	46	-2.137123435419513e-09
35	3	-1.2259686922172404e-08
3	35	-1.2259686922172404e-08
35	4	-0.00014718062998918472
4	35	-0.00014718062998918472
35	6	-8.319587330001239e-09
6	35	-8.319587330001239e-09
35	7	-0.00014868919011144316
7	35	-0.00014868919011144316
35	8	-8.317212481548726e-09
8	35	-8.317212481548726e-09
35	10	-1.936885098442858e-09
10	35	-1.936885098442858e-09
3	36	-6.152267674152873e-10
36	3	-6.152267674152873e-10
3	7	-0.0001502283775173009
7	3	-0.0001502283775173009
3	8	-4.2703447115662996e-05
8	3	-4.2703447115662996e-05
3	11	-0.00013278588584571556
11	3	-0.00013278588584571556
3	39	-6.152280446010491e-10
39	3	-6.152280446010491e-10
3	49	-0.0001955610501033799
49	3	-0.0001955610501033799
3	40	-2.9622360930266907e-09
40	3	-2.9622360930266907e-09
3	47	-5.025767694845693e-09
47	3	-5.025767694845693e-09
3	41	-1.2259669954154677e-08
41	3	-1.2259669954154677e-08
3	48	-3.327081721311035e-09
48	3	-3.327081721311035e-09
3	42	-9.935248508741536e-09
42	3	-9.935248508741536e-09
3	50	-0.00019453835768875818
50	3	-0.00019453835768875818
3	43	-2.962229943501705e-09
43	3	-2.962229943501705e-09
3	30	-0.00014719719452197457
30	3	-0.00014719719452197457
4	36	-0.00014719578939326744
36	4	-0.00014719578939326744
4	7	-0.00019556699978538026
7	4	-0.00019556699978538026
4	8	-4.270376783514609e-05
8	4	-4.270376783514609e-05
4	11	-0.00019557036233225258
11	4	-0.00019557036233225258
4	39	-0.00014719548371467655
39	4	-0.00014719548371467655
4	49	-0.0001955616074091094
49	4	-0.0001955616074091094
4	40	-0.00014719283898731805
40	4	-0.00014719283898731805
4	47	-0.0001975535186478518
47	4	-0.0001975535186478518
4	41	-0.0001471808337659616
41	4	-0.0001471808337659616
4	48	-0.00019457696472665107
48	4	-0.00019457696472665107
4	42	-0.00014718356753299884
42	4	-0.00014718356753299884
4	50	-0.00019453891341218612
50	4	-0.00019453891341218612
4	43	-0.00014719314466320277
43	4	-0.00014719314466320277
4	30	-0.0001471976769966275
30	4	-0.0001471976769966275
51	8	-4.270468503466664e-05
8	51	-4.270468503466664e-05
36	6	-6.154214575210989e-10
6	36	-6.154214575210989e-10
37	8	-4.313978129157179e-05
8	37	-4.313978129157179e-05
6	11	-0.00018432494403106453
11	6	-0.00018432494403106453
6	39	-6.154227355153268e-10
39	6	-6.154227355153268e-10
6	40	-1.3676022922760106e-09
40	6	-1.3676022922760106e-09
6	47	-2.0888543365712398e-09
47	6	-2.0888543365712398e-09
6	41	-8.319575812312686e-09
41	6	-8.319575812312686e-09
6	48	-3.448528483684032e-10
48	6	-3.448528483684032e-10
6	42	-5.9946650135328915e-09
42	6	-5.9946650135328915e-09
6	43	-1.3675994523045636e-09
43	6	-1.3675994523045636e-09
7	10	-0.000195565689978908
10	7	-0.000195565689978908
7	41	-0.00014868939597753985
41	7	-0.00014868939597753985
8	38	-4.3135643799034245e-05
38	8	-4.3135643799034245e-05
8	11	-4.313689696954852e-05
11	8	-4.313689696954852e-05
8	14	-4.354743211057301e-05
14	8	-4.354743211057301e-05
8	15	-4.354779484496533e-05
15	8	-4.354779484496533e-05
8	52	-4.35487339448395e-05
52	8	-4.35487339448395e-05
8	17	-4.314340023530683e-05
17	8	-4.314340023530683e-05
8	18	-4.314372493336675e-05
18	8	-4.314372493336675e-05
8	49	-4.314465349275456e-05
49	8	-4.314465349275456e-05
8	20	-1.1036018290183578e-09
20	8	-1.1036018290183578e-09
8	21	-1.3582812752209556e-09
21	8	-1.3582812752209556e-09
8	47	-2.088366613381672e-09
47	8	-2.088366613381672e-09
8	41	-8.317200970434739e-09
41	8	-8.317200970434739e-09
8	22	-4.336575382295693e-05
22	8	-4.336575382295693e-05
8	23	-4.336612212490383e-05
23	8	-4.336612212490383e-05
8	48	-3.44767997975481e-10
48	8	-3.44767997975481e-10
8	42	-5.992883318405868e-09
42	8	-5.992883318405868e-09
8	25	-4.3370139630314154e-05
25	8	-4.3370139630314154e-05
8	26	-4.337046639099794e-05
26	8	-4.337046639099794e-05
8	50	-4.337140083962236e-05
50	8	-4.337140083962236e-05
8	44	-4.3344940886750703e-05
44	8	-4.3344940886750703e-05
8	28	-4.334526744047985e-05
28	8	-4.334526744047985e-05
8	29	-4.3346201298310006e-05
29	8	-4.3346201298310006e-05
10	41	-1.9368824177724775e-09
41	10	-1.9368824177724775e-09
0	5	-1.463731300805786e-07
5	0	-1.463731300805786e-07
0	16	-1.5810869905522625e-07
16	0	-1.5810869905522625e-07
0	24	-1.5534404861502663e-07
24	0	-1.5534404861502663e-07
0	27	-1.5550034362124476e-07
27	0	-1.5550034362124476e-07
46	5	-5.12721811517053e-05
5	46	-5.12721811517053e-05
46	19	-4.927755948684224e-05
19	46	-4.927755948684224e-05
2	3	-2.0304805709793247e-07
3	2	-2.0304805709793247e-07
2	51	-0.00011826951040321031
51	2	-0.00011826951040321031
2	5	-0.00017794900244556526
5	2	-0.00017794900244556526
2	37	-0.00011947841321658956
37	2	-0.00011947841321658956
2	6	-1.6037151573259675e-07
6	2	-1.6037151573259675e-07
2	7	-4.617784684382108e-05
7	2	-4.617784684382108e-05
2	19	-0.00018760260687366583
19	2	-0.00018760260687366583
2	38	-0.00011947296357328712
38	2	-0.00011947296357328712
2	10	-0.00011947340753331035
10	2	-0.00011947340753331035
2	11	-0.00011947467400334114
11	2	-0.00011947467400334114
2	14	-0.0001206052532858516
14	2	-0.0001206052532858516
2	15	-0.00012060579834074646
15	2	-0.00012060579834074646
2	52	-0.00012060708182614604
52	2	-0.00012060708182614604
2	17	-0.00011948318529975104
17	2	-0.00011948318529975104
2	18	-0.0001194836292900848
18	2	-0.0001194836292900848
2	49	-0.00011948489584627318
49	2	-0.00011948489584627318
2	20	-4.5720071455019096e-05
20	2	-4.5720071455019096e-05
2	21	-4.572039686132207e-05
21	2	-4.572039686132207e-05
2	47	-4.572132734078671e-05
47	2	-4.572132734078671e-05
2	23	-4.6418255009480304e-05
23	2	-4.6418255009480304e-05
2	48	-4.6419202833016026e-05
48	2	-4.6419202833016026e-05
2	25	-0.0001201111271170546
25	2	-0.0001201111271170546
2	26	-0.00012011157442718503
26	2	-0.00012011157442718503
2	50	-0.00012011285043463182
50	2	-0.00012011285043463182
2	44	-0.000120046615978733
44	2	-0.000120046615978733
2	28	-0.0001200470629584317
28	2	-0.0001200470629584317
2	29	-0.00012004833802522927
29	2	-0.00012004833802522927
3	5	-1.853078474968934e-07
5	3	-1.853078474968934e-07
3	19	-1.9280206798579837e-07
19	3	-1.9280206798579837e-07
3	16	-2.001650349099528e-07
16	3	-2.001650349099528e-07
3	24	-1.9666499756107122e-07
24	3	-1.9666499756107122e-07
3	27	-1.968628664674808e-07
27	3	-1.968628664674808e-07
3	45	-1.964689366316815e-07
45	3	-1.964689366316815e-07
4	5	-1.985536791952273e-07
5	4	-1.985536791952273e-07
4	19	-2.0658358764687708e-07
19	4	-2.0658358764687708e-07
4	16	-4.636886497770983e-05
16	4	-4.636886497770983e-05
4	24	-4.7195004339163196e-05
24	4	-4.7195004339163196e-05
4	27	-4.7147516478870435e-05
27	4	-4.7147516478870435e-05
4	45	-4.7242152636636545e-05
45	4	-4.7242152636636545e-05
51	19	-4.814256163978512e-05
19	51	-4.814256163978512e-05
5	37	-5.0602344043328136e-05
37	5	-5.0602344043328136e-05
5	6	-1.463610874899233e-07
6	5	-1.463610874899233e-07
5	7	-1.5325102899424785e-07
7	5	-1.5325102899424785e-07
5	19	-0.0001898926446161541
19	5	-0.0001898926446161541
5	38	-5.059807819013275e-05
38	5	-5.059807819013275e-05
5	10	-5.0598414533469554e-05
10	5	-5.0598414533469554e-05
5	11	-5.059937608791009e-05
11	5	-5.059937608791009e-05
5	14	-5.108031013705448e-05
14	5	-5.108031013705448e-05
5	15	-5.108069070250599e-05
15	5	-5.108069070250599e-05
5	52	-5.108166348890747e-05
52	5	-5.108166348890747e-05
5	16	-0.00018290754223761958
16	5	-0.00018290754223761958
5	17	-5.0606075792136994e-05
17	5	-5.0606075792136994e-05
5	18	-5.060641215883385e-05
18	5	-5.060641215883385e-05
5	49	-5.060737377973877e-05
49	5	-5.060737377973877e-05
5	20	-5.010113961190383e-05
20	5	-5.010113961190383e-05
5	21	-5.010147179517256e-05
21	5	-5.010147179517256e-05
5	22	-5.086598380177373e-05
22	5	-5.086598380177373e-05
5	23	-5.086637108954451e-05
23	5	-5.086637108954451e-05
5	48	-5.0867338706754924e-05
48	5	-5.0867338706754924e-05
5	24	-0.00018616273882655508
24	5	-0.00018616273882655508
5	25	-5.087204078989177e-05
25	5	-5.087204078989177e-05
5	26	-5.087237934220126e-05
26	5	-5.087237934220126e-05
5	50	-5.087334720081594e-05
50	5	-5.087334720081594e-05
5	27	-0.00018597562472928112
27	5	-0.00018597562472928112
5	44	-5.084299840358559e-05
44	5	-5.084299840358559e-05
5	28	-5.08433367368605e-05
28	5	-5.08433367368605e-05
5	29	-5.084430397045395e-05
29	5	-5.084430397045395e-05
5	45	-0.0001863485149610312
45	5	-0.0001863485149610312
37	19	-4.8633353743364374e-05
19	37	-4.8633353743364374e-05
6	19	-1.5227971632180871e-07
19	6	-1.5227971632180871e-07
6	16	-1.5809464809934718e-07
16	6	-1.5809464809934718e-07
6	24	-1.553304847251927e-07
24	6	-1.553304847251927e-07
6	27	-1.5548675242502863e-07
27	6	-1.5548675242502863e-07
6	45	-1.5517564485480656e-07
45	6	-1.5517564485480656e-07
7	16	-4.6843711772181564e-05
16	7	-4.6843711772181564e-05
7	24	-4.767831988503523e-05
24	7	-4.767831988503523e-05
7	27	-4.7630345226870206e-05
27	7	-4.7630345226870206e-05
7	45	-4.77259514995237e-05
45	7	-4.77259514995237e-05
19	38	-4.86291217349808e-05
38	19	-4.86291217349808e-05
19	10	-4.86294550015646e-05
10	19	-4.86294550015646e-05
19	14	-4.9092769507111253e-05
14	19	-4.9092769507111253e-05
19	15	-4.909314536989772e-05
15	19	-4.909314536989772e-05
19	52	-4.90941092734267e-05
52	19	-4.90941092734267e-05
19	16	-0.00019030468957448776
16	19	-0.00019030468957448776
19	17	-4.863705574880231e-05
17	19	-4.863705574880231e-05
19	18	-4.863738903854745e-05
18	19	-4.863738903854745e-05
19	20	-4.815203620906565e-05
20	19	-4.815203620906565e-05
19	21	-4.815236537731463e-05
21	19	-4.815236537731463e-05
19	47	-4.8153306515689496e-05
47	19	-4.8153306515689496e-05
19	22	-4.888705630282572e-05
22	19	-4.888705630282572e-05
19	23	-4.888743858326794e-05
23	19	-4.888743858326794e-05
19	48	-4.8888397394425286e-05
48	19	-4.8888397394425286e-05
19	24	-0.00019369153283301516
24	19	-0.00019369153283301516
19	25	-4.8892672376263464e-05
25	19	-4.8892672376263464e-05
19	26	-4.889300781919378e-05
26	19	-4.889300781919378e-05
19	50	-4.8893966867847796e-05
50	19	-4.8893966867847796e-05
19	27	-0.00019349685146689377
27	19	-0.00019349685146689377
19	44	-4.886464398996367e-05
44	19	-4.886464398996367e-05
19	28	-4.8864979217044376e-05
28	19	-4.8864979217044376e-05
19	29	-4.886593764970129e-05
29	19	-4.886593764970129e-05
19	45	-0.00019388482212644354
45	19	-0.00019388482212644354
1	31	-7.3619940148492525e-09
31	1	-7.3619940148492525e-09
1	32	-0.0001506078277464102
32	1	-0.0001506078277464102
1	9	-2.9189801505591226e-09
9	1	-2.9189801505591226e-09
1	33	-0.0001506060376967383
33	1	-0.0001506060376967383
1	34	-5.014301666569434e-09
34	1	-5.014301666569434e-09
0	32	-0.00015060812817724922
32	0	-0.00015060812817724922
0	33	-0.00015060633812710494
33	0	-0.00015060633812710494
46	31	-0.00015059630795803233
31	46	-0.00015059630795803233
46	32	-0.00015060898146434796
32	46	-0.00015060898146434796
46	9	-3.926747125242365e-09
9	46	-3.926747125242365e-09
46	33	-0.000150607191412944
33	46	-0.000150607191412944
35	2	-6.136832394132728e-05
2	35	-6.136832394132728e-05
35	32	-0.00019753481114996262
32	35	-0.00019753481114996262
35	9	-1.0664261483191248e-08
9	35	-1.0664261483191248e-08
35	33	-0.00019753246343079829
33	35	-0.00019753246343079829
31	3	-1.3242843445997237e-08
3	31	-1.3242843445997237e-08
31	4	-1.7755895085080635e-08
4	31	-1.7755895085080635e-08
31	51	-0.00014714484947221055
51	31	-0.00014714484947221055
31	36	-0.00019749884788262815
36	31	-0.00019749884788262815
31	32	-0.00019754893873988178
32	31	-0.00019754893873988178
31	37	-0.00014864976217776794
37	31	-0.00014864976217776794
31	6	-9.301970650208186e-09
6	31	-9.301970650208186e-09
31	7	-2.3248402152155523e-09
7	31	-2.3248402152155523e-09
31	8	-9.29936086086221e-09
8	31	-9.29936086086221e-09
31	9	-1.164699362720733e-08
9	31	-1.164699362720733e-08
31	38	-0.00014864380986445613
38	31	-0.00014864380986445613
31	10	-2.9174465445842263e-09
10	31	-2.9174465445842263e-09
31	11	-0.0001486456954255848
11	31	-0.0001486456954255848
31	12	-0.00019748649736782255
12	31	-0.00019748649736782255
31	13	-0.00019753672032564958
13	31	-0.00019753672032564958
31	14	-0.00015005172545340582
14	31	-0.00015005172545340582
31	15	-0.00015005234031033917
15	31	-0.00015005234031033917
31	52	-0.0001500537556990653
52	31	-0.0001500537556990653
31	39	-0.00019749925798574305
39	31	-0.00019749925798574305
31	17	-0.00014865497601192015
17	31	-0.00014865497601192015
31	18	-0.0001486554656909043
18	31	-0.0001486554656909043
31	49	-0.00014865686170085707
49	31	-0.00014865686170085707
31	40	-0.00019750340549800998
40	31	-0.00019750340549800998
31	33	-0.0001975536348239929
33	31	-0.0001975536348239929
31	20	-0.0001471579934608678
20	31	-0.0001471579934608678
31	21	-0.0001471584758697278
21	31	-0.0001471584758697278
31	47	-0.0001471598511940075
47	31	-0.0001471598511940075
31	22	-0.00014940837745482612
22	31	-0.00014940837745482612
31	23	-0.0001494090142084384
23	31	-0.0001494090142084384
31	48	-0.00014941042059923775
48	31	-0.00014941042059923775
31	42	-0.00019751762581674334
42	31	-0.00019751762581674334
31	34	-0.00019756758695563378
34	31	-0.00019756758695563378
31	25	-0.00014943639552047336
25	31	-0.00014943639552047336
31	26	-0.00014943688900126954
26	31	-0.00014943688900126954
31	50	-0.0001494382958282223
50	31	-0.0001494382958282223
31	43	-0.00019750299538254525
43	31	-0.00019750299538254525
31	44	-0.00014935684494122865
44	31	-0.00014935684494122865
31	28	-0.00014935733804424814
28	31	-0.00014935733804424814
31	29	-0.00014935874379640447
29	31	-0.00014935874379640447
31	30	-0.00019749590824340833
30	31	-0.00019749590824340833
2	36	-0.00015873189591410713
36	2	-0.00015873189591410713
2	12	-0.00015872077385102446
12	2	-0.00015872077385102446
2	39	-0.0001587322254258363
39	2	-0.0001587322254258363
2	40	-6.135608981548576e-05
40	2	-6.135608981548576e-05
2	41	-6.136823900450831e-05
41	2	-6.136823900450831e-05
2	42	-6.136531307418155e-05
42	2	-6.136531307418155e-05
2	43	-6.135596244184117e-05
43	2	-6.135596244184117e-05
2	30	-0.0001587292208806678
30	2	-0.0001587292208806678
3	32	-1.5726372248016973e-09
32	3	-1.5726372248016973e-09
3	9	-4.49139269139954e-09
9	3	-4.49139269139954e-09
3	33	-3.920243720541192e-09
33	3	-3.920243720541192e-09
3	34	-1.0895015403517168e-08
34	3	-1.0895015403517168e-08
4	32	-6.085422304667453e-09
32	4	-6.085422304667453e-09
4	9	-4.489956978878234e-09
9	4	-4.489956978878234e-09
4	33	-8.433082422094428e-09
33	4	-8.433082422094428e-09
4	34	-0.00014714652601626683
34	4	-0.00014714652601626683
51	32	-0.00014716001996415817
32	51	-0.00014716001996415817
51	9	-0.0001471620941586118
9	51	-0.0001471620941586118
51	33	-0.00014715696798055987
33	51	-0.00014715696798055987
36	9	-0.00019752473647709223
9	36	-0.00019752473647709223
36	33	-0.0001975174890965408
33	36	-0.0001975174890965408
32	37	-0.00014866515496719717
37	32	-0.00014866515496719717
32	7	-0.00014866704077246798
7	32	-0.00014866704077246798
32	8	-0.00019751885651048462
8	32	-0.00019751885651048462
32	9	-0.00019756909165614107
9	32	-0.00019756909165614107
32	38	-0.00014865920212460678
38	32	-0.00014865920212460678
32	10	-0.00014865969181614922
10	32	-0.00014865969181614922
32	11	-0.00014866108786178826
11	32	-0.00014866108786178826
32	12	-0.00019750983187852834
12	32	-0.00019750983187852834
32	13	-0.0001975600636249915
13	32	-0.0001975600636249915
32	14	-0.00015006732621400252
14	32	-0.00015006732621400252
32	15	-0.00015006794113545091
15	32	-0.00015006794113545091
32	52	-0.00015006935665743838
52	32	-0.00015006935665743838
32	17	-0.00014867036926573276
17	32	-0.00014867036926573276
32	18	-0.00014867085899054848
18	32	-0.00014867085899054848
32	49	-0.0001486722551307398
49	32	-0.0001486722551307398
32	40	-0.00019752535193103595
40	32	-0.00019752535193103595
32	33	-0.00019756758695563378
33	32	-0.00019756758695563378
32	20	-0.0001471710271708578
20	32	-0.0001471710271708578
32	21	-0.00014717131985976108
21	32	-0.00014717131985976108
32	47	-0.00014717215131190782
47	32	-0.00014717215131190782
32	41	-0.0001975345376815389
41	32	-0.0001975345376815389
32	22	-0.00014942302116700064
22	32	-0.00014942302116700064
32	23	-0.00014942346237377957
23	32	-0.00014942346237377957
32	48	-0.00014942430813196916
48	32	-0.00014942430813196916
32	42	-0.00019753260016824715
42	32	-0.00019753260016824715
32	34	-0.0001975536348239929
34	32	-0.0001975536348239929
32	25	-0.00014945190461857652
25	32	-0.00014945190461857652
32	26	-0.0001494523981457971
26	32	-0.0001494523981457971
32	50	-0.00014945380510467224
50	32	-0.00014945380510467224
32	43	-0.0001975249417486586
43	32	-0.0001975249417486586
32	44	-0.00014937234253879992
44	32	-0.00014937234253879992
32	28	-0.0001493728356881851
28	32	-0.0001493728356881851
32	29	-0.00014937424157209707
29	32	-0.00014937424157209707
32	30	-0.00019751924388877184
30	32	-0.00019751924388877184
37	9	-0.00014866725955648335
9	37	-0.00014866725955648335
37	33	-0.0001486620582609105
33	37	-0.0001486620582609105
6	34	-6.953679039984056e-09
34	6	-6.953679039984056e-09
7	9	-0.000148669145385827
9	7	-0.000148669145385827
7	33	-0.0001486639440307607
33	7	-0.0001486639440307607
8	33	-0.00019751416182725804
33	8	-0.00019751416182725804
8	34	-6.951645492289438e-09
34	8	-6.951645492289438e-09
9	38	-0.00014866130664152518
38	9	-0.00014866130664152518
9	10	-0.0001486617963393335
10	9	-0.0001486617963393335
9	11	-0.00014866319240277822
11	9	-0.00014866319240277822
9	12	-0.0001975130223578643
12	9	-0.0001975130223578643
9	13	-0.00019756325530603295
13	9	-0.00019756325530603295
9	14	-0.00015006945923929952
14	9	-0.00015006945923929952
9	15	-0.00015007007416956904
15	9	-0.00015007007416956904
9	52	-0.00015007148970977725
52	9	-0.00015007148970977725
9	39	-0.000197525146660179
39	9	-0.000197525146660179
9	17	-0.00014867247391851367
17	9	-0.00014867247391851367
9	18	-0.00014867296364959589
18	9	-0.00014867296364959589
9	49	-0.00014867435980759464
49	9	-0.00014867435980759464
9	40	-1.3671475738124505e-09
40	9	-1.3671475738124505e-09
9	33	-2.3247305262742422e-09
33	9	-2.3247305262742422e-09
9	20	-2.8523862657705304e-09
20	9	-2.8523862657705304e-09
9	21	-3.1070684170679443e-09
21	9	-3.1070684170679443e-09
9	47	-3.8371614197094194e-09
47	9	-3.8371614197094194e-09
9	41	-1.0664246723735506e-08
41	9	-1.0664246723735506e-08
9	22	-1.12048817231389e-09
22	9	-1.12048817231389e-09
9	23	-1.3790658553259773e-09
23	9	-1.3790658553259773e-09
9	48	-2.1203231875492164e-09
48	9	-2.1203231875492164e-09
9	42	-8.339906062876611e-09
42	9	-8.339906062876611e-09
9	34	-9.29925036345604e-09
34	9	-9.29925036345604e-09
9	25	-0.00014945402511080778
25	9	-0.00014945402511080778
9	26	-0.00014945451864437596
26	9	-0.00014945451864437596
9	50	-0.00014945592562128876
50	9	-0.00014945592562128876
9	43	-1.3671447357292302e-09
43	9	-1.3671447357292302e-09
9	44	-0.0001493744614585578
44	9	-0.0001493744614585578
9	28	-0.00014937495461428256
28	9	-0.00014937495461428256
9	29	-0.00014937636051620936
29	9	-0.00014937636051620936
38	33	-0.00014865610552480175
33	38	-0.00014865610552480175
10	33	-0.0001486565952071246
33	10	-0.0001486565952071246
10	34	-5.698070075647087e-10
34	10	-5.698070075647087e-10
11	33	-0.0001486579912265645
33	11	-0.0001486579912265645
12	33	-0.000197505137409769
33	12	-0.000197505137409769
13	33	-0.00019755536738806702
33	13	-0.00019755536738806702
14	33	-0.00015006418766722995
33	14	-0.00015006418766722995
15	33	-0.00015006480257569898
33	15	-0.00015006480257569898
52	33	-0.0001500662180708766
33	52	-0.0001500662180708766
39	33	-0.00019751789925771625
33	39	-0.00019751789925771625
17	33	-0.00014866727246602026
33	17	-0.00014866727246602026
18	33	-0.00014866776218161543
33	18	-0.00014866776218161543
49	33	-0.000148669158295605
33	49	-0.000148669158295605
33	20	-0.00014716927796928678
20	33	-0.00014716927796928678
33	21	-0.00014716957065773897
21	33	-0.00014716957065773897
33	47	-0.0001471704021086829
47	33	-0.0001471704021086829
33	41	-0.00019753218996562474
41	33	-0.00019753218996562474
33	22	-0.00014942076268676955
22	33	-0.00014942076268676955
33	23	-0.0001494213994944561
23	33	-0.0001494213994944561
33	48	-0.00014942253213980007
48	33	-0.00014942253213980007
33	42	-0.00019753025244772856
42	33	-0.00019753025244772856
33	34	-0.0001975583310197329
34	33	-0.0001975583310197329
33	25	-0.00014944878451284067
25	33	-0.00014944878451284067
33	26	-0.0001494492780307215
26	33	-0.0001494492780307215
33	50	-0.00014945068496305614
50	33	-0.00014945068496305614
33	44	-0.00014936922474678731
44	33	-0.00014936922474678731
33	28	-0.0001493697178868445
28	33	-0.0001493697178868445
33	29	-0.0001493711237442495
29	33	-0.0001493711237442495
33	30	-0.00019751454919173498
30	33	-0.00019751454919173498
35	5	-4.14721279901882e-09
5	35	-4.14721279901882e-09
35	19	-6.463229467793948e-05
19	35	-6.463229467793948e-05
31	5	-5.128324004151956e-09
5	31	-5.128324004151956e-09
31	19	-6.464935076391918e-05
19	31	-6.464935076391918e-05
31	16	-6.226942261319567e-05
16	31	-6.226942261319567e-05
31	24	-6.337851645009546e-05
24	31	-6.337851645009546e-05
31	27	-6.331476389739588e-05
27	31	-6.331476389739588e-05
31	45	-6.344181313899311e-05
45	31	-6.344181313899311e-05
36	5	-6.723259636991012e-05
5	36	-6.723259636991012e-05
36	19	-6.461683444427288e-05
19	36	-6.461683444427288e-05
5	32	-6.725027539100612e-05
32	5	-6.725027539100612e-05
5	12	-6.722436534101641e-05
12	5	-6.722436534101641e-05
5	13	-6.724208829682511e-05
13	5	-6.724208829682511e-05
5	39	-6.723273594204734e-05
39	5	-6.723273594204734e-05
5	40	-6.723569551794554e-05
40	5	-6.723569551794554e-05
5	33	-6.725342205813931e-05
33	5	-6.725342205813931e-05
5	41	-4.147207059230475e-09
41	5	-4.147207059230475e-09
5	42	-1.822930286967567e-09
42	5	-1.822930286967567e-09
5	34	-2.7806581969157752e-09
34	5	-2.7806581969157752e-09
5	43	-6.723555593839261e-05
43	5	-6.723555593839261e-05
5	30	-6.723054386601631e-05
30	5	-6.723054386601631e-05
32	19	-6.463386288581284e-05
19	32	-6.463386288581284e-05
32	16	-6.225407530334263e-05
16	32	-6.225407530334263e-05
32	24	-6.336310363264155e-05
24	32	-6.336310363264155e-05
32	27	-6.32993548454275e-05
27	32	-6.32993548454275e-05
32	45	-6.342639658297887e-05
45	32	-6.342639658297887e-05
9	19	-1.879137267225245e-07
19	9	-1.879137267225245e-07
9	16	-1.9508937379718345e-07
16	9	-1.9508937379718345e-07
9	24	-1.9167838608684655e-07
24	9	-1.9167838608684655e-07
9	27	-1.9187122099980682e-07
27	9	-1.9187122099980682e-07
9	45	-1.9148731312064795e-07
45	9	-1.9148731312064795e-07
19	12	-6.46086860725416e-05
12	19	-6.46086860725416e-05
19	13	-6.462575667905956e-05
13	19	-6.462575667905956e-05
19	39	-6.461696858619468e-05
39	19	-6.461696858619468e-05
19	40	-6.461990432921406e-05
40	19	-6.461990432921406e-05
19	33	-6.463697846428323e-05
33	19	-6.463697846428323e-05
19	41	-6.463220522362234e-05
41	19	-6.463220522362234e-05
19	42	-6.462924729470814e-05
42	19	-6.462924729470814e-05
19	34	-6.464623489142752e-05
34	19	-6.464623489142752e-05
19	43	-6.461977017997554e-05
43	19	-6.461977017997554e-05
19	30	-6.46147997392605e-05
30	19	-6.46147997392605e-05
16	33	-6.225716260476818e-05
33	16	-6.225716260476818e-05
33	24	-6.336620411173221e-05
24	33	-6.336620411173221e-05
33	27	-6.33024545670441e-05
27	33	-6.33024545670441e-05
33	45	-6.342949781412723e-05
45	33	-6.342949781412723e-05
