2	5	-0.00015872108502487192
5	2	-0.00015872108502487192
1	5	-1.676581701387706e-05
5	1	-1.676581701387706e-05
5	0	-1.676581701387706e-05
0	5	-1.676581701387706e-05
1	0	-1.3116832098458593e-05
0	1	-1.3116832098458593e-05
0	29	-0.00015033566183642196
29	0	-0.00015033566183642196
2	29	-0.00015877656509072282
29	2	-0.00015877656509072282
0	2	-1.89029211273863e-07
2	0	-1.89029211273863e-07
2	52	-0.00012082506537687191
52	2	-0.00012082506537687191
0	3	-0.00012181849015294799
3	0	-0.00012181849015294799
1	3	-0.00016656124926458087
3	1	-0.00016656124926458087
2	6	-0.00015876131483555443
6	2	-0.00015876131483555443
0	20	-1.6002035061825596e-07
20	0	-1.6002035061825596e-07
5	20	-1.7372017559932853e-07
20	5	-1.7372017559932853e-07
6	5	-0.00019752243452325255
5	6	-0.00019752243452325255
20	4	-1.985536791952273e-07
4	20	-1.985536791952273e-07
5	4	-4.269917499473466e-05
4	5	-4.269917499473466e-05
0	36	-0.00019445261876989943
36	0	-0.00019445261876989943
1	6	-1.807017848933998e-05
6	1	-1.807017848933998e-05
6	0	-1.807017848933998e-05
0	6	-1.807017848933998e-05
0	30	-6.9992769353282215e-09
30	0	-6.9992769353282215e-09
2	30	-0.00015878499234151728
30	2	-0.00015878499234151728
0	9	-1.2470284723205043e-08
9	0	-1.2470284723205043e-08
5	9	-1.7139662311053714e-08
9	5	-1.7139662311053714e-08
0	37	-6.0402560008116804e-09
37	0	-6.0402560008116804e-09
0	8	-1.6179041902620065e-05
8	0	-1.6179041902620065e-05
0	7	-1.7390401869762912e-05
7	0	-1.7390401869762912e-05
1	8	-1.6179041902620065e-05
8	1	-1.6179041902620065e-05
2	31	-0.00015877233106149463
31	2	-0.00015877233106149463
0	12	-1.7504553416692615e-07
12	0	-1.7504553416692615e-07
5	12	-0.00016972691667497462
12	5	-0.00016972691667497462
0	11	-0.00019377453378452964
11	0	-0.00019377453378452964
0	10	-0.0001937742284806166
10	0	-0.0001937742284806166
1	7	-1.7390401869762912e-05
7	1	-1.7390401869762912e-05
0	32	-0.00015033254580488649
32	0	-0.00015033254580488649
2	32	-0.00015878075811202785
32	2	-0.00015878075811202785
0	15	-1.848833884116692e-07
15	0	-1.848833884116692e-07
5	15	-0.0001792650204892863
15	5	-0.0001792650204892863
0	39	-0.00015037029567018412
39	0	-0.00015037029567018412
0	13	-0.0001964934918144554
13	0	-0.0001964934918144554
2	9	-1.0757873152682655e-08
9	2	-1.0757873152682655e-08
9	33	-0.00019755076489685918
33	9	-0.00019755076489685918
1	33	-1.964465445086597e-08
33	1	-1.964465445086597e-08
0	17	-1.8319431603382414e-07
17	0	-1.8319431603382414e-07
5	17	-0.00017762741892292667
17	5	-0.00017762741892292667
0	16	-7.315344871351819e-09
16	0	-7.315344871351819e-09
0	45	-7.0571543843672e-09
45	0	-7.0571543843672e-09
13	4	-0.00019444681763906022
4	13	-0.00019444681763906022
1	4	-1.9586557103830053e-05
4	1	-1.9586557103830053e-05
4	0	-1.9586557103830053e-05
0	4	-1.9586557103830053e-05
0	34	-9.301970650208186e-09
34	0	-9.301970650208186e-09
2	34	-0.0001587933788794589
34	2	-0.0001587933788794589
0	41	-8.31956429465602e-09
41	0	-8.31956429465602e-09
0	19	-0.0001934034298881215
19	0	-0.0001934034298881215
0	18	-0.00019340312527773922
18	0	-0.00019340312527773922
0	43	-1.8438230998776244e-07
43	0	-1.8438230998776244e-07
5	43	-0.0001787792116151451
43	5	-0.0001787792116151451
0	21	-0.00019743096260076964
21	0	-0.00019743096260076964
0	42	-0.0001974306522698814
42	0	-0.0001974306522698814
5	53	-4.4200050995519314e-05
53	5	-4.4200050995519314e-05
24	2	-0.00012239796036534622
2	24	-0.00012239796036534622
0	28	-1.7780202636090704e-07
28	0	-1.7780202636090704e-07
5	28	-0.0001723994300323299
28	5	-0.0001723994300323299
0	44	-1.6180560933088844e-08
44	0	-1.6180560933088844e-08
0	27	-7.260048076274646e-09
27	0	-7.260048076274646e-09
0	46	-7.003809268660284e-09
46	0	-7.003809268660284e-09
1	2	-0.00012082332752674035
2	1	-0.00012082332752674035
36	2	-0.00011826064569336234
2	36	-0.00011826064569336234
7	2	-0.00012021376018160726
2	7	-0.00012021376018160726
10	2	-0.00011849956669376916
2	10	-0.00011849956669376916
13	2	-0.00012016553649795138
2	13	-0.00012016553649795138
45	2	-0.00011989288393709982
2	45	-0.00011989288393709982
18	2	-0.00011828146017814756
2	18	-0.00011828146017814756
42	2	-0.00012007124065503832
2	42	-0.00012007124065503832
2	46	-0.0001189868025409546
46	2	-0.0001189868025409546
3	7	-0.0001535169253472956
7	3	-0.0001535169253472956
3	8	-0.00016613054045599128
8	3	-0.00016613054045599128
3	13	-0.00011856798202173896
13	3	-0.00011856798202173896
3	2	-0.00011826108327327735
2	3	-0.00011826108327327735
8	2	-0.00012021420802213874
2	8	-0.00012021420802213874
11	2	-0.00011850000551107438
2	11	-0.00011850000551107438
14	2	-0.00012016598408960035
2	14	-0.00012016598408960035
16	2	-0.00011989333004396929
2	16	-0.00011989333004396929
19	2	-0.000118281897818274
2	19	-0.000118281897818274
21	2	-0.00012007168777780339
2	21	-0.00012007168777780339
2	27	-0.00011898724386654771
27	2	-0.00011898724386654771
0	55	-0.00019483929847774763
55	0	-0.00019483929847774763
0	47	-8.055491260951847e-09
47	0	-8.055491260951847e-09
0	49	-3.838053602652512e-09
49	0	-3.838053602652512e-09
0	22	-0.00019743184187863042
22	0	-0.00019743184187863042
0	48	-7.994599646756324e-09
48	0	-7.994599646756324e-09
0	40	-1.6180626257059667e-08
40	0	-1.6180626257059667e-08
52	5	-4.362857365362259e-05
5	52	-4.362857365362259e-05
36	5	-4.269793713573919e-05
5	36	-4.269793713573919e-05
3	5	-4.2698257839616984e-05
5	3	-4.2698257839616984e-05
4	7	-0.0001943699343186961
7	4	-0.0001943699343186961
4	8	-0.00019436937804767225
8	4	-0.00019436937804767225
4	45	-0.0001948964634454743
45	4	-0.0001948964634454743
4	16	-0.0001948959065218839
16	4	-0.0001948959065218839
4	47	-0.00019489432020411825
47	4	-0.00019489432020411825
4	40	-0.0001471883482617315
40	4	-0.0001471883482617315
4	2	-4.602889481331425e-05
2	4	-4.602889481331425e-05
4	46	-0.00019638104712585642
46	4	-0.00019638104712585642
4	27	-0.0001963804882883034
27	4	-0.0001963804882883034
4	48	-0.0001963788964838725
48	4	-0.0001963788964838725
4	44	-0.00014718894258251787
44	4	-0.00014718894258251787
5	7	-4.340945893068621e-05
7	5	-4.340945893068621e-05
5	8	-4.340978602277454e-05
8	5	-4.340978602277454e-05
5	50	-4.341072141750149e-05
50	5	-4.341072141750149e-05
5	10	-4.2787123239967536e-05
10	5	-4.2787123239967536e-05
5	11	-4.278744471757368e-05
11	5	-4.278744471757368e-05
5	55	-4.2788364081766774e-05
55	5	-4.2788364081766774e-05
5	13	-4.339092113068973e-05
13	5	-4.339092113068973e-05
5	14	-4.3391248067219346e-05
14	5	-4.3391248067219346e-05
5	51	-4.3392183017856865e-05
51	5	-4.3392183017856865e-05
5	45	-4.329962591317688e-05
45	5	-4.329962591317688e-05
5	16	-4.329995193427828e-05
16	5	-4.329995193427828e-05
5	47	-4.330088427079989e-05
47	5	-4.330088427079989e-05
5	18	-4.271391394899172e-05
18	5	-4.271391394899172e-05
5	19	-4.2714234698115236e-05
19	5	-4.2714234698115236e-05
5	49	-4.2715151981973664e-05
49	5	-4.2715151981973664e-05
5	42	-4.3351651390372806e-05
42	5	-4.3351651390372806e-05
5	21	-4.335197803090914e-05
21	5	-4.335197803090914e-05
5	22	-4.335291213670827e-05
22	5	-4.335291213670827e-05
5	24	-4.419844793274851e-05
24	5	-4.419844793274851e-05
5	25	-4.419876465983319e-05
25	5	-4.419876465983319e-05
5	26	-4.419972062517497e-05
26	5	-4.419972062517497e-05
5	46	-4.29723922675123e-05
46	5	-4.29723922675123e-05
5	27	-4.2972715315558286e-05
27	5	-4.2972715315558286e-05
5	48	-4.297363916330231e-05
48	5	-4.297363916330231e-05
50	2	-0.0001202154855395165
2	50	-0.0001202154855395165
55	2	-0.0001185012573397234
2	55	-0.0001185012573397234
51	2	-0.00012016726089846892
2	51	-0.00012016726089846892
47	2	-0.00011989460262554526
2	47	-0.00011989460262554526
49	2	-0.00011828314629527131
2	49	-0.00011828314629527131
22	2	-0.00012007296325197224
2	22	-0.00012007296325197224
2	48	-0.0001189885028360074
48	2	-0.0001189885028360074
1	9	-1.9646793766128063e-08
9	1	-1.9646793766128063e-08
2	25	-0.0001223984022677071
25	2	-0.0001223984022677071
2	26	-0.00012239971289850757
26	2	-0.00012239971289850757
2	53	-0.0001224001614913864
53	2	-0.0001224001614913864
3	20	-1.985536791952273e-07
20	3	-1.985536791952273e-07
3	9	-2.5596250477485615e-08
9	3	-2.5596250477485615e-08
3	12	-0.00014853300913361588
12	3	-0.00014853300913361588
4	9	-2.560169971509919e-08
9	4	-2.560169971509919e-08
4	12	-4.97103697304034e-05
12	4	-4.97103697304034e-05
4	15	-4.706228502627526e-05
15	4	-4.706228502627526e-05
4	17	-4.749671400699135e-05
17	4	-4.749671400699135e-05
4	43	-4.719033189873738e-05
43	4	-4.719033189873738e-05
4	28	-4.893884572811009e-05
28	4	-4.893884572811009e-05
20	7	-5.09175503640738e-05
7	20	-5.09175503640738e-05
20	8	-5.0917889267255835e-05
8	20	-5.0917889267255835e-05
7	9	-4.77717208256252e-05
9	7	-4.77717208256252e-05
8	9	-4.7772054782963386e-05
9	8	-4.7772054782963386e-05
9	10	-0.00014742989948929216
10	9	-0.00014742989948929216
9	11	-0.00014743038323000469
11	9	-0.00014743038323000469
9	12	-0.00015414653506222301
12	9	-0.00015414653506222301
9	13	-0.0001495021114765372
13	9	-0.0001495021114765372
1	29	-2.4842708565087497e-09
29	1	-2.4842708565087497e-09
0	33	-1.2468926522086482e-08
33	0	-1.2468926522086482e-08
35	2	-0.0001587364396277037
2	35	-0.0001587364396277037
29	3	-8.433082422094428e-09
3	29	-8.433082422094428e-09
29	4	-8.43561063866919e-09
4	29	-8.43561063866919e-09
29	6	-0.00019755536738806702
6	29	-0.00019755536738806702
29	8	-0.00014957614768692265
8	29	-0.00014957614768692265
29	33	-0.00019755621292873992
33	29	-0.00019755621292873992
29	9	-0.00019754966889198685
9	29	-0.00019754966889198685
2	37	-0.00015874477230914748
37	2	-0.00015874477230914748
2	38	-0.00015873189591410713
38	2	-0.00015873189591410713
2	39	-0.0001587405396044253
39	2	-0.0001587405396044253
2	40	-0.00015874080046808167
40	2	-0.00015874080046808167
2	33	-1.0756701741077426e-08
33	2	-1.0756701741077426e-08
2	41	-0.0001587524738927071
41	2	-0.0001587524738927071
2	23	-0.00015872141450439325
23	2	-0.00015872141450439325
2	54	-0.00015873665931136628
54	2	-0.00015873665931136628
2	44	-0.00015874015976158681
44	2	-0.00015874015976158681
3	6	-0.00014717935287804855
6	3	-0.00014717935287804855
3	33	-2.5593463255058745e-08
33	3	-2.5593463255058745e-08
4	33	-2.5598911305855783e-08
33	4	-2.5598911305855783e-08
5	33	-1.7137795994258942e-08
33	5	-1.7137795994258942e-08
6	33	-0.000197564669915467
33	6	-0.000197564669915467
6	9	-6.308735478178811e-05
9	6	-6.308735478178811e-05
7	33	-0.00014957798234763577
33	7	-0.00014957798234763577
8	33	-0.000149578476443452
33	8	-0.000149578476443452
10	33	-0.0001474459607867972
33	10	-0.0001474459607867972
11	33	-0.00014744644455240611
33	11	-0.00014744644455240611
13	33	-0.0001495183981395026
33	13	-0.0001495183981395026
29	20	-6.725342205813931e-05
20	29	-6.725342205813931e-05
20	6	-6.724208829682511e-05
6	20	-6.724208829682511e-05
20	33	-6.726511388722802e-05
33	20	-6.726511388722802e-05
6	12	-0.00019593638200142674
12	6	-0.00019593638200142674
12	33	-6.676099331091287e-05
33	12	-6.676099331091287e-05
