0	1	-0.00013171485565535503
1	0	-0.00013171485565535503
1	3	-0.00014965003040007138
3	1	-0.00014965003040007138
10	3	-0.00015876131483555443
3	10	-0.00015876131483555443
0	2	-0.0001305662988324494
2	0	-0.0001305662988324494
2	1	-0.00015776859583814138
1	2	-0.00015776859583814138
2	7	-0.00019751726125534779
7	2	-0.00019751726125534779
10	7	-0.00015876538418296818
7	10	-0.00015876538418296818
0	6	-1.6179041902620065e-05
6	0	-1.6179041902620065e-05
0	4	-1.807017848933998e-05
4	0	-1.807017848933998e-05
0	3	-1.8790418437020857e-05
3	0	-1.8790418437020857e-05
1	10	-0.00017185995224568417
10	1	-0.00017185995224568417
2	10	-0.00015872055419963147
10	2	-0.00015872055419963147
2	24	-0.00018374531366461189
24	2	-0.00018374531366461189
2	4	-0.00019474160827371285
4	2	-0.00019474160827371285
10	32	-0.00015878499234151728
32	10	-0.00015878499234151728
0	5	-1.676581701387706e-05
5	0	-1.676581701387706e-05
5	2	-0.00019480589825809824
2	5	-0.00019480589825809824
2	11	-0.00019756719705402438
11	2	-0.00019756719705402438
9	2	-0.00019644890216934007
2	9	-0.00019644890216934007
1	4	-1.807017848933998e-05
4	1	-1.807017848933998e-05
1	6	-0.00014968522246409707
6	1	-0.00014968522246409707
2	51	-0.0001973331405750347
51	2	-0.0001973331405750347
10	6	-0.0001587245122318825
6	10	-0.0001587245122318825
