1	9	-1.6179041902620065e-05
9	1	-1.6179041902620065e-05
9	0	-1.6179041902620065e-05
0	9	-1.6179041902620065e-05
1	0	-1.3116832098458593e-05
0	1	-1.3116832098458593e-05
0	31	-0.00015168693369991534
31	0	-0.00015168693369991534
2	31	-0.00015877233106149463
31	2	-0.00015877233106149463
0	2	-0.00012190660231008067
2	0	-0.00012190660231008067
19	2	-0.0001901935355023199
2	19	-0.0001901935355023199
1	3	-1.9586557103830053e-05
3	1	-1.9586557103830053e-05
3	0	-1.9586557103830053e-05
0	3	-1.9586557103830053e-05
3	2	-0.00017433692237649805
2	3	-0.00017433692237649805
0	8	-1.9547882523373337e-07
8	0	-1.9547882523373337e-07
0	7	-0.00013739621826724976
7	0	-0.00013739621826724976
0	6	-0.00018439192225336933
6	0	-0.00018439192225336933
1	7	-1.676581701387706e-05
7	1	-1.676581701387706e-05
0	11	-0.0001807671137174453
11	0	-0.0001807671137174453
0	10	-0.00019710346789510673
10	0	-0.00019710346789510673
2	1	-0.00016472007172564813
1	2	-0.00016472007172564813
2	20	-0.00015876945362332736
20	2	-0.00015876945362332736
2	24	-0.00015876131483555443
24	2	-0.00015876131483555443
2	6	-0.0001545629324538704
6	2	-0.0001545629324538704
2	9	-0.00018495128813990987
9	2	-0.00018495128813990987
2	7	-0.00019430351753749466
7	2	-0.00019430351753749466
2	10	-0.00018451242067652702
10	2	-0.00018451242067652702
2	4	-0.0001556195481517897
4	2	-0.0001556195481517897
2	5	-0.00014163530304137542
5	2	-0.00014163530304137542
34	2	-0.00015873211558844124
2	34	-0.00015873211558844124
