0	1	-0.00012181849015294799
1	0	-0.00012181849015294799
4	0	-1.3116832098458593e-05
0	4	-1.3116832098458593e-05
1	3	-3.9514456696606546e-05
3	1	-3.9514456696606546e-05
9	3	-0.00015876131483555443
3	9	-0.00015876131483555443
0	2	-1.9586557103830053e-05
2	0	-1.9586557103830053e-05
2	1	-3.292871391383878e-05
1	2	-3.292871391383878e-05
0	3	-1.7390401869762912e-05
3	0	-1.7390401869762912e-05
1	9	-0.0001210755754153712
9	1	-0.0001210755754153712
2	9	-0.00018151707800039923
9	2	-0.00018151707800039923
1	13	-1.7560479256822973e-07
13	1	-1.7560479256822973e-07
9	13	-0.00015879810521195545
13	9	-0.00015879810521195545
1	11	-2.2642446695833915e-07
11	1	-2.2642446695833915e-07
2	13	-0.00019748267193850114
13	2	-0.00019748267193850114
0	5	-1.6179041902620065e-05
5	0	-1.6179041902620065e-05
5	1	-1.6179041902620065e-05
1	5	-1.6179041902620065e-05
9	31	-0.00015877233106149463
31	9	-0.00015877233106149463
8	2	-0.00019545633227965138
2	8	-0.00019545633227965138
2	7	-0.00019534994300780822
7	2	-0.00019534994300780822
2	48	-0.00019428121551867778
48	2	-0.00019428121551867778
2	45	-0.0001917784878178502
45	2	-0.0001917784878178502
2	12	-0.0001942815243095173
12	2	-0.0001942815243095173
2	24	-0.0001917789238477045
24	2	-0.0001917789238477045
4	2	-0.0001965973559560101
2	4	-0.0001965973559560101
1	4	-0.0001833738685344214
4	1	-0.0001833738685344214
1	40	-0.00015069116225216136
40	1	-0.00015069116225216136
2	5	-0.0001974664153380064
5	2	-0.0001974664153380064
2	50	-0.00019428239936099885
50	2	-0.00019428239936099885
2	46	-0.00019177978589880702
46	2	-0.00019177978589880702
0	9	-0.00013653469232290542
9	0	-0.00013653469232290542
1	29	-0.00015065270705317608
29	1	-0.00015065270705317608
9	40	-0.00015873994009197917
40	9	-0.00015873994009197917
9	29	-0.00015878081388116046
29	9	-0.00015878081388116046
