2	5	-0.00018328449729946935
5	2	-0.00018328449729946935
1	5	-1.676581701387706e-05
5	1	-1.676581701387706e-05
5	0	-1.676581701387706e-05
0	5	-1.676581701387706e-05
1	0	-1.3116832098458593e-05
0	1	-1.3116832098458593e-05
2	29	-0.00015877656509072282
29	2	-0.00015877656509072282
0	2	-0.00015998724361731504
2	0	-0.00015998724361731504
0	3	-0.00017973219858631668
3	0	-0.00017973219858631668
2	6	-0.00015876131483555443
6	2	-0.00015876131483555443
5	20	-0.00016845579204157282
20	5	-0.00016845579204157282
1	6	-1.807017848933998e-05
6	1	-1.807017848933998e-05
0	9	-1.9250762184952907e-07
9	0	-1.9250762184952907e-07
5	9	-0.00017953689907851302
9	5	-0.00017953689907851302
0	8	-0.00019065758922589618
8	0	-0.00019065758922589618
0	7	-0.00019656949791469437
7	0	-0.00019656949791469437
1	8	-1.6179041902620065e-05
8	1	-1.6179041902620065e-05
1	7	-1.7390401869762912e-05
7	1	-1.7390401869762912e-05
2	9	-0.00015879810521195545
9	2	-0.00015879810521195545
1	4	-1.9586557103830053e-05
4	1	-1.9586557103830053e-05
4	0	-0.00019339196821443718
0	4	-0.00019339196821443718
3	2	-0.00019090865973212147
2	3	-0.00019090865973212147
2	33	-0.00015878081388116046
33	2	-0.00015878081388116046
