0	6	-1.9586557103830053e-05
6	0	-1.9586557103830053e-05
0	1	-0.00017433692237649805
1	0	-0.00017433692237649805
2	31	-0.0001587933788794589
31	2	-0.0001587933788794589
1	2	-0.00016717654756256598
2	1	-0.00016717654756256598
8	2	-0.00015872890968376401
2	8	-0.00015872890968376401
0	9	-1.6179041902620065e-05
9	0	-1.6179041902620065e-05
2	32	-0.00015877233106149463
32	2	-0.00015877233106149463
8	5	-0.00016845579204157282
5	8	-0.00016845579204157282
0	4	-0.00019556525058170426
4	0	-0.00019556525058170426
0	3	-0.0001634072568446309
3	0	-0.0001634072568446309
3	6	-0.00019556756072681397
6	3	-0.00019556756072681397
2	9	-0.00015876945362332736
9	2	-0.00015876945362332736
8	19	-0.00017526789848854078
19	8	-0.00017526789848854078
0	8	-1.676581701387706e-05
8	0	-1.676581701387706e-05
8	7	-0.00017628456561479032
7	8	-0.00017628456561479032
2	4	-0.00016656124926458087
4	2	-0.00016656124926458087
0	10	-0.00019572472737902034
10	0	-0.00019572472737902034
8	16	-0.0001819606537491929
16	8	-0.0001819606537491929
10	8	-0.0001780933259565364
8	10	-0.0001780933259565364
8	6	-0.0001691190919532578
6	8	-0.0001691190919532578
2	33	-0.00015877656509072282
33	2	-0.00015877656509072282
0	7	-1.8790418437020857e-05
7	0	-1.8790418437020857e-05
8	24	-0.0001787792116151451
24	8	-0.0001787792116151451
8	27	-0.00017895906952408684
27	8	-0.00017895906952408684
8	45	-0.00017860099708112622
45	8	-0.00017860099708112622
0	2	-4.6787843007619316e-05
2	0	-4.6787843007619316e-05
1	6	-1.9586557103830053e-05
6	1	-1.9586557103830053e-05
1	7	-1.8790418437020857e-05
7	1	-1.8790418437020857e-05
1	8	-1.676581701387706e-05
8	1	-1.676581701387706e-05
46	8	-0.00015064777170448065
8	46	-0.00015064777170448065
3	8	-0.00017029380026732012
8	3	-0.00017029380026732012
4	8	-0.00015979296798674416
8	4	-0.00015979296798674416
8	11	-0.00015777955596461897
11	8	-0.00015777955596461897
8	20	-0.0001472089321990767
20	8	-0.0001472089321990767
8	21	-0.00014720922489775445
21	8	-0.00014720922489775445
8	47	-0.0001472100563759666
47	8	-0.0001472100563759666
8	48	-0.0001494627937098471
48	8	-0.0001494627937098471
0	5	-0.0001807671137174453
5	0	-0.0001807671137174453
2	3	-0.00011826782443764479
3	2	-0.00011826782443764479
2	6	-0.00011947885719275972
6	2	-0.00011947885719275972
2	7	-0.00016971124282915407
7	2	-0.00016971124282915407
2	10	-0.0001714525578700215
10	2	-0.0001714525578700215
5	6	-1.853078474968934e-07
6	5	-1.853078474968934e-07
6	19	-1.8792981356016449e-07
19	6	-1.8792981356016449e-07
1	9	-1.6179041902620065e-05
9	1	-1.6179041902620065e-05
31	6	-0.00014865025184120477
6	31	-0.00014865025184120477
