11	6	-0.00015024540763006463
6	11	-0.00015024540763006463
1	6	-1.6179041902620065e-05
6	1	-1.6179041902620065e-05
6	0	-1.0741272632444856e-06
0	6	-1.0741272632444856e-06
0	57	-1.5731273893734387e-09
57	0	-1.5731273893734387e-09
16	57	-6.674611980531606e-05
57	16	-6.674611980531606e-05
0	56	-6.154214575210989e-10
56	0	-6.154214575210989e-10
57	56	-0.000197522183860467
56	57	-0.000197522183860467
5	55	-2.216953603216371e-09
55	5	-2.216953603216371e-09
56	55	-0.00015251171618494732
55	56	-0.00015251171618494732
0	2	-2.28733247158592e-10
2	0	-2.28733247158592e-10
55	2	-0.00019757173804289246
2	55	-0.00019757173804289246
1	0	-1.3116832098458593e-05
0	1	-1.3116832098458593e-05
0	3	-2.9551983492155976e-09
3	0	-2.9551983492155976e-09
10	3	-0.00016656124926458087
3	10	-0.00016656124926458087
3	4	-0.00019098210286820096
4	3	-0.00019098210286820096
4	6	-0.00014816418343619516
6	4	-0.00014816418343619516
16	6	-1.8197295518781572e-07
6	16	-1.8197295518781572e-07
0	37	-1.502728158173773e-07
37	0	-1.502728158173773e-07
5	37	-1.6426975058548966e-07
37	5	-1.6426975058548966e-07
0	5	-1.214044831519836e-09
5	0	-1.214044831519836e-09
6	5	-0.00017689533366557623
5	6	-0.00017689533366557623
37	4	-1.9704419953384618e-07
4	37	-1.9704419953384618e-07
5	4	-4.2990421126352215e-05
4	5	-4.2990421126352215e-05
0	36	-0.00019198086122473705
36	0	-0.00019198086122473705
3	36	-0.00019757171923510605
36	3	-0.00019757171923510605
0	39	-1.5379120333649435e-07
39	0	-1.5379120333649435e-07
5	39	-1.6811552053680168e-07
39	5	-1.6811552053680168e-07
0	9	-0.00013681811356205795
9	0	-0.00013681811356205795
6	9	-0.00019146318467332956
9	6	-0.00019146318467332956
39	8	-4.8275286874960765e-05
8	39	-4.8275286874960765e-05
9	8	-0.0001490751189003627
8	9	-0.0001490751189003627
0	7	-1.1545495017269982e-06
7	0	-1.1545495017269982e-06
8	7	-0.00019635314416571438
7	8	-0.00019635314416571438
0	38	-0.00019311227827519976
38	0	-0.00019311227827519976
7	38	-0.00019757171590963215
38	7	-0.00019757171590963215
8	1	-0.00016472007172564813
1	8	-0.00016472007172564813
0	13	-0.00015247346723567198
13	0	-0.00015247346723567198
16	13	-6.674398540745788e-05
13	16	-6.674398540745788e-05
0	41	-1.5883912945867745e-07
41	0	-1.5883912945867745e-07
5	41	-1.7363312455825536e-07
41	5	-1.7363312455825536e-07
0	12	-0.0001525119010854582
12	0	-0.0001525119010854582
13	12	-0.00018978816021014296
12	13	-0.00018978816021014296
41	11	-4.712041546252997e-05
11	41	-4.712041546252997e-05
12	11	-0.00015027740184969624
11	12	-0.00015027740184969624
0	10	-0.00013227296945050485
10	0	-0.00013227296945050485
11	10	-0.00017794900244556526
10	11	-0.00017794900244556526
1	40	-0.00019467692717524496
40	1	-0.00019467692717524496
10	40	-0.00019757157262933708
40	10	-0.00019757157262933708
40	0	-0.00019467635885083822
0	40	-0.00019467635885083822
15	2	-0.00017636028595564816
2	15	-0.00017636028595564816
1	2	-2.28677101087927e-10
2	1	-2.28677101087927e-10
0	32	-4.628186377432019e-09
32	0	-4.628186377432019e-09
16	32	-6.676173244929136e-05
32	16	-6.676173244929136e-05
0	16	-1.4747771611753347e-07
16	0	-1.4747771611753347e-07
5	16	-1.6121455881824268e-07
16	5	-1.6121455881824268e-07
1	42	-1.2259727928409162e-08
42	1	-1.2259727928409162e-08
32	42	-0.00019752282190673898
42	32	-0.00019752282190673898
16	52	-4.982446390157422e-05
52	16	-4.982446390157422e-05
42	52	-0.00014748552709558033
52	42	-0.00014748552709558033
0	15	-3.113907632739315e-09
15	0	-3.113907632739315e-09
52	15	-0.00019757068399541792
15	52	-0.00019757068399541792
0	14	-2.858668563579475e-09
14	0	-2.858668563579475e-09
15	14	-0.00017981809211013331
14	15	-0.00017981809211013331
0	4	-1.213742179142123e-09
4	0	-1.213742179142123e-09
9	4	-0.00014820168806592993
4	9	-0.00014820168806592993
5	20	-0.00019751767141538767
20	5	-0.00019751767141538767
16	20	-6.674096681790814e-05
20	16	-6.674096681790814e-05
0	44	-1.4980008997984775e-07
44	0	-1.4980008997984775e-07
5	44	-1.6375303692343891e-07
44	5	-1.6375303692343891e-07
0	19	-0.00015251334386337393
19	0	-0.00015251334386337393
20	19	-0.00019752243452325255
19	20	-0.00019752243452325255
44	18	-4.92350380900965e-05
18	44	-4.92350380900965e-05
19	18	-0.0001480818576743955
18	19	-0.0001480818576743955
0	17	-0.0001918299008787029
17	0	-0.0001918299008787029
18	17	-0.0001975706775312736
17	18	-0.0001975706775312736
2	43	-0.00019182764539172126
43	2	-0.00019182764539172126
17	43	-0.00019757160009824167
43	17	-0.00019757160009824167
43	0	-0.00019182922993099462
0	43	-0.00019182922993099462
12	7	-0.0001490677428246051
7	12	-0.0001490677428246051
1	7	-1.7390401869762912e-05
7	1	-1.7390401869762912e-05
0	33	-4.650985325104093e-09
33	0	-4.650985325104093e-09
16	33	-6.675237074020297e-05
33	16	-6.675237074020297e-05
0	23	-1.0282159288054609e-08
23	0	-1.0282159288054609e-08
5	23	-1.492965835734641e-08
23	5	-1.492965835734641e-08
0	45	-3.6925364130919694e-09
45	0	-3.6925364130919694e-09
33	45	-0.0001975225940362655
45	33	-0.0001975225940362655
23	54	-4.809429705635066e-05
54	23	-4.809429705635066e-05
45	54	-0.00014927339473036046
54	45	-0.00014927339473036046
0	22	-0.0001933863298976701
22	0	-0.0001933863298976701
54	22	-0.00019757066460782615
22	54	-0.00019757066460782615
0	21	-0.00019338576813694044
21	0	-0.00019338576813694044
22	21	-0.00019757171515326415
21	22	-0.00019757171515326415
13	5	-2.234296871863733e-09
5	13	-2.234296871863733e-09
1	5	-9.501217882189541e-10
5	1	-9.501217882189541e-10
0	34	-2.3254926625520464e-09
34	0	-2.3254926625520464e-09
16	34	-6.67555115654249e-05
34	16	-6.67555115654249e-05
0	26	-1.5229275261838514e-07
26	0	-1.5229275261838514e-07
5	26	-1.6647764234084393e-07
26	5	-1.6647764234084393e-07
0	46	-1.3675994523045555e-09
46	0	-1.3675994523045555e-09
34	46	-0.00019752163696205228
46	34	-0.00019752163696205228
26	53	-4.864264788606102e-05
53	26	-4.864264788606102e-05
46	53	-0.00014870686897014746
53	46	-0.00014870686897014746
0	25	-8.406782197696308e-10
25	0	-8.406782197696308e-10
53	25	-0.0001975706707594084
25	53	-0.0001975706707594084
0	24	-5.833275923656855e-10
24	0	-5.833275923656855e-10
25	24	-0.0001975717173128716
24	25	-0.0001975717173128716
0	48	-1.6256720935976368e-07
48	0	-1.6256720935976368e-07
5	48	-1.7770805883609398e-07
48	5	-1.7770805883609398e-07
0	29	-0.00015251343183763706
29	0	-0.00015251343183763706
20	29	-0.00019752232058554387
29	20	-0.00019752232058554387
48	28	-4.6297344096055395e-05
28	48	-4.6297344096055395e-05
29	28	-0.00015112890773606103
28	29	-0.00015112890773606103
0	27	-0.00019577697575416355
27	0	-0.00019577697575416355
28	27	-0.00019757064448631866
27	28	-0.00019757064448631866
2	47	-0.00019577465017273205
47	2	-0.00019577465017273205
27	47	-0.0001975715860365145
47	27	-0.0001975715860365145
47	0	-0.00019577628229299341
0	47	-0.00019577628229299341
16	23	-0.00015880939718482064
23	16	-0.00015880939718482064
23	35	-6.368988179597182e-05
35	23	-6.368988179597182e-05
1	35	-2.3544922614061136e-08
35	1	-2.3544922614061136e-08
0	31	-1.5191950128443683e-07
31	0	-1.5191950128443683e-07
5	31	-1.6606966037837252e-07
31	5	-1.6606966037837252e-07
0	49	-9.321821115189216e-09
49	0	-9.321821115189216e-09
35	49	-0.00019752191398462055
49	35	-0.00019752191398462055
31	51	-4.874338021083031e-05
51	31	-4.874338021083031e-05
49	51	-0.00014861682421856378
51	49	-0.00014861682421856378
0	30	-2.1088493508120916e-09
30	0	-2.1088493508120916e-09
51	30	-0.00019757067184807906
30	51	-0.00019757067184807906
0	50	-1.8516721186545275e-09
50	0	-1.8516721186545275e-09
30	50	-0.00019757171769506612
50	30	-0.00019757171769506612
1	36	-0.00019198141819098597
36	1	-0.00019198141819098597
1	38	-0.00019311284000120033
38	1	-0.00019311284000120033
1	14	-4.048897529544436e-09
14	1	-4.048897529544436e-09
1	43	-0.0001918297862557572
43	1	-0.0001918297862557572
1	21	-0.00019338633099232142
21	1	-0.00019338633099232142
1	24	-5.831890339127846e-10
24	1	-5.831890339127846e-10
1	47	-0.00019577685528949091
47	1	-0.00019577685528949091
1	50	-1.1827992469927627e-08
50	1	-1.1827992469927627e-08
36	38	-0.000196414684613041
38	36	-0.000196414684613041
36	40	-0.00019483666477753485
40	36	-0.00019483666477753485
36	14	-0.00019663157733500325
14	36	-0.00019663157733500325
36	43	-0.00019741448973013956
43	36	-0.00019741448973013956
36	21	-0.0001961371331444914
21	36	-0.0001961371331444914
36	24	-0.00019688183142852449
24	36	-0.00019688183142852449
36	47	-0.00019374192282831915
47	36	-0.00019374192282831915
36	50	-0.00019699243447303546
50	36	-0.00019699243447303546
38	40	-0.00019598494356297877
40	38	-0.00019598494356297877
38	14	-0.00019547956793564933
14	38	-0.00019547956793564933
38	43	-0.000196257825301993
43	38	-0.000196257825301993
38	21	-0.00019729304852747113
21	38	-0.00019729304852747113
38	24	-0.0001970936975068843
24	38	-0.0001970936975068843
38	47	-0.00019488375954250574
47	38	-0.00019488375954250574
38	50	-0.00019697189594367103
50	38	-0.00019697189594367103
40	14	-0.00019391249007039426
14	40	-0.00019391249007039426
40	43	-0.0001946827485603947
43	40	-0.0001946827485603947
40	21	-0.00019625766612131883
21	40	-0.00019625766612131883
40	24	-0.00019551365178279852
24	40	-0.00019551365178279852
40	47	-0.00019646050683989915
47	40	-0.00019646050683989915
40	50	-0.00019539291683471282
50	40	-0.00019539291683471282
14	43	-0.0001967887360424629
43	14	-0.0001967887360424629
14	21	-0.00019521136356720207
21	14	-0.00019521136356720207
14	24	-0.00019595422602839365
24	14	-0.00019595422602839365
14	47	-0.00019282136350509086
47	14	-0.00019282136350509086
14	50	-0.0001960677975598876
50	14	-0.0001960677975598876
43	21	-0.0001959821819978588
21	43	-0.0001959821819978588
43	24	-0.00019672628690980406
24	43	-0.00019672628690980406
43	47	-0.0001935888796238649
47	43	-0.0001935888796238649
43	50	-0.0001968368104509497
50	43	-0.0001968368104509497
21	24	-0.00019682327369774114
24	21	-0.00019682327369774114
21	47	-0.00019515331382673418
47	21	-0.00019515331382673418
21	50	-0.00019670165468502074
50	21	-0.00019670165468502074
24	47	-0.0001944134959435968
47	24	-0.0001944134959435968
24	50	-0.0001974501588487624
50	24	-0.0001974501588487624
47	50	-0.00019429350365937387
50	47	-0.00019429350365937387
1	3	-2.6913370406260798e-09
3	1	-2.6913370406260798e-09
1	10	-0.00017750686073301334
10	1	-0.00017750686073301334
1	15	-4.304086817897347e-09
15	1	-4.304086817897347e-09
1	17	-0.00019183045720553836
17	1	-0.00019183045720553836
1	22	-0.00019338689275466873
22	1	-0.00019338689275466873
1	25	-8.404796270016489e-10
25	1	-8.404796270016489e-10
1	27	-0.00019577754875284317
27	1	-0.00019577754875284317
1	30	-1.2085141614849067e-08
30	1	-1.2085141614849067e-08
36	7	-0.000196414121867839
7	36	-0.000196414121867839
36	10	-0.00019483596730539765
10	36	-0.00019483596730539765
36	15	-0.0001966318833779453
15	36	-0.0001966318833779453
36	17	-0.00019741491671010835
17	36	-0.00019741491671010835
36	22	-0.0001961365707826586
22	36	-0.0001961365707826586
36	25	-0.00019688126810498175
25	36	-0.00019688126810498175
36	27	-0.00019374124386959708
27	36	-0.00019374124386959708
36	30	-0.00019699187103790745
30	36	-0.00019699187103790745
3	38	-0.00019641499208457135
38	3	-0.00019641499208457135
3	7	-0.0001535169253472956
7	3	-0.0001535169253472956
3	40	-0.00019483722475600846
40	3	-0.00019483722475600846
3	14	-7.417308079333506e-09
14	3	-7.417308079333506e-09
3	15	-7.67250258842571e-09
15	3	-7.67250258842571e-09
3	43	-0.00019741418220658476
43	3	-0.00019741418220658476
3	17	-0.0001974146091862876
17	3	-0.0001974146091862876
3	21	-2.2383240448440685e-09
21	3	-2.2383240448440685e-09
3	22	-2.496596120150398e-09
22	3	-2.496596120150398e-09
3	24	-3.9794075255225325e-09
24	3	-3.9794075255225325e-09
3	25	-4.2367034259062826e-09
25	3	-4.2367034259062826e-09
3	47	-0.0001937424811062472
47	3	-0.0001937424811062472
3	27	-0.00019374180214574277
27	3	-0.00019374180214574277
3	50	-1.5222112048254684e-08
50	3	-1.5222112048254684e-08
3	30	-1.5479266493913062e-08
30	3	-1.5479266493913062e-08
38	10	-0.00019598424048087793
10	38	-0.00019598424048087793
38	15	-0.00019547987368094134
15	38	-0.00019547987368094134
38	17	-0.00019625825128175998
17	38	-0.00019625825128175998
38	22	-0.00019729248134209667
22	38	-0.00019729248134209667
38	25	-0.0001970940062027771
25	38	-0.0001970940062027771
38	27	-0.00019488307509129407
27	38	-0.00019488307509129407
38	30	-0.00019697220439946815
30	38	-0.00019697220439946815
7	40	-0.0001959855086409835
40	7	-0.0001959855086409835
7	10	-0.0001833738685344214
10	7	-0.0001833738685344214
7	14	-0.00014251470411942634
14	7	-0.00014251470411942634
7	15	-0.00015658577617172413
15	7	-0.00015658577617172413
7	43	-0.00019625751777843824
43	7	-0.00019625751777843824
7	17	-0.00019625794375793929
17	7	-0.00019625794375793929
7	21	-0.00019729361564155325
21	7	-0.00019729361564155325
7	22	-0.0001972930484545496
22	7	-0.0001972930484545496
7	24	-0.00019709338868639426
24	7	-0.00019709338868639426
7	25	-0.00019709369738220658
25	7	-0.00019709369738220658
7	47	-0.00019488432289989222
47	7	-0.00019488432289989222
7	27	-0.00019488363844687243
27	7	-0.00019488363844687243
7	50	-7.113787516664355e-09
50	7	-7.113787516664355e-09
7	30	-7.370923877880302e-09
30	7	-7.370923877880302e-09
40	15	-0.00019391279541079313
15	40	-0.00019391279541079313
40	17	-0.0001946834256950797
17	40	-0.0001946834256950797
40	22	-0.00019625797577607987
22	40	-0.00019625797577607987
40	25	-0.00019551396006706924
25	40	-0.00019551396006706924
40	27	-0.00019646007339195332
27	40	-0.00019646007339195332
40	30	-0.00019539322487944344
30	40	-0.00019539322487944344
10	14	-2.9770682449176474e-09
14	10	-2.9770682449176474e-09
10	15	-3.232250532644133e-09
15	10	-3.232250532644133e-09
10	43	-0.0001946820518449391
43	10	-0.0001946820518449391
10	17	-0.00019468272897723971
17	10	-0.00019468272897723971
10	21	-0.0001962572183457643
21	10	-0.0001962572183457643
10	22	-0.0001962575280004082
22	10	-0.0001962575280004082
10	24	-0.00019551320570875726
24	10	-0.00019551320570875726
10	25	-0.0001955135139929118
25	10	-0.0001955135139929118
10	47	-0.00019646095655299575
47	10	-0.00019646095655299575
10	27	-0.0001964605231046315
27	10	-0.0001964605231046315
10	50	-1.0747818729996512e-08
50	10	-1.0747818729996512e-08
10	30	-1.100496076650966e-08
30	10	-1.100496076650966e-08
14	17	-0.0001967883106453552
17	14	-0.0001967883106453552
14	22	-0.00019521105728128452
22	14	-0.00019521105728128452
14	25	-0.00019595391974247615
25	14	-0.00019595391974247615
14	27	-0.00019282093810798318
27	14	-0.00019282093810798318
14	30	-0.00019606723800181554
30	14	-0.00019606723800181554
15	43	-0.00019678904212601077
43	15	-0.00019678904212601077
15	17	-0.00019678861672879316
17	15	-0.00019678861672879316
15	21	-0.0001952116692431969
21	15	-0.0001952116692431969
15	22	-0.00019521136295720022
22	15	-0.00019521136295720022
15	24	-0.00019595453189632533
24	15	-0.00019595453189632533
15	25	-0.00019595422561032865
25	15	-0.00019595422561032865
15	47	-0.00019282166856357028
47	15	-0.00019282166856357028
15	27	-0.0001928212431663527
27	15	-0.0001928212431663527
15	50	-0.00019606835673084355
50	15	-0.00019606835673084355
15	30	-0.0001960677971711817
30	15	-0.0001960677971711817
43	22	-0.00019598162028612793
22	43	-0.00019598162028612793
43	25	-0.0001967257242378952
25	43	-0.0001967257242378952
43	27	-0.00019358820140591264
27	43	-0.00019358820140591264
43	30	-0.00019683624766761082
30	43	-0.00019683624766761082
17	21	-0.00019598286192544186
21	17	-0.00019598286192544186
17	22	-0.00019598230021161483
22	17	-0.00019598230021161483
17	24	-0.0001967269684399495
24	17	-0.0001967269684399495
17	25	-0.00019672640576594034
25	17	-0.00019672640576594034
17	47	-0.00019358930329571605
47	17	-0.00019358930329571605
17	27	-0.00019358887617929838
27	17	-0.00019358887617929838
17	50	-0.00019683749218134754
50	17	-0.00019683749218134754
17	30	-0.00019683692939590795
30	17	-0.00019683692939590795
21	25	-0.00019682358232318508
25	21	-0.00019682358232318508
21	27	-0.00019515288327331636
27	21	-0.00019515288327331636
21	30	-0.0001967019630704641
30	21	-0.0001967019630704641
22	24	-0.00019682296487725105
24	22	-0.00019682296487725105
22	25	-0.00019682327350261454
25	22	-0.00019682327350261454
22	47	-0.00019515362319269997
47	22	-0.00019515362319269997
22	27	-0.00019515319263916956
27	22	-0.00019515319263916956
22	50	-0.00019670134607300096
50	22	-0.00019670134607300096
22	30	-0.00019670165445836397
30	22	-0.00019670165445836397
24	27	-0.00019441306702624946
27	24	-0.00019441306702624946
24	30	-0.00019745046742906898
30	24	-0.00019745046742906898
25	47	-0.00019441380394126295
47	25	-0.00019441380394126295
25	27	-0.0001944133750238039
27	25	-0.0001944133750238039
25	50	-0.00019744985023674265
50	25	-0.00019744985023674265
25	30	-0.00019745015881696888
30	25	-0.00019745015881696888
47	30	-0.00019429381141788672
30	47	-0.00019429381141788672
27	50	-0.00019429307503156864
50	27	-0.00019429307503156864
27	30	-0.0001942933827899699
30	27	-0.0001942933827899699
0	8	-0.00014163530304137542
8	0	-0.00014163530304137542
0	11	-0.00014685933755325154
11	0	-0.00014685933755325154
0	52	-3.573339089760727e-10
52	0	-3.573339089760727e-10
0	18	-0.00019183148146440936
18	0	-0.00019183148146440936
0	54	-0.00019338759302557837
54	0	-0.00019338759302557837
0	53	-3.7744762619129905e-10
53	0	-3.7744762619129905e-10
0	28	-0.00019577860662671552
28	0	-0.00019577860662671552
0	51	-2.8460913436093635e-09
51	0	-2.8460913436093635e-09
1	55	-4.749454672761318e-10
55	1	-4.749454672761318e-10
1	56	-6.152267674152873e-10
56	1	-6.152267674152873e-10
1	57	-1.5726372248016973e-09
57	1	-1.5726372248016973e-09
1	4	-9.49883661397444e-10
4	1	-9.49883661397444e-10
1	37	-1.9024483538123175e-07
37	1	-1.9024483538123175e-07
1	9	-0.00015251508019667565
9	1	-0.00015251508019667565
1	39	-1.946991011161286e-07
39	1	-1.946991011161286e-07
1	11	-0.00015829389058348513
11	1	-0.00015829389058348513
1	12	-0.0001455071015761199
12	1	-0.0001455071015761199
1	41	-2.010897571300441e-07
41	1	-2.010897571300441e-07
1	13	-0.00013914649371091773
13	1	-0.00013914649371091773
1	52	-5.03563356849711e-09
52	1	-5.03563356849711e-09
1	16	-1.8670624938097245e-07
16	1	-1.8670624938097245e-07
1	32	-1.3242843445997237e-08
32	1	-1.3242843445997237e-08
1	18	-0.00019183203779574832
18	1	-0.00019183203779574832
1	19	-0.00015251303919431577
19	1	-0.00015251303919431577
1	44	-1.8964636619935022e-07
44	1	-1.8964636619935022e-07
1	20	-0.000152475298245506
20	1	-0.000152475298245506
1	54	-0.00019338790302433643
54	1	-0.00019338790302433643
1	45	-5.286528927512539e-09
45	1	-5.286528927512539e-09
1	23	-2.3546212898924905e-08
23	1	-2.3546212898924905e-08
1	33	-6.245112900343156e-09
33	1	-6.245112900343156e-09
1	53	-1.5780503683958583e-09
53	1	-1.5780503683958583e-09
1	46	-7.633619182500862e-09
46	1	-7.633619182500862e-09
1	26	-1.9280206798579837e-07
26	1	-1.9280206798579837e-07
1	34	-8.592830436372495e-09
34	1	-8.592830436372495e-09
1	28	-0.0001957791796301329
28	1	-0.0001957791796301329
1	29	-0.00015251312716855543
29	1	-0.00015251312716855543
1	48	-2.058094926538142e-07
48	1	-2.058094926538142e-07
1	51	-1.282230628098787e-08
51	1	-1.282230628098787e-08
1	49	-2.2581978664083148e-08
49	1	-2.2581978664083148e-08
1	31	-1.9232953316174131e-07
31	1	-1.9232953316174131e-07
0	55	-4.750614864035067e-10
55	0	-4.750614864035067e-10
0	42	-3.646954592678099e-09
42	0	-3.646954592678099e-09
0	20	-0.000152475602904481
20	0	-0.000152475602904481
0	35	-1.0281595733583636e-08
35	0	-1.0281595733583636e-08
2	56	-0.00015251123896374593
56	2	-0.00015251123896374593
2	57	-0.00015247273418504058
57	2	-0.00015247273418504058
2	36	-0.0001919792748547445
36	2	-0.0001919792748547445
2	3	-3.7116052561194577e-09
3	2	-3.7116052561194577e-09
2	4	-1.9701411786036954e-09
4	2	-1.9701411786036954e-09
2	5	-1.9706248985971173e-09
5	2	-1.9706248985971173e-09
2	37	-1.5026012302719536e-07
37	2	-1.5026012302719536e-07
2	6	-0.00015247821000545728
6	2	-0.00015247821000545728
2	38	-0.00019311067832115936
38	2	-0.00019311067832115936
2	7	-0.0001754193649186458
7	2	-0.0001754193649186458
2	8	-0.00017433692237649805
8	2	-0.00017433692237649805
2	9	-0.00015251625010394626
9	2	-0.00015251625010394626
2	39	-1.5377790925356273e-07
39	2	-1.5377790925356273e-07
2	40	-0.00019467474006492236
40	2	-0.00019467474006492236
2	10	-0.00016281295632110244
10	2	-0.00016281295632110244
2	11	-0.0001807671137174453
11	2	-0.0001807671137174453
2	12	-0.00015251276632064338
12	2	-0.00015251276632064338
2	41	-1.5882494838355464e-07
41	2	-1.5882494838355464e-07
2	13	-0.0001524747262221544
13	2	-0.0001524747262221544
2	14	-0.00016051224182599315
14	2	-0.00016051224182599315
2	52	-0.00019107591898604665
52	2	-0.00019107591898604665
2	42	-0.0001524947805404027
42	2	-0.0001524947805404027
2	16	-1.4746549109294102e-07
16	2	-1.4746549109294102e-07
2	32	-0.0001524567742243364
32	2	-0.0001524567742243364
2	17	-0.00019182831633350944
17	2	-0.00019182831633350944
2	18	-0.00019182989690635116
18	2	-0.00019182989690635116
2	19	-0.00015251420909958698
19	2	-0.00015251420909958698
2	44	-1.4978747691826267e-07
44	2	-1.4978747691826267e-07
2	20	-0.00015247646811380582
20	2	-0.00015247646811380582
2	21	-0.0001933841649595483
21	2	-0.0001933841649595483
2	22	-0.00019338472671565692
22	2	-0.00019338472671565692
2	54	-0.00019338632697859712
54	2	-0.00019338632697859712
2	45	-0.00015250453114215945
45	2	-0.00015250453114215945
2	23	-1.0279810563607983e-08
23	2	-1.0279810563607983e-08
2	33	-0.00015246634379169482
33	2	-0.00015246634379169482
2	24	-0.00019265242994224484
24	2	-0.00019265242994224484
2	25	-0.00019265273748113085
25	2	-0.00019265273748113085
2	53	-0.0001926536090557412
53	2	-0.0001926536090557412
2	46	-0.00015250205904809405
46	2	-0.00015250205904809405
2	26	-1.5227971632180871e-07
26	2	-1.5227971632180871e-07
2	34	-0.00015246313309676254
34	2	-0.00015246313309676254
2	27	-0.0001957753436276699
27	2	-0.0001957753436276699
2	28	-0.00019577697448668743
28	2	-0.00019577697448668743
2	29	-0.00015251429707391283
29	2	-0.00015251429707391283
2	48	-1.6255235482164448e-07
48	2	-1.6255235482164448e-07
2	50	-1.8512989199993963e-09
50	2	-1.8512989199993963e-09
2	30	-2.1084270627425054e-09
30	2	-2.1084270627425054e-09
2	51	-2.8455320415561527e-09
51	2	-2.8455320415561527e-09
2	49	-9.319647252727467e-09
49	2	-9.319647252727467e-09
2	31	-1.5190652880764173e-07
31	2	-1.5190652880764173e-07
2	35	-1.0279247266562847e-08
35	2	-1.0279247266562847e-08
55	57	-0.00015247321134616328
57	55	-0.00015247321134616328
55	36	-0.0001919787516052193
36	55	-0.0001919787516052193
55	3	-3.9578788939677705e-09
3	55	-3.9578788939677705e-09
55	4	-2.216412180621954e-09
4	55	-2.216412180621954e-09
55	37	-5.055435651468043e-05
37	55	-5.055435651468043e-05
55	6	-0.00015247849707063883
6	55	-0.00015247849707063883
55	38	-0.00019311015060912166
38	55	-0.00019311015060912166
55	7	-0.0001931107111644363
7	55	-0.0001931107111644363
55	8	-0.000193112308013268
8	55	-0.000193112308013268
55	9	-0.00015251653717929082
9	55	-0.00015251653717929082
55	39	-4.939668573348129e-05
39	55	-4.939668573348129e-05
55	40	-0.00019467420616667882
40	55	-0.00019467420616667882
55	10	-0.00019467491038766373
10	55	-0.00019467491038766373
55	11	-0.00019467652714304844
11	55	-0.00019467652714304844
55	12	-0.00015251305339505724
12	55	-0.00015251305339505724
55	41	-4.782531985971178e-05
41	55	-4.782531985971178e-05
55	13	-0.00015247501328640519
13	55	-0.00015247501328640519
55	14	-0.0001910744617744792
14	55	-0.0001910744617744792
55	15	-0.00019107476638160356
15	55	-0.00019107476638160356
55	52	-0.00019107562971573937
52	55	-0.00019107562971573937
55	42	-0.00015249525771497208
42	55	-0.00015249525771497208
55	16	-5.151341213769383e-05
16	55	-5.151341213769383e-05
55	32	-0.0001524572513395421
32	55	-0.0001524572513395421
55	43	-0.00019182712274363754
43	55	-0.00019182712274363754
55	17	-0.00019182779368348367
17	55	-0.00019182779368348367
55	18	-0.0001918293742521071
18	55	-0.0001918293742521071
55	19	-0.0001525144961743863
19	55	-0.0001525144961743863
55	44	-5.071404373512238e-05
44	55	-5.071404373512238e-05
55	20	-0.000152476755178522
20	55	-0.000152476755178522
55	21	-0.00019338363618871406
21	55	-0.00019338363618871406
55	22	-0.00019338419794330747
22	55	-0.00019338419794330747
55	54	-0.0001933857982019441
54	55	-0.0001933857982019441
55	45	-0.00015250500834449363
45	55	-0.00015250500834449363
55	23	-4.913569440392663e-05
23	55	-4.913569440392663e-05
55	33	-0.000152466820934432
33	55	-0.000152466820934432
55	24	-0.00019265213827844864
24	55	-0.00019265213827844864
55	25	-0.0001926524458172587
25	55	-0.0001926524458172587
55	53	-0.00019265331739166643
53	55	-0.00019265331739166643
55	46	-0.0001525025362423086
46	55	-0.0001525025362423086
55	26	-4.988318820712781e-05
26	55	-4.988318820712781e-05
55	34	-0.00015246361023026254
34	55	-0.00015246361023026254
55	47	-0.000195774111894323
47	55	-0.000195774111894323
55	27	-0.00019577480534721653
27	55	-0.00019577480534721653
55	28	-0.0001957764362017965
28	55	-0.0001957764362017965
55	29	-0.00015251458414873562
29	55	-0.00015251458414873562
55	48	-4.67274570262437e-05
48	55	-4.67274570262437e-05
55	50	-0.00019253333500458288
50	55	-0.00019253333500458288
55	30	-0.00019253364230485893
30	55	-0.00019253364230485893
55	51	-0.00019253451320842965
51	55	-0.00019253451320842965
55	49	-0.00015249269531314924
49	55	-0.00015249269531314924
55	31	-5.000586486226795e-05
31	55	-5.000586486226795e-05
55	35	-0.0001524539827312985
35	55	-0.0001524539827312985
56	36	-0.00014819168958753623
36	56	-0.00014819168958753623
56	3	-5.126889728460735e-09
3	56	-5.126889728460735e-09
56	4	-2.8710582479380154e-09
4	56	-2.8710582479380154e-09
56	5	-2.8719668017651358e-09
5	56	-2.8719668017651358e-09
56	37	-6.548624101133696e-05
37	56	-6.548624101133696e-05
56	6	-0.00019752924956778075
6	56	-0.00019752924956778075
56	38	-0.00014906503587499792
38	56	-0.00014906503587499792
56	7	-0.00014906552741712905
7	56	-0.00014906552741712905
56	8	-0.00014906692872743296
8	56	-0.00014906692872743296
56	9	-0.00019755992985761363
9	56	-0.00019755992985761363
56	39	-6.398663715885048e-05
39	56	-6.398663715885048e-05
56	40	-0.00015027314013546373
40	56	-0.00015027314013546373
56	10	-0.00015027374305293285
10	56	-0.00015027374305293285
56	11	-0.00015027516109623234
11	56	-0.00015027516109623234
56	12	-0.00019756895567766238
12	56	-0.00019756895567766238
56	41	-6.195114800576872e-05
41	56	-6.195114800576872e-05
56	13	-0.00019752473647709223
13	56	-0.00019752473647709223
56	14	-0.00014749667996889336
14	56	-0.00014749667996889336
56	15	-0.00014749697331662437
15	56	-0.00014749697331662437
56	52	-0.0001474978066256828
52	56	-0.0001474978066256828
56	42	-0.0001975483062530992
42	56	-0.0001975483062530992
56	16	-6.672856614416099e-05
16	56	-6.672856614416099e-05
56	32	-0.00019749884788262815
32	56	-0.00019749884788262815
56	43	-0.00014807503042880475
43	56	-0.00014807503042880475
56	17	-0.0001480756067880681
17	56	-0.0001480756067880681
56	18	-0.00014807699441103471
18	56	-0.00014807699441103471
56	19	-0.00019756483018123943
19	56	-0.00019756483018123943
56	44	-6.569309392224792e-05
44	56	-6.569309392224792e-05
56	20	-0.0001975269930224365
20	56	-0.0001975269930224365
56	21	-0.00014927800597415707
21	56	-0.00014927800597415707
56	22	-0.00014927849852579614
22	56	-0.00014927849852579614
56	54	-0.00014927990270821617
54	56	-0.00014927990270821617
56	45	-0.00019756252814397823
45	56	-0.00019756252814397823
56	23	-6.36485586570675e-05
23	56	-6.36485586570675e-05
56	33	-0.00019751284002279834
33	56	-0.00019751284002279834
56	24	-0.00014871374227803464
24	56	-0.00014871374227803464
56	25	-0.00014871403837033316
25	56	-0.00014871403837033316
56	53	-0.00014871487942068098
53	56	-0.00014871487942068098
56	46	-0.00019755879027719768
46	56	-0.00019755879027719768
56	26	-6.461683444427288e-05
26	56	-6.461683444427288e-05
56	34	-0.00019750814548092705
34	56	-0.00019750814548092705
56	47	-0.0001511217869574474
47	56	-0.0001511217869574474
56	27	-0.00015112238189757688
27	56	-0.00015112238189757688
56	28	-0.0001511238117847704
28	56	-0.0001511238117847704
56	29	-0.0001975647162207452
29	56	-0.0001975647162207452
56	48	-6.0529017153623414e-05
48	56	-6.0529017153623414e-05
56	50	-0.00014862459976470356
50	56	-0.00014862459976470356
56	30	-0.00014862489563391686
30	56	-0.00014862489563391686
56	51	-0.00014862573605462458
51	56	-0.00014862573605462458
56	49	-0.00019754263258373332
49	56	-0.00019754263258373332
56	31	-6.477574523967859e-05
31	56	-6.477574523967859e-05
56	35	-0.0001974922651870539
35	56	-0.0001974922651870539
57	36	-0.00014815428867314366
36	57	-0.00014815428867314366
57	3	-6.085422304667453e-09
3	57	-6.085422304667453e-09
57	4	-3.8290297647345785e-09
4	57	-3.8290297647345785e-09
57	5	-3.830223208909254e-09
5	57	-3.830223208909254e-09
57	37	-6.55034856874405e-05
37	57	-6.55034856874405e-05
57	6	-0.0001975600636249915
6	57	-0.0001975600636249915
57	38	-0.0001490274113515586
38	57	-0.0001490274113515586
57	7	-0.00014902790283293993
7	57	-0.00014902790283293993
57	8	-0.00014902930397108687
8	57	-0.00014902930397108687
57	9	-0.00019750983187852834
9	57	-0.00019750983187852834
57	39	-6.400350886079342e-05
39	57	-6.400350886079342e-05
57	40	-0.00015023520709740804
40	57	-0.00015023520709740804
57	10	-1.367472296781929e-10
10	57	-1.367472296781929e-10
57	11	-0.00015023722779441767
11	57	-0.00015023722779441767
57	12	-0.00019751885651048462
12	57	-0.00019751885651048462
57	41	-6.196751345077114e-05
41	57	-6.196751345077114e-05
57	13	-0.00019756909165614107
13	57	-0.00019756909165614107
57	14	-0.00014745999372232742
14	57	-0.00014745999372232742
57	15	-0.00014746028706057963
15	57	-0.00014746028706057963
57	52	-0.00014746112034436126
52	57	-0.00014746112034436126
57	42	-0.0001975354720351127
42	57	-0.0001975354720351127
57	32	-0.00019754893873988178
32	57	-0.00019754893873988178
57	43	-0.00014803765980750242
43	57	-0.00014803765980750242
57	17	-0.00014803823608388743
17	57	-0.00014803823608388743
57	18	-0.00014803962353701164
18	57	-0.00014803962353701164
57	19	-0.00019751473150798424
19	57	-0.00019751473150798424
57	44	-6.57103900457992e-05
44	57	-6.57103900457992e-05
57	20	-0.00019756457758899847
20	57	-0.00019756457758899847
57	21	-0.00014924032897726028
21	57	-0.00014924032897726028
57	22	-0.00014924082146798007
22	57	-0.00014924082146798007
57	54	-0.00014924222547776285
54	57	-0.00014924222547776285
57	45	-0.0001975282237738566
45	57	-0.0001975282237738566
57	23	-6.366534627377338e-05
23	57	-6.366534627377338e-05
57	33	-0.00019756293613560852
33	57	-0.00019756293613560852
57	24	-0.00014867630057197983
24	57	-0.00014867630057197983
57	25	-0.00014867679031401902
25	57	-0.00014867679031401902
57	53	-0.00014867788955331426
53	57	-0.00014867788955331426
57	46	-0.00019752961438012064
46	57	-0.00019752961438012064
57	26	-6.463386288581284e-05
26	57	-6.463386288581284e-05
57	34	-0.00019755823983040333
34	57	-0.00019755823983040333
57	47	-0.00015108363611742676
47	57	-0.00015108363611742676
57	27	-0.0001510842309711824
27	57	-0.0001510842309711824
57	28	-0.00015108566068137066
28	57	-0.00015108566068137066
57	29	-0.00019751461757694025
29	57	-0.00019751461757694025
57	48	-6.054502889317225e-05
48	57	-6.054502889317225e-05
57	50	-0.0001485876349027793
50	57	-0.0001485876349027793
57	30	-0.0001485879307623693
30	57	-0.0001485879307623693
57	51	-0.00014858877115741482
51	57	-0.00014858877115741482
57	49	-0.0001975308253103956
49	57	-0.0001975308253103956
57	31	-6.4792813204737e-05
31	57	-6.4792813204737e-05
57	35	-0.00019754235179437725
35	57	-0.00019754235179437725
6	37	-1.8542154121271825e-07
37	6	-1.8542154121271825e-07
6	3	-0.00014816279429300856
3	6	-0.00014816279429300856
6	39	-1.8976250227816241e-07
39	6	-1.8976250227816241e-07
6	41	-1.959905670180976e-07
41	6	-1.959905670180976e-07
6	14	-2.857985515120941e-09
14	6	-2.857985515120941e-09
6	15	-3.113167618283559e-09
15	6	-3.113167618283559e-09
6	52	-3.844693832655458e-09
52	6	-3.844693832655458e-09
6	42	-1.0664297152044625e-08
42	6	-1.0664297152044625e-08
6	32	-1.164699362720733e-08
32	6	-1.164699362720733e-08
6	44	-1.8483829418615596e-07
44	6	-1.8483829418615596e-07
6	45	-3.691352089957302e-09
45	6	-3.691352089957302e-09
6	23	-2.195001679102991e-08
23	6	-2.195001679102991e-08
6	33	-4.649515760987499e-09
33	6	-4.649515760987499e-09
6	7	-0.0001490359888367317
7	6	-0.0001490359888367317
6	53	-3.773519098460364e-10
53	6	-3.773519098460364e-10
6	46	-6.038365344096781e-09
46	6	-6.038365344096781e-09
6	26	-1.879137267225245e-07
26	6	-1.879137267225245e-07
6	34	-6.997148525375999e-09
34	6	-6.997148525375999e-09
6	48	-2.0059020019124321e-07
48	6	-2.0059020019124321e-07
6	50	-1.0627827133329883e-08
50	6	-1.0627827133329883e-08
6	30	-1.0884968982451143e-08
30	6	-1.0884968982451143e-08
6	51	-1.1622112796235371e-08
51	6	-1.1622112796235371e-08
6	49	-2.0986296136337406e-08
49	6	-2.0986296136337406e-08
6	31	-1.8745321196555425e-07
31	6	-1.8745321196555425e-07
6	35	-2.1948814008204044e-08
35	6	-2.1948814008204044e-08
36	4	-0.00019757011199151748
4	36	-0.00019757011199151748
36	5	-4.298917308548791e-05
5	36	-4.298917308548791e-05
36	37	-4.911619818053018e-05
37	36	-4.911619818053018e-05
36	6	-0.00014816230702738853
6	36	-0.00014816230702738853
36	8	-0.000196412518932039
8	36	-0.000196412518932039
36	9	-0.000148199811426352
9	36	-0.000148199811426352
36	39	-4.799123781693812e-05
39	36	-4.799123781693812e-05
36	11	-0.0001948343702697794
11	36	-0.0001948343702697794
36	12	-0.0001481938867183201
12	36	-0.0001481938867183201
36	41	-4.646427146916449e-05
41	36	-4.646427146916449e-05
36	13	-0.00014815638298351573
13	36	-0.00014815638298351573
36	52	-0.0001966327505409319
52	36	-0.0001966327505409319
36	42	-0.00014817588727568173
42	36	-0.00014817588727568173
36	16	-5.0048155330949586e-05
16	36	-5.0048155330949586e-05
36	32	-0.00014813897106018728
32	36	-0.00014813897106018728
36	18	-0.00019741578791933933
18	36	-0.00019741578791933933
36	19	-0.00014819655838346662
19	36	-0.00014819655838346662
36	44	-4.927137337928859e-05
44	36	-4.927137337928859e-05
36	20	-0.00014815934498007532
20	36	-0.00014815934498007532
36	54	-0.00019613496894542367
54	36	-0.00019613496894542367
36	45	-0.0001481852479588089
45	36	-0.0001481852479588089
36	23	-4.77376208942703e-05
23	36	-4.77376208942703e-05
36	33	-0.00014814815548158395
33	36	-0.00014814815548158395
36	53	-0.00019687966351076818
53	36	-0.00019687966351076818
36	46	-0.00014818288422450087
46	36	-0.00014818288422450087
36	26	-4.846399398262015e-05
26	36	-4.846399398262015e-05
36	34	-0.00014814507400893312
34	36	-0.00014814507400893312
36	28	-0.0001937396508940758
28	36	-0.0001937396508940758
36	29	-0.00014819664387272826
29	36	-0.00014819664387272826
36	48	-4.539742915754187e-05
48	36	-4.539742915754187e-05
36	51	-0.0001969902661232349
51	36	-0.0001969902661232349
36	49	-0.00014817356660013007
49	36	-0.00014817356660013007
36	31	-4.858320436333629e-05
31	36	-4.858320436333629e-05
36	35	-0.00014813596371806263
35	36	-0.00014813596371806263
3	5	-4.2989496430379624e-05
5	3	-4.2989496430379624e-05
3	37	-2.038435636864606e-07
37	3	-2.038435636864606e-07
3	8	-0.0001545629324538704
8	3	-0.0001545629324538704
3	9	-0.00014820029875216485
9	3	-0.00014820029875216485
3	39	-2.0861622097930312e-07
39	3	-2.0861622097930312e-07
3	11	-0.00014853300913361588
11	3	-0.00014853300913361588
3	12	-3.5318264115298057e-09
12	3	-3.5318264115298057e-09
3	41	-2.1546368200793176e-07
41	3	-2.1546368200793176e-07
3	13	-4.489956978878234e-09
13	3	-4.489956978878234e-09
3	52	-8.40406413120802e-09
52	3	-8.40406413120802e-09
3	42	-1.6771672407637816e-08
42	3	-1.6771672407637816e-08
3	16	-2.000520390479156e-07
16	3	-2.000520390479156e-07
3	32	-1.7755895085080635e-08
32	3	-1.7755895085080635e-08
3	18	-0.00019741548039530586
18	3	-0.00019741548039530586
3	19	-1.2760026363052778e-09
19	3	-1.2760026363052778e-09
3	44	-2.0320231584103662e-07
44	3	-2.0320231584103662e-07
3	20	-2.2335571512034128e-09
20	3	-2.2335571512034128e-09
3	54	-3.2369803908672724e-09
54	3	-3.2369803908672724e-09
3	45	-9.798307925993069e-09
45	3	-9.798307925993069e-09
3	23	-2.8059426987973436e-08
23	3	-2.8059426987973436e-08
3	33	-1.0758004704240769e-08
33	3	-1.0758004704240769e-08
3	53	-4.974289204726082e-09
53	3	-4.974289204726082e-09
3	46	-1.2145429923202871e-08
46	3	-1.2145429923202871e-08
3	26	-2.0658358764687708e-07
26	3	-2.0658358764687708e-07
3	34	-1.310577586449386e-08
34	3	-1.310577586449386e-08
3	28	-0.00019374020916566252
28	3	-0.00019374020916566252
3	29	-1.2760019005068575e-09
29	3	-1.2760019005068575e-09
3	48	-2.2052078490849117e-07
48	3	-2.2052078490849117e-07
3	51	-1.6216446178896427e-08
51	3	-1.6216446178896427e-08
3	49	-2.709381698445496e-08
49	3	-2.709381698445496e-08
3	31	-2.0607727596536037e-07
31	3	-2.0607727596536037e-07
3	35	-2.8057889388101897e-08
35	3	-2.8057889388101897e-08
4	38	-0.00019641586330481427
38	4	-0.00019641586330481427
4	7	-0.0001584006578695907
7	4	-0.0001584006578695907
4	8	-0.00015947994090918308
8	4	-0.00015947994090918308
4	39	-2.0165766104771586e-07
39	4	-2.0165766104771586e-07
4	40	-0.00019483881992028436
40	4	-0.00019483881992028436
4	10	-0.00017185995224568417
10	4	-0.00017185995224568417
4	11	-0.00015325819162212103
11	4	-0.00015325819162212103
4	12	-1.2760147035204506e-09
12	4	-1.2760147035204506e-09
4	41	-2.0827671956898794e-07
41	4	-2.0827671956898794e-07
4	13	-2.2335826595434893e-09
13	4	-2.2335826595434893e-09
4	14	-5.733102804438974e-09
14	4	-5.733102804438974e-09
4	15	-5.9882947031615315e-09
15	4	-5.9882947031615315e-09
4	52	-6.719848849852567e-09
52	4	-6.719848849852567e-09
4	42	-1.4515700168023493e-08
42	4	-1.4515700168023493e-08
4	16	-1.93379144214444e-07
16	4	-1.93379144214444e-07
4	32	-1.549936926553894e-08
32	4	-1.549936926553894e-08
4	43	-0.0001974133108898462
43	4	-0.0001974133108898462
4	17	-0.00019741373786879557
17	4	-0.00019741373786879557
4	18	-0.0001974146090772111
18	4	-0.0001974146090772111
4	19	-1.2764313095166171e-09
19	4	-1.2764313095166171e-09
4	44	-1.964243410201934e-07
44	4	-1.964243410201934e-07
4	20	-2.234296871863733e-09
20	4	-2.234296871863733e-09
4	21	-5.337541953089738e-10
21	4	-5.337541953089738e-10
4	22	-7.920235967373693e-10
22	4	-7.920235967373693e-10
4	54	-1.5324002914212107e-09
54	4	-1.5324002914212107e-09
4	45	-7.542418426752808e-09
45	4	-7.542418426752808e-09
4	23	-2.5802819943449174e-08
23	4	-2.5802819943449174e-08
4	33	-8.501558802291966e-09
33	4	-8.501558802291966e-09
4	24	-2.2812982797176615e-09
24	4	-2.2812982797176615e-09
4	25	-2.538591526453969e-09
25	4	-2.538591526453969e-09
4	53	-3.276169786560974e-09
53	4	-3.276169786560974e-09
4	46	-9.88952455285187e-09
46	4	-9.88952455285187e-09
4	26	-1.9969282781633774e-07
26	4	-1.9969282781633774e-07
4	34	-1.0849303150433181e-08
34	4	-1.0849303150433181e-08
4	47	-0.00019374407145235543
47	4	-0.00019374407145235543
4	27	-0.0001937433924867898
27	4	-0.0001937433924867898
4	28	-0.00019374179949376054
28	4	-0.00019374179949376054
4	29	-1.276430573223731e-09
29	4	-1.276430573223731e-09
4	48	-2.1316513878115267e-07
48	4	-2.1316513878115267e-07
4	50	-1.352505225909116e-08
50	4	-1.352505225909116e-08
4	30	-1.3782204054381068e-08
30	4	-1.3782204054381068e-08
4	51	-1.451937622994215e-08
51	4	-1.451937622994215e-08
4	49	-2.4837897824269057e-08
49	4	-2.4837897824269057e-08
4	31	-1.9920340456355087e-07
31	4	-1.9920340456355087e-07
4	35	-2.580140600108152e-08
35	4	-2.580140600108152e-08
5	38	-4.324245772347072e-05
38	5	-4.324245772347072e-05
5	7	-4.324278337021878e-05
7	5	-4.324278337021878e-05
5	8	-4.3243714638544724e-05
8	5	-4.3243714638544724e-05
5	9	-0.00018253960973975837
9	5	-0.00018253960973975837
5	40	-4.359526268655899e-05
40	5	-4.359526268655899e-05
5	10	-4.359562211830229e-05
10	5	-4.359562211830229e-05
5	11	-4.359656249009469e-05
11	5	-4.359656249009469e-05
5	12	-1.2764288061242785e-09
12	5	-1.2764288061242785e-09
5	14	-5.7343530114659734e-09
14	5	-5.7343530114659734e-09
5	15	-5.9895928236297255e-09
15	5	-5.9895928236297255e-09
5	52	-6.721280668835739e-09
52	5	-6.721280668835739e-09
5	42	-3.645913556254576e-09
42	5	-3.645913556254576e-09
5	32	-4.626887879301545e-09
32	5	-4.626887879301545e-09
5	43	-4.2956540337938164e-05
43	5	-4.2956540337938164e-05
5	17	-4.295688936839462e-05
