2	0	-0.00019412695568249688
0	2	-0.00019412695568249688
1	4	-1.7550507331476697e-08
4	1	-1.7550507331476697e-08
4	31	-0.00019755612096135792
31	4	-0.00019755612096135792
2	1	-4.578536497627517e-05
1	2	-4.578536497627517e-05
13	1	-0.00015872077385102446
1	13	-0.00015872077385102446
1	50	-0.00012120192987952052
50	1	-0.00012120192987952052
1	0	-0.00012120063756999419
0	1	-0.00012120063756999419
0	5	-1.807017848933998e-05
5	0	-1.807017848933998e-05
5	2	-0.00018999930411613074
2	5	-0.00018999930411613074
1	32	-0.00015878499234151728
32	1	-0.00015878499234151728
13	4	-6.547806516666209e-05
4	13	-6.547806516666209e-05
0	3	-1.8790418437020857e-05
3	0	-1.8790418437020857e-05
3	2	-0.00015398786893409207
2	3	-0.00015398786893409207
8	3	-0.00017683265151520044
3	8	-0.00017683265151520044
2	33	-0.00014815936207099412
33	2	-0.00014815936207099412
1	33	-5.014301666569434e-09
33	1	-5.014301666569434e-09
1	7	-0.00018451242067652702
7	1	-0.00018451242067652702
13	7	-0.00017185995224568417
7	13	-0.00017185995224568417
0	6	-0.00019597390771191657
6	0	-0.00019597390771191657
13	10	-0.00018311302780577642
10	13	-0.00018311302780577642
0	9	-0.0001969324838639495
9	0	-0.0001969324838639495
0	8	-0.0001720481745498189
8	0	-0.0001720481745498189
0	11	-0.00011529487701907426
11	0	-0.00011529487701907426
7	11	-0.00016656124926458087
11	7	-0.00016656124926458087
11	12	-0.00018439192225336933
12	11	-0.00018439192225336933
1	14	-6.103808949892645e-05
14	1	-6.103808949892645e-05
13	39	-6.722436534101641e-05
39	13	-6.722436534101641e-05
0	13	-4.377322482109402e-05
13	0	-4.377322482109402e-05
14	13	-0.00019752204713557943
13	14	-0.00019752204713557943
39	12	-1.853078474968934e-07
12	39	-1.853078474968934e-07
13	12	-4.269911261907807e-05
12	13	-4.269911261907807e-05
0	38	-0.00019385495650679508
38	0	-0.00019385495650679508
13	41	-0.0001805180216592698
41	13	-0.0001805180216592698
0	15	-0.00019729881251416597
15	0	-0.00019729881251416597
0	40	-0.00019729850147001427
40	0	-0.00019729850147001427
0	12	-1.5625100833362317e-08
12	0	-1.5625100833362317e-08
1	12	-2.187126111812421e-07
12	1	-2.187126111812421e-07
14	21	-0.00019756325530603295
21	14	-0.00019756325530603295
1	21	-0.00015876945362332736
21	1	-0.00015876945362332736
13	43	-0.00018151707800039923
43	13	-0.00018151707800039923
1	20	-0.0001587296602195505
20	1	-0.0001587296602195505
13	23	-0.00017699225898133283
23	13	-0.00017699225898133283
0	22	-0.0001963318162009383
22	0	-0.0001963318162009383
0	49	-0.0001963315069670516
49	0	-0.0001963315069670516
6	13	-4.3411779166950864e-05
13	6	-4.3411779166950864e-05
1	27	-0.00015876538418296818
27	1	-0.00015876538418296818
0	24	-0.0001938571258022074
24	0	-0.0001938571258022074
0	45	-0.0001938568210740719
45	0	-0.0001938568210740719
13	47	-0.00017762741892292667
47	13	-0.00017762741892292667
1	30	-0.00015872944054980514
30	1	-0.00015872944054980514
0	28	-0.00019650934073834402
28	0	-0.00019650934073834402
0	46	-0.00019650903115054158
46	0	-0.00019650903115054158
48	2	-0.0001941275154273899
2	48	-0.0001941275154273899
2	8	-0.0001720481745498189
8	2	-0.0001720481745498189
2	49	-0.00019641040646425505
49	2	-0.00019641040646425505
2	6	-0.00017554283532468602
6	2	-0.00017554283532468602
2	11	-0.00010656966521102848
11	2	-0.00010656966521102848
2	22	-0.00019640984375601708
22	2	-0.00019640984375601708
3	11	-0.0001409648400683985
11	3	-0.0001409648400683985
5	11	-0.00014717935287804855
11	5	-0.00014717935287804855
6	11	-0.00016053132594432638
11	6	-0.00016053132594432638
8	11	-0.00012459790534199346
11	8	-0.00012459790534199346
9	11	-0.0001305662988324494
11	9	-0.0001305662988324494
0	54	-0.0001951890304287839
54	0	-0.0001951890304287839
0	52	-0.0001970438785973777
52	0	-0.0001970438785973777
0	16	-0.00019729969381873923
16	0	-0.00019729969381873923
0	51	-0.00019633269241844443
51	0	-0.00019633269241844443
0	25	-0.00019385798935907836
25	0	-0.00019385798935907836
0	29	-0.0001965102179509329
29	0	-0.0001965102179509329
48	12	-1.5364098430542502e-08
12	48	-1.5364098430542502e-08
48	13	-4.3772894499821104e-05
13	48	-4.3772894499821104e-05
50	2	-0.0001941253613469664
2	50	-0.0001941253613469664
50	12	-1.6373307620626254e-08
12	50	-1.6373307620626254e-08
50	13	-4.377416943526546e-05
13	50	-4.377416943526546e-05
34	2	-0.0001481978141966754
2	34	-0.0001481978141966754
34	12	-2.6984182774243982e-08
12	34	-2.6984182774243982e-08
2	12	-3.966841116822665e-09
12	2	-3.966841116822665e-09
2	13	-4.3001183972013984e-05
13	2	-4.3001183972013984e-05
2	51	-0.00019640824092560693
51	2	-0.00019640824092560693
2	44	-0.0001481982074286986
44	2	-0.0001481982074286986
3	12	-4.2233190096621585e-09
12	3	-4.2233190096621585e-09
3	13	-4.3001507351893134e-05
13	3	-4.3001507351893134e-05
54	12	-4.958556116427437e-09
12	54	-4.958556116427437e-09
54	13	-4.3002432147428024e-05
13	54	-4.3002432147428024e-05
35	12	-1.2148883848718749e-08
12	35	-1.2148883848718749e-08
5	12	-5.7478410422092195e-09
12	5	-5.7478410422092195e-09
5	13	-4.3411452069843435e-05
13	5	-4.3411452069843435e-05
6	12	-6.006754375196764e-09
12	6	-6.006754375196764e-09
52	12	-6.748972994840143e-09
12	52	-6.748972994840143e-09
52	13	-4.341271457594847e-05
13	52	-4.341271457594847e-05
36	12	-1.4450969213183343e-08
12	36	-1.4450969213183343e-08
8	12	-5.775957070523623e-09
12	8	-5.775957070523623e-09
8	13	-4.362374905104649e-05
13	8	-4.362374905104649e-05
9	12	-6.0361369067126675e-09
12	9	-6.0361369067126675e-09
9	13	-4.362407808317258e-05
13	9	-4.362407808317258e-05
53	12	-6.781986172774307e-09
12	53	-6.781986172774307e-09
53	13	-4.3625019016979096e-05
13	53	-4.3625019016979096e-05
37	12	-1.4451027564206064e-08
12	37	-1.4451027564206064e-08
38	13	-4.2697874762260716e-05
13	38	-4.2697874762260716e-05
11	13	-4.269819546557355e-05
13	11	-4.269819546557355e-05
12	20	-0.00014719061010384375
20	12	-0.00014719061010384375
12	49	-1.518553062609102e-08
49	12	-1.518553062609102e-08
12	22	-1.5443499505346714e-08
22	12	-1.5443499505346714e-08
12	51	-1.6183010194056625e-08
51	12	-1.6183010194056625e-08
12	44	-2.698411118174834e-08
44	12	-2.698411118174834e-08
12	30	-0.0001471908138868911
30	12	-0.0001471908138868911
13	40	-4.345610318812362e-05
40	13	-4.345610318812362e-05
13	15	-4.3456430780100134e-05
15	13	-4.3456430780100134e-05
13	16	-4.345736760244225e-05
16	13	-4.345736760244225e-05
13	42	-4.351981620858757e-05
42	13	-4.351981620858757e-05
13	18	-4.3520144355472884e-05
18	13	-4.3520144355472884e-05
13	19	-4.352108276205955e-05
19	13	-4.352108276205955e-05
13	49	-4.326425117809155e-05
49	13	-4.326425117809155e-05
13	22	-4.326457686422183e-05
22	13	-4.326457686422183e-05
13	51	-4.326550824426991e-05
51	13	-4.326550824426991e-05
13	45	-4.269995913315306e-05
45	13	-4.269995913315306e-05
13	24	-4.270027984272132e-05
24	13	-4.270027984272132e-05
13	25	-4.270119701402994e-05
25	13	-4.270119701402994e-05
13	46	-4.3285675247780606e-05
46	13	-4.3285675247780606e-05
13	28	-4.328600126208819e-05
28	13	-4.328600126208819e-05
13	29	-4.328693357975877e-05
29	13	-4.328693357975877e-05
48	1	-0.00012120018453345922
1	48	-0.00012120018453345922
0	7	-0.00013227296945050485
7	0	-0.00013227296945050485
1	3	-1.8790418437020857e-05
3	1	-1.8790418437020857e-05
1	54	-0.00011908482723115978
54	1	-0.00011908482723115978
1	5	-1.807017848933998e-05
5	1	-1.807017848933998e-05
1	6	-0.00012021664391385502
6	1	-0.00012021664391385502
1	52	-0.00012021792144944788
52	1	-0.00012021792144944788
1	8	-0.00012080409475032096
8	1	-0.00012080409475032096
1	9	-0.0001208045457161878
9	1	-0.0001208045457161878
1	53	-0.00012080583213101877
53	1	-0.00012080583213101877
1	38	-0.00011826047293729184
38	1	-0.00011826047293729184
1	11	-0.00011826091051630041
11	1	-0.00011826091051630041
1	40	-0.00012036054121320285
40	1	-0.00012036054121320285
1	15	-0.00012036098986868957
15	1	-0.00012036098986868957
1	16	-0.00012036226970638049
16	1	-0.00012036226970638049
1	42	-0.00012053094448801754
42	1	-0.00012053094448801754
1	18	-0.00012053139403455145
18	1	-0.00012053139403455145
1	19	-0.00012053267640888759
19	1	-0.00012053267640888759
1	49	-0.0001197918320550645
49	1	-0.0001197918320550645
1	22	-0.0001197922776211088
22	1	-0.0001197922776211088
1	51	-0.00011979354866295292
51	1	-0.00011979354866295292
1	45	-0.00011826327155419352
45	1	-0.00011826327155419352
1	24	-0.00011826370914166702
24	1	-0.00011826370914166702
1	25	-0.00011826495746900403
25	1	-0.00011826495746900403
1	46	-0.0001198824759601604
46	1	-0.0001198824759601604
1	28	-0.00011988292207134503
28	1	-0.00011988292207134503
1	29	-0.00011988419466554573
29	1	-0.00011988419466554573
2	4	-1.2516149983555015e-08
4	2	-1.2516149983555015e-08
2	7	-4.732240844311385e-05
7	2	-4.732240844311385e-05
2	10	-4.639722503086625e-05
10	2	-4.639722503086625e-05
2	39	-1.5326363848930785e-07
39	2	-1.5326363848930785e-07
2	41	-4.706493250809162e-05
41	2	-4.706493250809162e-05
2	43	-4.680561037727982e-05
43	2	-4.680561037727982e-05
2	23	-4.800350083981355e-05
23	2	-4.800350083981355e-05
2	47	-4.7831667876140504e-05
47	2	-4.7831667876140504e-05
3	4	-1.251328379867624e-08
4	3	-1.251328379867624e-08
3	7	-0.00016971124282915407
7	3	-0.00016971124282915407
3	39	-1.5325102899424785e-07
39	3	-1.5325102899424785e-07
4	5	-4.9597007552533766e-05
5	4	-4.9597007552533766e-05
4	6	-0.00014955843799724757
6	4	-0.00014955843799724757
4	7	-2.199511633100651e-08
7	4	-2.199511633100651e-08
4	8	-6.450381265984289e-09
8	4	-6.450381265984289e-09
4	9	-0.00015028995897240646
9	4	-0.00015028995897240646
4	11	-2.794483792538439e-08
11	4	-2.794483792538439e-08
4	12	-2.3431723806929162e-08
12	4	-2.3431723806929162e-08
5	7	-4.777373915431892e-05
7	5	-4.777373915431892e-05
5	39	-5.091958682760436e-05
39	5	-5.091958682760436e-05
6	7	-0.0001910088652520708
7	6	-0.0001910088652520708
7	8	-0.00015189625048797216
8	7	-0.00015189625048797216
7	9	-0.00015839269506351592
9	7	-0.00015839269506351592
7	12	-2.116157857960749e-07
12	7	-2.116157857960749e-07
10	12	-2.158312589357479e-07
12	10	-2.158312589357479e-07
11	39	-1.985536791952273e-07
39	11	-1.985536791952273e-07
12	41	-2.1277231313585214e-07
41	12	-2.1277231313585214e-07
12	43	-2.139499815665782e-07
43	12	-2.139499815665782e-07
12	23	-2.0861622097930312e-07
23	12	-2.0861622097930312e-07
12	47	-2.0936493261008473e-07
47	12	-2.0936493261008473e-07
48	14	-0.00015080019208542217
14	48	-0.00015080019208542217
0	14	-0.00015080049292599427
14	0	-0.00015080049292599427
50	14	-0.0001508013473680024
14	50	-0.0001508013473680024
34	1	-0.0001587525571891671
1	34	-0.0001587525571891671
34	14	-0.000197527773255872
14	34	-0.000197527773255872
1	31	-1.754907193022749e-08
31	1	-1.754907193022749e-08
1	35	-0.00015874466245924444
35	1	-0.00015874466245924444
1	36	-0.0001587482821099049
36	1	-0.0001587482821099049
1	37	-0.0001587489229230817
37	1	-0.0001587489229230817
1	17	-0.00015872088367694894
17	1	-0.00015872088367694894
1	44	-0.00015875213609674494
44	1	-0.00015875213609674494
1	26	-0.00015872506138108833
26	1	-0.00015872506138108833
31	2	-1.2515126092238752e-08
2	31	-1.2515126092238752e-08
31	3	-1.2512260376227132e-08
3	31	-1.2512260376227132e-08
31	5	-0.00014957018087564792
5	31	-0.00014957018087564792
31	6	-0.00014957067495759976
6	31	-0.00014957067495759976
31	7	-2.1993317419051335e-08
7	31	-2.1993317419051335e-08
31	33	-0.00019756120451895092
33	31	-0.00019756120451895092
31	8	-6.449853709421271e-09
8	31	-6.449853709421271e-09
31	9	-0.00015030225578623995
9	31	-0.00015030225578623995
31	11	-2.7942552340191034e-08
11	31	-2.7942552340191034e-08
31	12	-2.3429807345608795e-08
12	31	-2.3429807345608795e-08
31	13	-0.00019748973797607057
13	31	-0.00019748973797607057
31	39	-6.727153521752022e-05
39	31	-6.727153521752022e-05
31	14	-2.3434516617161092e-08
14	31	-2.3434516617161092e-08
31	21	-0.00019757212390947583
21	31	-0.00019757212390947583
2	14	-0.00014817663074585789
14	2	-0.00014817663074585789
3	14	-0.00014817692569357992
14	3	-0.00014817692569357992
54	14	-0.0001481777635169956
14	54	-0.0001481777635169956
35	14	-0.00019753640666656376
14	35	-0.00019753640666656376
4	33	-0.00019755466101493627
33	4	-0.00019755466101493627
4	14	-2.3436433848988268e-08
14	4	-2.3436433848988268e-08
4	21	-0.00019753282319020415
21	4	-0.00019753282319020415
32	12	-1.3109394911445366e-08
12	32	-1.3109394911445366e-08
32	14	-0.0001975460208409342
14	32	-0.0001975460208409342
5	33	-0.00014956897908065237
33	5	-0.00014956897908065237
5	14	-0.00014958514661374755
14	5	-0.00014958514661374755
6	33	-0.00014956947318445454
33	6	-0.00014956947318445454
6	14	-0.00014958544473083388
14	6	-0.00014958544473083388
52	14	-0.00014958629149289623
14	52	-0.00014958629149289623
36	14	-0.0001975380479061269
14	36	-0.0001975380479061269
7	33	-9.45879632557416e-09
33	7	-9.45879632557416e-09
7	14	-6.308735478178811e-05
14	7	-6.308735478178811e-05
33	11	-1.5408013415852734e-08
11	33	-1.5408013415852734e-08
33	12	-1.0895015403517168e-08
12	33	-1.0895015403517168e-08
33	13	-0.0001974911913936128
13	33	-0.0001974911913936128
33	39	-6.726277085013497e-05
39	33	-6.726277085013497e-05
33	14	-1.0897896987253707e-08
14	33	-1.0897896987253707e-08
33	21	-0.00019755044329836655
21	33	-0.00019755044329836655
8	14	-0.00015031685443007745
14	8	-0.00015031685443007745
9	14	-0.0001503171541981417
14	9	-0.0001503171541981417
53	14	-0.00015031800561611798
14	53	-0.00015031800561611798
37	14	-0.00019753884553754884
14	37	-0.00019753884553754884
10	14	-6.185385274498626e-05
14	10	-6.185385274498626e-05
11	14	-0.00018439192225336933
14	11	-0.00018439192225336933
11	21	-4.489956978878234e-09
21	11	-4.489956978878234e-09
12	21	-4.49139269139954e-09
21	12	-4.49139269139954e-09
13	21	-0.0001975130223578643
21	13	-0.0001975130223578643
39	14	-1.853078474968934e-07
14	39	-1.853078474968934e-07
39	21	-6.724813692204055e-05
21	39	-6.724813692204055e-05
14	41	-6.274407464287402e-05
41	14	-6.274407464287402e-05
14	43	-6.239833306092427e-05
43	14	-6.239833306092427e-05
14	49	-0.00014904753088416193
49	14	-0.00014904753088416193
14	22	-0.00014904782777056083
22	14	-0.00014904782777056083
14	51	-0.00014904867106140129
51	14	-0.00014904867106140129
14	44	-0.00019752724918937114
44	14	-0.00019752724918937114
14	23	-6.399542214168421e-05
23	14	-6.399542214168421e-05
14	47	-6.376632561025648e-05
47	14	-6.376632561025648e-05
