0	1	-4.390495188511839e-05
1	0	-4.390495188511839e-05
4	0	-1.3116832098458593e-05
0	4	-1.3116832098458593e-05
1	3	-1.7390401869762912e-05
3	1	-1.7390401869762912e-05
9	3	-6.239833306092427e-05
3	9	-6.239833306092427e-05
0	36	-4.670791559245961e-05
36	0	-4.670791559245961e-05
2	36	-0.0001849107862109222
36	2	-0.0001849107862109222
0	2	-1.9586557103830053e-05
2	0	-1.9586557103830053e-05
3	2	-0.000197522183860467
2	3	-0.000197522183860467
36	1	-1.9827026826074309e-07
1	36	-1.9827026826074309e-07
2	1	-1.9586557103830053e-05
1	2	-1.9586557103830053e-05
0	38	-4.550863438871767e-05
38	0	-4.550863438871767e-05
2	38	-0.0001897771286590111
38	2	-0.0001897771286590111
0	6	-0.00014853300913361588
6	0	-0.00014853300913361588
3	6	-0.0001975219104108811
6	3	-0.0001975219104108811
6	5	-0.0001783722586525374
5	6	-0.0001783722586525374
5	4	-0.00019710346789510673
4	5	-0.00019710346789510673
37	2	-4.398829388795657e-05
2	37	-4.398829388795657e-05
0	3	-1.7390401869762912e-05
3	0	-1.7390401869762912e-05
1	28	-1.0761103301221236e-08
28	1	-1.0761103301221236e-08
9	28	-0.00015878075811202785
28	9	-0.00015878075811202785
1	9	-1.9463104792107856e-07
9	1	-1.9463104792107856e-07
2	9	-0.00015872088367694894
9	2	-0.00015872088367694894
0	39	-0.00015068421896819684
39	0	-0.00015068421896819684
9	52	-0.00012053980613549899
52	9	-0.00012053980613549899
0	8	-0.00011856798202173896
8	0	-0.00011856798202173896
0	7	-0.00011259958853128296
7	0	-0.00011259958853128296
7	1	-0.00018823215623684964
1	7	-0.00018823215623684964
1	13	-1.4818437056824998e-08
13	1	-1.4818437056824998e-08
9	13	-0.00015879810521195545
13	9	-0.00015879810521195545
13	29	-0.00019755076489685918
29	13	-0.00019755076489685918
0	29	-2.5593463255058745e-08
29	0	-2.5593463255058745e-08
1	11	-1.7166959813509886e-08
11	1	-1.7166959813509886e-08
2	11	-0.00019209955003392
11	2	-0.00019209955003392
0	40	-2.463007865285297e-08
40	0	-2.463007865285297e-08
29	40	-0.00019752164547958169
40	29	-0.00019752164547958169
0	10	-0.0001957579537943792
10	0	-0.0001957579537943792
1	47	-9.000243881535656e-09
47	1	-9.000243881535656e-09
47	2	-4.413402367362072e-05
2	47	-4.413402367362072e-05
2	13	-6.389283402513229e-05
13	2	-6.389283402513229e-05
0	12	-0.00019550213220946922
12	0	-0.00019550213220946922
1	48	-8.825037194678894e-09
48	1	-8.825037194678894e-09
48	0	-0.00019550182309979128
0	48	-0.00019550182309979128
0	5	-1.6179041902620065e-05
5	0	-1.6179041902620065e-05
5	1	-1.6179041902620065e-05
1	5	-1.6179041902620065e-05
1	31	-6.087319028445061e-09
31	1	-6.087319028445061e-09
9	31	-0.00015877233106149463
31	9	-0.00015877233106149463
0	30	-0.0001506903100824074
30	0	-0.0001506903100824074
0	17	-4.457150312069519e-05
17	0	-4.457150312069519e-05
2	17	-0.0001937617576376298
17	2	-0.0001937617576376298
0	16	-0.00015069176696066224
16	0	-0.00015069176696066224
14	2	-4.4211166053273603e-05
2	14	-4.4211166053273603e-05
1	20	-1.9078595635405355e-07
20	1	-1.9078595635405355e-07
2	20	-0.00017793137499588
20	2	-0.00017793137499588
0	41	-0.00015069039701159868
41	0	-0.00015069039701159868
0	19	-0.00019659057233449467
19	0	-0.00019659057233449467
2	18	-4.330556184906754e-05
18	2	-4.330556184906754e-05
18	0	-0.00019659009122881363
0	18	-0.00019659009122881363
8	2	-4.352576998669252e-05
2	8	-4.352576998669252e-05
1	32	-1.776038023654946e-08
32	1	-1.776038023654946e-08
9	32	-0.0001587933788794589
32	9	-0.0001587933788794589
1	23	-1.9791687875971755e-07
23	1	-1.9791687875971755e-07
2	23	-0.0001845812378614781
23	2	-0.0001845812378614781
0	42	-0.00015067452888966777
42	0	-0.00015067452888966777
0	22	-0.00019749995155390077
22	0	-0.00019749995155390077
0	21	-0.00019749951713971816
21	0	-0.00019749951713971816
9	11	-0.00015880576558886691
11	9	-0.00015880576558886691
0	33	-0.0001506407913625352
33	0	-0.0001506407913625352
1	25	-1.8062497770455315e-07
25	1	-1.8062497770455315e-07
2	25	-0.00016845579204157282
25	2	-0.00016845579204157282
0	43	-0.00015067872446526386
43	0	-0.00015067872446526386
0	24	-0.00019298379783739005
24	0	-0.00019298379783739005
3	45	-0.00014717019060905346
45	3	-0.00014717019060905346
45	0	-0.0001929833606684075
0	45	-0.0001929833606684075
2	34	-4.401774955464552e-05
34	2	-4.401774955464552e-05
44	2	-4.4016136756858543e-05
2	44	-4.4016136756858543e-05
35	2	-4.371363653647983e-05
2	35	-4.371363653647983e-05
2	7	-4.3525415141189675e-05
7	2	-4.3525415141189675e-05
2	48	-4.32750535793925e-05
48	2	-4.32750535793925e-05
2	21	-4.371116222498719e-05
21	2	-4.371116222498719e-05
2	45	-4.271942180401631e-05
45	2	-4.271942180401631e-05
0	47	-0.0001957585251042463
47	0	-0.0001957585251042463
2	12	-4.327537937697461e-05
12	2	-4.327537937697461e-05
2	19	-4.330592577351114e-05
19	2	-4.330592577351114e-05
2	22	-4.3711518949845216e-05
22	2	-4.3711518949845216e-05
2	24	-4.2719771913804044e-05
24	2	-4.2719771913804044e-05
4	7	-0.0001388363876814666
7	4	-0.0001388363876814666
4	8	-0.0001954559861230915
8	4	-0.0001954559861230915
4	2	-4.3988626339874666e-05
2	4	-4.3988626339874666e-05
4	47	-0.00019698876300626737
47	4	-0.00019698876300626737
4	10	-0.00019698818647203903
10	4	-0.00019698818647203903
4	48	-0.00019428087146264677
48	4	-0.00019428087146264677
4	12	-0.00019428118025339644
12	4	-0.00019428118025339644
4	21	-0.00019626605202140003
21	4	-0.00019626605202140003
4	22	-0.00019626648535058493
22	4	-0.00019626648535058493
4	45	-0.00019177814819701117
45	4	-0.00019177814819701117
4	24	-0.00019177858422654437
24	4	-0.00019177858422654437
2	26	-4.4016469433442e-05
26	2	-4.4016469433442e-05
10	2	-4.413435731067338e-05
2	10	-4.413435731067338e-05
0	52	-0.00019668527398461667
52	0	-0.00019668527398461667
0	50	-0.00019550300811118723
50	0	-0.00019550300811118723
0	53	-0.0001965914499774169
53	0	-0.0001965914499774169
0	51	-0.0001975008378391323
51	0	-0.0001975008378391323
0	46	-0.00019298466071695084
46	0	-0.00019298466071695084
0	49	-0.00019575632647872448
49	0	-0.00019575632647872448
1	4	-0.00013227296945050485
4	1	-0.00013227296945050485
1	6	-0.00015414653506222301
6	1	-0.00015414653506222301
1	8	-0.00017981809211013331
8	1	-0.00017981809211013331
1	52	-0.00019668439128477046
52	1	-0.00019668439128477046
1	39	-9.801137323278246e-09
39	1	-9.801137323278246e-09
1	10	-9.263411375072569e-09
10	1	-9.263411375072569e-09
1	49	-1.0017825099900654e-08
49	1	-1.0017825099900654e-08
1	40	-1.3856010464990878e-08
40	1	-1.3856010464990878e-08
1	12	-9.08308159053208e-09
12	1	-9.08308159053208e-09
1	50	-9.822809092617486e-09
50	1	-9.822809092617486e-09
1	16	-0.0001506931908478037
16	1	-0.0001506931908478037
1	30	-0.0001506917339576227
30	1	-0.0001506917339576227
1	41	-0.0001506918208872041
41	1	-0.0001506918208872041
1	21	-7.577292974704759e-09
21	1	-7.577292974704759e-09
1	22	-7.837986554166858e-09
22	1	-7.837986554166858e-09
1	51	-8.58529508312617e-09
51	1	-8.58529508312617e-09
1	42	-1.6775934999673737e-08
42	1	-1.6775934999673737e-08
1	45	-1.0443340799570757e-08
45	1	-1.0443340799570757e-08
1	24	-1.0698066543139403e-08
24	1	-1.0698066543139403e-08
1	46	-1.1428259895295725e-08
46	1	-1.1428259895295725e-08
1	43	-1.6204172866224533e-08
43	1	-1.6204172866224533e-08
2	5	-4.398957703800902e-05
5	2	-4.398957703800902e-05
2	52	-4.352670843673362e-05
52	2	-4.352670843673362e-05
2	49	-4.413531139177556e-05
49	2	-4.413531139177556e-05
2	40	-0.00019756412484529166
40	2	-0.00019756412484529166
2	50	-4.327631107530157e-05
50	2	-4.327631107530157e-05
2	15	-4.421150051077323e-05
15	2	-4.421150051077323e-05
2	53	-4.330685858255094e-05
53	2	-4.330685858255094e-05
2	51	-4.3712462123261645e-05
51	2	-4.3712462123261645e-05
2	46	-4.272068917786689e-05
46	2	-4.272068917786689e-05
2	54	-4.401742077287743e-05
54	2	-4.401742077287743e-05
4	6	-0.00017794900244556526
6	4	-0.00017794900244556526
4	39	-0.00015163121833366056
39	4	-0.00015163121833366056
4	49	-0.00019698654424556424
49	4	-0.00019698654424556424
4	40	-1.86827923520816e-08
40	4	-1.86827923520816e-08
4	50	-0.0001942820553046383
50	4	-0.0001942820553046383
4	51	-0.00019626737076781692
51	4	-0.00019626737076781692
4	42	-0.00015162144169878126
42	4	-0.00015162144169878126
4	46	-0.00019177944627741337
46	4	-0.00019177944627741337
4	43	-0.0001516256260790019
43	4	-0.0001516256260790019
5	7	-0.00013916661354411366
7	5	-0.00013916661354411366
5	40	-1.8523305100295535e-08
40	5	-1.8523305100295535e-08
6	7	-0.00015414653506222301
7	6	-0.00015414653506222301
6	40	-1.2007111670179271e-08
40	6	-1.2007111670179271e-08
8	40	-0.00015002079624045988
40	8	-0.00015002079624045988
35	9	-0.00012107383234872907
9	35	-0.00012107383234872907
0	9	-4.758233389349656e-05
9	0	-4.758233389349656e-05
0	11	-2.2642446695833915e-07
11	0	-2.2642446695833915e-07
0	13	-2.5596250477485615e-08
13	0	-2.5596250477485615e-08
0	20	-4.8542461074856575e-05
20	0	-4.8542461074856575e-05
0	23	-4.679141700415542e-05
23	0	-4.679141700415542e-05
0	25	-5.1276419660542463e-05
25	0	-5.1276419660542463e-05
1	38	-2.0348867914611718e-07
38	1	-2.0348867914611718e-07
1	17	-2.077616051376676e-07
17	1	-2.077616051376676e-07
37	9	-0.0001218345519035593
9	37	-0.0001218345519035593
4	9	-0.00012183500840238648
9	4	-0.00012183500840238648
4	11	-4.524018633652835e-05
11	4	-4.524018633652835e-05
4	13	-1.9646793766128063e-08
13	4	-1.9646793766128063e-08
5	9	-0.00012183631056891004
9	5	-0.00012183631056891004
5	11	-2.0595980587371568e-07
11	5	-2.0595980587371568e-07
5	13	-1.9487249037168783e-08
13	5	-1.9487249037168783e-08
7	9	-0.00012053800024166426
9	7	-0.00012053800024166426
7	11	-0.000149959219490627
11	7	-0.000149959219490627
8	9	-0.00012053852370427277
9	8	-0.00012053852370427277
8	13	-0.00014996617929280217
13	8	-0.00014996617929280217
9	47	-0.00012220325848977758
47	9	-0.00012220325848977758
9	10	-0.00012220371688537835
10	9	-0.00012220371688537835
9	49	-0.00012220502445119884
49	9	-0.00012220502445119884
9	48	-0.00011982484529010592
48	9	-0.00011982484529010592
9	12	-0.00011982529103719846
12	9	-0.00011982529103719846
9	50	-0.00011982656259451296
50	9	-0.00011982656259451296
9	14	-0.0001224434741956532
14	9	-0.0001224434741956532
9	15	-0.00012244393393344438
15	9	-0.00012244393393344438
9	18	-0.00011993539004162829
18	9	-0.00011993539004162829
9	19	-0.0001199359409447401
19	9	-0.0001199359409447401
9	53	-0.00011993721432441304
53	9	-0.00011993721432441304
9	21	-0.00012104299550328178
21	9	-0.00012104299550328178
9	22	-0.00012104352224611618
22	9	-0.00012104352224611618
9	51	-0.00012104481225852261
51	9	-0.00012104481225852261
9	45	-0.00011828328615167589
45	9	-0.00011828328615167589
9	24	-0.00011828380508768683
24	9	-0.00011828380508768683
9	46	-0.00011828505351307105
46	9	-0.00011828505351307105
9	44	-0.0001219046073148706
44	9	-0.0001219046073148706
9	26	-0.0001219050641729299
26	9	-0.0001219050641729299
9	54	-0.0001219063673620305
54	9	-0.0001219063673620305
9	34	-0.00012190681342772678
34	9	-0.00012190681342772678
0	28	-0.00015064588346276595
28	0	-0.00015064588346276595
0	31	-6.085422304667453e-09
31	0	-6.085422304667453e-09
0	32	-0.00015063647674216785
32	0	-0.00015063647674216785
1	29	-1.4816823106684112e-08
29	1	-1.4816823106684112e-08
1	33	-1.7165555459846597e-08
33	1	-1.7165555459846597e-08
2	29	-0.00019750418600209162
29	2	-0.00019750418600209162
3	4	-0.00015160726321590125
4	3	-0.00015160726321590125
3	5	-0.0001838100279227126
5	3	-0.0001838100279227126
3	7	-0.00014998919444681672
7	3	-0.00014998919444681672
3	8	-0.00015658577617172413
8	3	-0.00015658577617172413
3	47	-0.00015205031312234894
47	3	-0.00015205031312234894
3	10	-0.00015205061679346573
10	3	-0.00015205061679346573
3	49	-0.0001520514792169581
49	3	-0.0001520514792169581
3	40	-0.00019751499070291912
40	3	-0.00019751499070291912
3	29	-0.000197564669915467
29	3	-0.000197564669915467
3	13	-6.390968187594296e-05
13	3	-6.390968187594296e-05
3	48	-0.0001490903675977223
48	3	-0.0001490903675977223
3	12	-0.00014909066458413195
12	3	-0.00014909066458413195
3	50	-0.00014909150815710354
50	3	-0.00014909150815710354
3	31	-0.0001975600636249915
31	3	-0.0001975600636249915
3	51	-0.00015061363907382626
51	3	-0.00015061363907382626
3	42	-0.00019754091977846797
42	3	-0.00019754091977846797
3	32	-0.00019753672032564958
32	3	-0.00019753672032564958
3	24	-0.00014717058446468795
24	3	-0.00014717058446468795
3	46	-0.00014717141584358055
46	3	-0.00014717141584358055
3	43	-0.0001975276365426037
43	3	-0.0001975276365426037
3	33	-0.00019753995915204364
33	3	-0.00019753995915204364
3	11	-5.8956871038879976e-05
11	3	-5.8956871038879976e-05
9	6	-0.00015872066402525196
6	9	-0.00015872066402525196
9	39	-0.00015874000868509923
39	9	-0.00015874000868509923
9	40	-6.240489535011915e-05
40	9	-6.240489535011915e-05
9	29	-6.242154526864286e-05
29	9	-6.242154526864286e-05
9	16	-0.00015872987269763026
16	9	-0.00015872987269763026
9	30	-0.00015873178607716807
30	9	-0.00015873178607716807
9	41	-0.00015873169454650165
41	9	-0.00015873169454650165
9	42	-0.00015875291332367172
42	9	-0.00015875291332367172
9	43	-0.00015875244733875468
43	9	-0.00015875244733875468
9	33	-0.0001587927773606635
33	9	-0.0001587927773606635
9	27	-0.00015872141450439325
27	9	-0.00015872141450439325
4	28	-0.00015159263838151224
28	4	-0.00015159263838151224
4	29	-1.964465445086597e-08
29	4	-1.964465445086597e-08
4	31	-1.367472296781929e-10
31	4	-1.367472296781929e-10
4	32	-0.00015158314680843913
32	4	-0.00015158314680843913
4	33	-0.00015158745107502554
33	4	-0.00015158745107502554
5	29	-1.9485127094536434e-08
29	5	-1.9485127094536434e-08
6	29	-1.2967295107358165e-08
29	6	-1.2967295107358165e-08
6	13	-1.2968707253975487e-08
13	6	-1.2968707253975487e-08
6	11	-0.00019747344316941527
11	6	-0.00019747344316941527
8	29	-0.00014998251648273408
29	8	-0.00014998251648273408
40	13	-0.00019750013230439823
13	40	-0.00019750013230439823
40	31	-0.00019750888311935886
31	40	-0.00019750888311935886
40	11	-0.00019749117704147038
11	40	-0.00019749117704147038
29	31	-0.00019755856082532452
31	29	-0.00019755856082532452
29	11	-0.0001975418067798348
11	29	-0.0001975418067798348
13	31	-0.00019754497304140664
31	13	-0.00019754497304140664
31	11	-0.0001975360143709808
11	31	-0.0001975360143709808
36	3	-6.125177922024227e-05
3	36	-6.125177922024227e-05
3	38	-5.967925898756021e-05
38	3	-5.967925898756021e-05
3	17	-5.8450474716576654e-05
17	3	-5.8450474716576654e-05
3	20	-6.365727000909434e-05
20	3	-6.365727000909434e-05
3	23	-6.136126785304955e-05
23	3	-6.136126785304955e-05
3	25	-6.724208829682511e-05
25	3	-6.724208829682511e-05
