0	1	-4.390495188511839e-05
1	0	-4.390495188511839e-05
4	0	-1.3116832098458593e-05
0	4	-1.3116832098458593e-05
1	3	-1.7390401869762912e-05
3	1	-1.7390401869762912e-05
9	3	-6.239833306092427e-05
3	9	-6.239833306092427e-05
0	36	-2.1795042822143906e-07
36	0	-2.1795042822143906e-07
2	36	-6.123559224522293e-05
36	2	-6.123559224522293e-05
0	2	-1.9586557103830053e-05
2	0	-1.9586557103830053e-05
3	2	-0.0001754193649186458
2	3	-0.0001754193649186458
36	1	-1.8321641455946443e-07
1	36	-1.8321641455946443e-07
2	1	-1.9586557103830053e-05
1	2	-1.9586557103830053e-05
0	38	-2.2368681470580584e-07
38	0	-2.2368681470580584e-07
2	38	-5.96634630127722e-05
38	2	-5.96634630127722e-05
0	6	-0.00014853300913361588
6	0	-0.00014853300913361588
3	6	-0.00019172737663053965
6	3	-0.00019172737663053965
38	5	-2.034698184924399e-07
5	38	-2.034698184924399e-07
6	5	-0.0001783722586525374
5	6	-0.0001783722586525374
5	4	-1.0741272632444856e-06
4	5	-1.0741272632444856e-06
37	2	-4.398829388795657e-05
2	37	-4.398829388795657e-05
0	3	-1.7390401869762912e-05
3	0	-1.7390401869762912e-05
1	28	-4.650985325104093e-09
28	1	-4.650985325104093e-09
9	28	-0.00015878075811202785
28	9	-0.00015878075811202785
1	9	-1.7985350539373738e-07
9	1	-1.7985350539373738e-07
2	9	-6.238186100034127e-05
9	2	-6.238186100034127e-05
0	39	-9.798268373489018e-09
39	0	-9.798268373489018e-09
9	52	-0.00012053980613549899
52	9	-0.00012053980613549899
0	8	-2.509014574858437e-09
8	0	-2.509014574858437e-09
0	7	-2.249456417743828e-09
7	0	-2.249456417743828e-09
8	7	-0.00018874071136420575
7	8	-0.00018874071136420575
7	1	-2.2500156679400188e-09
1	7	-2.2500156679400188e-09
1	13	-7.819575246909191e-09
13	1	-7.819575246909191e-09
9	13	-8.524246947252782e-09
13	9	-8.524246947252782e-09
13	29	-6.393283585531492e-05
29	13	-6.393283585531492e-05
0	29	-2.5593463255058745e-08
29	0	-2.5593463255058745e-08
1	11	-2.006231691353079e-09
11	1	-2.006231691353079e-09
2	11	-1.6690372416729256e-07
11	2	-1.6690372416729256e-07
0	40	-2.463007865285297e-08
40	0	-2.463007865285297e-08
29	40	-0.00019752164547958169
40	29	-0.00019752164547958169
11	49	-0.0001520304647016787
49	11	-0.0001520304647016787
40	49	-0.00015209231732770293
49	40	-0.00015209231732770293
0	10	-1.3962601416443963e-08
10	0	-1.3962601416443963e-08
1	47	-5.403655195931736e-09
47	1	-5.403655195931736e-09
47	2	-4.413402367362072e-05
2	47	-4.413402367362072e-05
2	13	-7.817691719004553e-09
13	2	-7.817691719004553e-09
13	50	-0.0001490773280291209
50	13	-0.0001490773280291209
40	50	-0.00014913161366193037
50	40	-0.00014913161366193037
0	12	-1.369084442349377e-08
12	0	-1.369084442349377e-08
1	48	-5.298462877117151e-09
48	1	-5.298462877117151e-09
48	0	-1.3432830075070307e-08
0	48	-1.3432830075070307e-08
0	5	-1.6179041902620065e-05
5	0	-1.6179041902620065e-05
5	1	-1.6179041902620065e-05
1	5	-1.6179041902620065e-05
1	31	-6.087319028445061e-09
31	1	-6.087319028445061e-09
9	31	-6.240637040386617e-05
31	9	-6.240637040386617e-05
0	30	-5.126886180732328e-09
30	0	-5.126886180732328e-09
31	30	-0.00019752204713557937
30	31	-0.00019752204713557937
0	17	-2.2838386816614717e-07
17	0	-2.2838386816614717e-07
2	17	-5.84349842735867e-05
17	2	-5.84349842735867e-05
0	16	-4.147056873748963e-09
16	0	-4.147056873748963e-09
14	2	-4.4211166053273603e-05
2	14	-4.4211166053273603e-05
1	20	-1.7630035596420876e-07
20	1	-1.7630035596420876e-07
2	20	-6.364048491938288e-05
20	2	-6.364048491938288e-05
0	41	-5.126883224295739e-09
41	0	-5.126883224295739e-09
31	41	-0.00019752193319831765
41	31	-0.00019752193319831765
0	19	-0.00019570694102370077
19	0	-0.00019570694102370077
2	18	-4.330556184906754e-05
18	2	-4.330556184906754e-05
18	0	-0.0001957064609193422
0	18	-0.0001957064609193422
8	2	-4.352576998669252e-05
2	8	-4.352576998669252e-05
1	32	-1.1650262260432314e-08
32	1	-1.1650262260432314e-08
9	32	-6.242172670941968e-05
32	9	-6.242172670941968e-05
1	23	-1.8288985648351677e-07
23	1	-1.8288985648351677e-07
2	23	-6.134505365416381e-05
23	2	-6.134505365416381e-05
0	42	-1.6771616309886414e-08
42	0	-1.6771616309886414e-08
0	22	-7.83625157789836e-09
22	0	-7.83625157789836e-09
0	21	-7.575605712279282e-09
21	0	-7.575605712279282e-09
9	11	-0.00015880576558886691
11	9	-0.00015880576558886691
11	33	-0.00019755612096135792
33	11	-0.00019755612096135792
0	33	-2.7942552340191034e-08
33	0	-2.7942552340191034e-08
1	25	-1.6691085902698522e-07
25	1	-1.6691085902698522e-07
2	25	-6.722441185783205e-05
25	2	-6.722441185783205e-05
0	43	-2.697861214591106e-08
43	0	-2.697861214591106e-08
0	24	-1.5246277568820173e-08
24	0	-1.5246277568820173e-08
3	45	-0.00014717019060905346
45	3	-0.00014717019060905346
45	0	-1.4991573512935613e-08
0	45	-1.4991573512935613e-08
3	27	-0.00019752284470009212
27	3	-0.00019752284470009212
2	34	-4.401774955464552e-05
34	2	-4.401774955464552e-05
44	2	-4.4016136756858543e-05
2	44	-4.4016136756858543e-05
35	2	-4.371363653647983e-05
2	35	-4.371363653647983e-05
2	7	-4.3525415141189675e-05
7	2	-4.3525415141189675e-05
2	48	-4.32750535793925e-05
48	2	-4.32750535793925e-05
2	21	-4.371116222498719e-05
21	2	-4.371116222498719e-05
2	45	-4.271942180401631e-05
45	2	-4.271942180401631e-05
0	47	-1.3699465175240206e-08
47	0	-1.3699465175240206e-08
2	12	-4.327537937697461e-05
12	2	-4.327537937697461e-05
2	19	-4.330592577351114e-05
19	2	-4.330592577351114e-05
2	22	-4.3711518949845216e-05
22	2	-4.3711518949845216e-05
2	24	-4.2719771913804044e-05
24	2	-4.2719771913804044e-05
4	7	-0.0001388363876814666
7	4	-0.0001388363876814666
4	8	-0.00014533283225701038
8	4	-0.00014533283225701038
4	2	-4.3988626339874666e-05
2	4	-4.3988626339874666e-05
4	47	-9.121086051857258e-09
47	4	-9.121086051857258e-09
4	10	-9.384209299765738e-09
10	4	-9.384209299765738e-09
4	48	-8.943564505139312e-09
48	4	-8.943564505139312e-09
4	12	-9.201566361137057e-09
12	4	-9.201566361137057e-09
4	21	-3.0406024517246054e-09
21	4	-3.0406024517246054e-09
4	22	-3.3012327769278224e-09
22	4	-3.3012327769278224e-09
4	45	-1.0560095143699166e-08
45	4	-1.0560095143699166e-08
4	24	-1.0814783980124711e-08
24	4	-1.0814783980124711e-08
2	26	-4.4016469433442e-05
26	2	-4.4016469433442e-05
10	2	-4.413435731067338e-05
2	10	-4.413435731067338e-05
0	52	-3.2530817032108246e-09
52	0	-3.2530817032108246e-09
0	50	-1.4430489283394276e-08
50	0	-1.4430489283394276e-08
0	53	-0.00019570781805042348
53	0	-0.00019570781805042348
0	51	-8.583427144171862e-09
51	0	-8.583427144171862e-09
0	46	-1.5976403194389498e-08
46	0	-1.5976403194389498e-08
35	40	-0.0001506892390522255
40	35	-0.0001506892390522255
0	49	-1.4716929185112952e-08
49	0	-1.4716929185112952e-08
1	4	-1.3116832098458593e-05
4	1	-1.3116832098458593e-05
1	6	-0.00014685933755325154
6	1	-0.00014685933755325154
1	8	-2.5096350588960182e-09
8	1	-2.5096350588960182e-09
1	52	-3.253873942948834e-09
52	1	-3.253873942948834e-09
1	39	-3.6925215031885497e-09
39	1	-3.6925215031885497e-09
1	10	-5.666821731341741e-09
10	1	-5.666821731341741e-09
1	49	-6.421232901162238e-09
49	1	-6.421232901162238e-09
1	40	-6.859636759806336e-09
40	1	-6.859636759806336e-09
1	12	-5.5565063517838294e-09
12	1	-5.5565063517838294e-09
1	50	-6.296231397369526e-09
50	1	-6.296231397369526e-09
1	16	-4.1483897911972245e-09
16	1	-4.1483897911972245e-09
1	30	-5.128508596035026e-09
30	1	-5.128508596035026e-09
1	41	-5.128505637727e-09
41	1	-5.128505637727e-09
1	21	-2.9196908709871547e-09
21	1	-2.9196908709871547e-09
1	22	-3.1803803534645987e-09
22	1	-3.1803803534645987e-09
1	51	-3.927685604830998e-09
51	1	-3.927685604830998e-09
1	42	-1.0667306494357755e-08
42	1	-1.0667306494357755e-08
1	45	-6.962227199713835e-09
45	1	-6.962227199713835e-09
1	24	-7.2169496521178494e-09
24	1	-7.2169496521178494e-09
1	46	-7.947140610695985e-09
46	1	-7.947140610695985e-09
1	43	-1.0483712402901968e-09
43	1	-1.0483712402901968e-09
2	5	-4.398957703800902e-05
5	2	-4.398957703800902e-05
2	6	-0.0001807671137174453
6	2	-0.0001807671137174453
2	52	-4.352670843673362e-05
52	2	-4.352670843673362e-05
2	49	-4.413531139177556e-05
49	2	-4.413531139177556e-05
2	40	-6.8579518268006804e-09
40	2	-6.8579518268006804e-09
2	50	-4.327631107530157e-05
50	2	-4.327631107530157e-05
2	15	-4.421150051077323e-05
15	2	-4.421150051077323e-05
2	53	-4.330685858255094e-05
53	2	-4.330685858255094e-05
2	51	-4.3712462123261645e-05
51	2	-4.3712462123261645e-05
2	46	-4.272068917786689e-05
46	2	-4.272068917786689e-05
2	43	-0.0001975398302934297
43	2	-0.0001975398302934297
2	54	-4.401742077287743e-05
54	2	-4.401742077287743e-05
37	40	-0.00015163621386924517
40	37	-0.00015163621386924517
4	6	-0.00017794900244556526
6	4	-0.00017794900244556526
4	39	-3.850839413859256e-09
39	4	-3.850839413859256e-09
4	49	-1.0138500064560881e-08
49	4	-1.0138500064560881e-08
4	40	-1.86827923520816e-08
40	4	-1.86827923520816e-08
4	50	-9.941175643606364e-09
50	4	-9.941175643606364e-09
4	51	-4.048372036201199e-09
51	4	-4.048372036201199e-09
4	42	-1.0823769667768895e-08
42	4	-1.0823769667768895e-08
4	46	-1.1544874938480265e-08
46	4	-1.1544874938480265e-08
4	43	-2.103087936518199e-08
43	4	-2.103087936518199e-08
5	7	-0.00013916661354411366
7	5	-0.00013916661354411366
5	8	-0.00014567851007753335
8	5	-0.00014567851007753335
5	39	-3.6913371896165644e-09
39	5	-3.6913371896165644e-09
5	47	-8.998302201159179e-09
47	5	-8.998302201159179e-09
5	10	-9.261425252852915e-09
10	5	-9.261425252852915e-09
5	49	-1.0015715461702876e-08
49	5	-1.0015715461702876e-08
5	40	-1.8523305100295535e-08
40	5	-1.8523305100295535e-08
5	48	-8.823170367570128e-09
48	5	-8.823170367570128e-09
5	12	-9.081172034916573e-09
12	5	-9.081172034916573e-09
5	50	-9.820780782870647e-09
50	5	-9.820780782870647e-09
5	21	-2.918978353655621e-09
21	5	-2.918978353655621e-09
5	22	-3.17960841146206e-09
22	5	-3.17960841146206e-09
5	51	-3.926747125242365e-09
51	5	-3.926747125242365e-09
5	42	-1.0664261483191248e-08
42	5	-1.0664261483191248e-08
5	45	-1.0441251629220238e-08
45	5	-1.0441251629220238e-08
5	24	-1.069594020012334e-08
24	5	-1.069594020012334e-08
5	46	-1.1426030637642967e-08
46	5	-1.1426030637642967e-08
5	43	-2.0871381905207694e-08
43	5	-2.0871381905207694e-08
6	7	-0.00015414653506222301
7	6	-0.00015414653506222301
6	8	-0.00016135937341293965
8	6	-0.00016135937341293965
6	47	-3.981704872637687e-09
47	6	-3.981704872637687e-09
6	10	-4.244819907557588e-09
10	6	-4.244819907557588e-09
6	49	-4.999087402075869e-09
49	6	-4.999087402075869e-09
6	40	-1.2007111670179271e-08
40	6	-1.2007111670179271e-08
6	48	-3.904209889743507e-09
48	6	-3.904209889743507e-09
6	12	-4.162203849336764e-09
12	6	-4.162203849336764e-09
6	50	-4.901790758525631e-09
50	6	-4.901790758525631e-09
6	42	-4.14721279901882e-09
42	6	-4.14721279901882e-09
6	45	-5.585645180509687e-09
45	6	-5.585645180509687e-09
6	24	-5.840322902924492e-09
24	6	-5.840322902924492e-09
6	46	-6.57039206057627e-09
46	6	-6.57039206057627e-09
6	43	-1.4354771397686517e-08
43	6	-1.4354771397686517e-08
7	40	-0.00015002020811759315
40	7	-0.00015002020811759315
7	43	-1.0481261655453665e-09
43	7	-1.0481261655453665e-09
8	40	-9.113557244917821e-10
40	8	-9.113557244917821e-10
8	43	-0.000150009837746926
43	8	-0.000150009837746926
52	40	-0.00015002221061952476
40	52	-0.00015002221061952476
39	40	-0.0001975537328374429
40	39	-0.0001975537328374429
47	40	-0.00015209036791260236
40	47	-0.00015209036791260236
10	40	-0.00015209087416503484
40	10	-0.00015209087416503484
40	48	-0.0001491297199820013
48	40	-0.0001491297199820013
40	12	-0.00014913021173947885
12	40	-0.00014913021173947885
40	14	-0.0001523930700576519
14	40	-0.0001523930700576519
40	15	-0.00015239357785259703
15	40	-0.00015239357785259703
40	16	-0.00019755931626271254
16	40	-0.00019755931626271254
40	30	-0.00019755815399867682
30	40	-0.00019755815399867682
40	18	-0.00014927093059764187
18	40	-0.00014927093059764187
40	19	-0.00014927155319575944
19	40	-0.00014927155319575944
40	53	-0.0001492729572137799
53	40	-0.0001492729572137799
40	41	-0.0001975582679461313
41	40	-0.0001975582679461313
40	21	-0.00015064753651191954
21	40	-0.00015064753651191954
40	22	-0.00015064812845272635
22	40	-0.00015064812845272635
40	51	-0.00015064955151025198
51	40	-0.00015064955151025198
40	42	-0.0001975463490423925
42	40	-0.0001975463490423925
40	45	-0.0001472103757512628
45	40	-0.0001472103757512628
40	24	-0.00014721095942355956
24	40	-0.00014721095942355956
40	46	-0.00014721233487469815
46	40	-0.00014721233487469815
40	43	-0.00019755728817617905
43	40	-0.00019755728817617905
40	44	-0.00015172244565720566
44	40	-0.00015172244565720566
40	26	-0.00015172295015051284
26	40	-0.00015172295015051284
40	54	-0.00015172438830862684
54	40	-0.00015172438830862684
40	34	-0.00015172487936646726
34	40	-0.00015172487936646726
40	27	-0.00019756346395005564
27	40	-0.00019756346395005564
35	9	-0.00012107383234872907
9	35	-0.00012107383234872907
35	11	-0.0001506279665577872
11	35	-0.0001506279665577872
35	13	-0.00015063437318531625
13	35	-0.00015063437318531625
0	9	-2.139499815665782e-07
9	0	-2.139499815665782e-07
0	11	-2.794483792538439e-08
11	0	-2.794483792538439e-08
0	13	-2.5596250477485615e-08
13	0	-2.5596250477485615e-08
0	20	-2.0972322905882627e-07
20	0	-2.0972322905882627e-07
0	23	-2.1756196154031175e-07
23	0	-2.1756196154031175e-07
0	25	-1.985536791952273e-07
25	0	-1.985536791952273e-07
1	38	-1.8803861276650457e-07
38	1	-1.8803861276650457e-07
1	17	-1.9198711289573358e-07
17	1	-1.9198711289573358e-07
36	5	-1.9825236251325393e-07
5	36	-1.9825236251325393e-07
37	9	-0.0001218345519035593
9	37	-0.0001218345519035593
37	11	-0.0001515745441677737
11	37	-0.0001515745441677737
37	13	-0.00015158099968899742
13	37	-0.00015158099968899742
4	9	-0.00012183500840238648
9	4	-0.00012183500840238648
4	11	-2.199511633100651e-08
11	4	-2.199511633100651e-08
4	13	-1.9646793766128063e-08
13	4	-1.9646793766128063e-08
5	9	-1.94613793427028e-07
9	5	-1.94613793427028e-07
5	11	-2.183556626435672e-08
11	5	-2.183556626435672e-08
5	13	-1.9487249037168783e-08
13	5	-1.9487249037168783e-08
5	17	-2.0774194412089756e-07
17	5	-2.0774194412089756e-07
5	20	-1.9076937684926307e-07
20	5	-1.9076937684926307e-07
5	23	-1.9789903678154075e-07
23	5	-1.9789903678154075e-07
5	25	-1.806101171036531e-07
25	5	-1.806101171036531e-07
7	9	-0.00012053800024166426
9	7	-0.00012053800024166426
7	11	-2.005772266454478e-09
11	7	-2.005772266454478e-09
7	13	-0.00014996559129170316
13	7	-0.00014996559129170316
8	9	-0.00012053852370427277
9	8	-0.00012053852370427277
8	11	-4.4763917350708334e-05
11	8	-4.4763917350708334e-05
8	13	-1.8689525392372406e-09
13	8	-1.8689525392372406e-09
52	11	-0.00014996122156111152
11	52	-0.00014996122156111152
52	13	-0.00014996759342266968
13	52	-0.00014996759342266968
9	47	-4.8037849962727866e-05
47	9	-4.8037849962727866e-05
9	10	-4.8038189845623024e-05
10	9	-4.8038189845623024e-05
9	49	-4.803916162357668e-05
49	9	-4.803916162357668e-05
9	48	-4.71028808399983e-05
48	9	-4.71028808399983e-05
9	12	-4.7103212642603944e-05
12	9	-4.7103212642603944e-05
9	50	-4.7104161355448454e-05
50	9	-4.7104161355448454e-05
9	14	-0.0001224434741956532
14	9	-0.0001224434741956532
9	15	-0.00012244393393344438
15	9	-0.00012244393393344438
9	18	-0.00011993539004162829
18	9	-0.00011993539004162829
9	19	-0.0001199359409447401
19	9	-0.0001199359409447401
9	53	-0.00011993721432441304
53	9	-0.00011993721432441304
9	21	-0.00012104299550328178
21	9	-0.00012104299550328178
9	22	-0.00012104352224611618
22	9	-0.00012104352224611618
9	51	-0.00012104481225852261
51	9	-0.00012104481225852261
9	45	-4.64979357153188e-05
45	9	-4.64979357153188e-05
9	24	-4.649829427462139e-05
24	9	-4.649829427462139e-05
9	46	-4.6499228117655784e-05
46	9	-4.6499228117655784e-05
9	44	-0.0001219046073148706
44	9	-0.0001219046073148706
9	26	-0.0001219050641729299
26	9	-0.0001219050641729299
9	54	-0.0001219063673620305
54	9	-0.0001219063673620305
9	34	-0.00012190681342772678
34	9	-0.00012190681342772678
47	11	-0.00015202851569064428
11	47	-0.00015202851569064428
47	13	-0.0001520349938580513
13	47	-0.0001520349938580513
10	11	-0.00015202902183769816
11	10	-0.00015202902183769816
10	13	-0.0001520355000200888
13	10	-0.0001520355000200888
49	13	-0.00015203694292660348
13	49	-0.00015203694292660348
11	48	-0.00014906910916087955
48	11	-0.00014906910916087955
11	12	-0.00014906960081715836
12	11	-0.00014906960081715836
11	50	-0.0001490710024527697
50	11	-0.0001490710024527697
11	13	-0.0001975633241344942
13	11	-0.0001975633241344942
11	14	-0.00015233108470856077
14	11	-0.00015233108470856077
11	15	-0.000152331592397674
15	11	-0.000152331592397674
11	18	-0.0001492102546094139
18	11	-0.0001492102546094139
11	19	-0.0001492108770515865
19	11	-0.0001492108770515865
11	53	-0.00014921228078215018
53	11	-0.00014921228078215018
11	21	-0.0001505862870175762
21	11	-0.0001505862870175762
11	22	-0.00015058687881614987
22	11	-0.00015058687881614987
11	51	-0.0001505883015807695
51	11	-0.0001505883015807695
11	45	-0.00014715056962299764
45	11	-0.00014715056962299764
11	24	-0.00014715115315437779
24	11	-0.00014715115315437779
11	46	-0.00014715252832622796
46	11	-0.00014715252832622796
11	44	-0.0001516607414014338
44	11	-0.0001516607414014338
11	26	-0.000151661245789865
26	11	-0.000151661245789865
11	54	-0.00015166268365071593
54	11	-0.00015166268365071593
11	34	-0.00015166317460931815
34	11	-0.00015166317460931815
48	13	-0.00014907543468224937
13	48	-0.00014907543468224937
12	13	-0.00014907592635285093
13	12	-0.00014907592635285093
13	14	-0.00015233757918337108
14	13	-0.00015233757918337108
13	15	-0.00015233808688753953
15	13	-0.00015233808688753953
13	18	-0.00014921658801274505
18	13	-0.00014921658801274505
13	19	-0.00014921721047596206
19	13	-0.00014921721047596206
13	53	-0.0001492186142472808
53	13	-0.0001492186142472808
13	21	-0.00015059269091821187
21	13	-0.00015059269091821187
13	22	-0.00015059328273622896
22	13	-0.00015059328273622896
13	51	-0.00015059470554246572
51	13	-0.00015059470554246572
13	45	-0.0001471567966759411
45	13	-0.0001471567966759411
13	24	-0.00014715738022640204
24	13	-0.00014715738022640204
13	46	-0.0001471587554377212
46	13	-0.0001471587554377212
13	44	-0.0001516672012103863
44	13	-0.0001516672012103863
13	26	-0.0001516677056137211
26	13	-0.0001516677056137211
13	54	-0.00015166914351687907
54	13	-0.00015166914351687907
13	34	-0.00015166963448969023
34	13	-0.00015166963448969023
35	3	-0.0001506598781126762
3	35	-0.0001506598781126762
35	29	-0.00015065078409382172
29	35	-0.00015065078409382172
35	31	-0.0001506516656956368
31	35	-0.0001506516656956368
0	28	-1.0758004704240769e-08
28	0	-1.0758004704240769e-08
0	31	-6.085422304667453e-09
31	0	-6.085422304667453e-09
0	32	-1.7755895085080635e-08
32	0	-1.7755895085080635e-08
1	29	-7.818723577834847e-09
29	1	-7.818723577834847e-09
1	33	-2.0060675703406363e-09
33	1	-2.0060675703406363e-09
2	29	-7.816840460147363e-09
29	2	-7.816840460147363e-09
2	31	-0.00019750996859073362
31	2	-0.00019750996859073362
2	33	-0.00019748987465924555
33	2	-0.00019748987465924555
3	37	-0.00015160675913214819
37	3	-0.00015160675913214819
3	4	-0.00015160726321590125
4	3	-0.00015160726321590125
3	5	-0.000151608700209695
5	3	-0.000151608700209695
3	7	-0.0001495863198175042
7	3	-0.0001495863198175042
3	8	-0.00014998958545853607
8	3	-0.00014998958545853607
3	52	-0.00014999043481144858
52	3	-0.00014999043481144858
3	39	-0.0001975335348005917
39	3	-0.0001975335348005917
3	28	-0.0001975507168556857
28	3	-0.0001975507168556857
3	47	-0.00015205031312234894
47	3	-0.00015205031312234894
3	10	-0.00015205061679346573
10	3	-0.00015205061679346573
3	49	-0.0001520514792169581
49	3	-0.0001520514792169581
3	40	-1.3852607012275134e-08
40	3	-1.3852607012275134e-08
3	29	-1.4813254516314243e-08
29	3	-1.4813254516314243e-08
3	13	-1.4814867689075684e-08
13	3	-1.4814867689075684e-08
3	48	-0.0001490903675977223
48	3	-0.0001490903675977223
3	12	-0.00014909066458413195
12	3	-0.00014909066458413195
3	50	-0.00014909150815710354
50	3	-0.00014909150815710354
3	14	-0.00015236354208538497
14	3	-0.00015236354208538497
3	15	-0.00015236404988192579
15	3	-0.00015236404988192579
3	16	-0.00019752795041630796
16	3	-0.00019752795041630796
3	30	-0.00019752911283733973
30	3	-0.00019752911283733973
3	31	-0.0001975600636249915
31	3	-0.0001975600636249915
3	18	-0.00014924171316738974
18	3	-0.00014924171316738974
3	19	-0.000149242335752917
19	3	-0.000149242335752917
3	53	-0.00014924373977347042
53	3	-0.00014924373977347042
3	41	-0.00019752899889545017
41	3	-0.00019752899889545017
3	21	-0.00015061239261277102
21	3	-0.00015061239261277102
3	22	-0.00015061278578344995
22	3	-0.00015061278578344995
3	51	-0.00015061363907382626
51	3	-0.00015061363907382626
3	42	-0.00019754091977846797
42	3	-0.00019754091977846797
3	32	-0.00019753672032564958
32	3	-0.00019753672032564958
3	24	-0.00014717058446468795
24	3	-0.00014717058446468795
3	46	-0.00014717141584358055
46	3	-0.00014717141584358055
3	43	-0.0001975276365426037
43	3	-0.0001975276365426037
3	33	-0.00019753995915204364
33	3	-0.00019753995915204364
3	11	-1.9032211690922983e-07
11	3	-1.9032211690922983e-07
3	44	-0.0001516929832102106
44	3	-0.0001516929832102106
3	26	-0.00015169348770489445
26	3	-0.00015169348770489445
3	54	-0.00015169492586774878
54	3	-0.00015169492586774878
3	34	-0.00015169541692828826
34	3	-0.00015169541692828826
9	6	-0.00015872066402525196
6	9	-0.00015872066402525196
9	39	-0.00015874000868509923
39	9	-0.00015874000868509923
9	40	-7.56425251328182e-09
40	9	-7.56425251328182e-09
9	29	-8.523318752463893e-09
29	9	-8.523318752463893e-09
9	16	-0.00015872987269763026
16	9	-0.00015872987269763026
9	30	-0.00015873178607716807
30	9	-0.00015873178607716807
9	41	-0.00015873169454650165
41	9	-0.00015873169454650165
9	42	-0.00015875291332367172
42	9	-0.00015875291332367172
9	43	-6.241123672522721e-05
43	9	-6.241123672522721e-05
9	33	-6.242767325687086e-05
33	9	-6.242767325687086e-05
9	27	-0.00015872141450439325
27	9	-0.00015872141450439325
37	29	-0.0001515975137280209
29	37	-0.0001515975137280209
37	31	-0.000151598472631388
31	37	-0.000151598472631388
4	28	-4.8090579684723655e-09
28	4	-4.8090579684723655e-09
4	29	-1.964465445086597e-08
29	4	-1.964465445086597e-08
4	31	-1.367472296781929e-10
31	4	-1.367472296781929e-10
4	32	-1.1806541485114278e-08
32	4	-1.1806541485114278e-08
4	33	-2.1993317419051335e-08
33	4	-2.1993317419051335e-08
5	28	-4.649515760987499e-09
28	5	-4.649515760987499e-09
5	29	-1.9485127094536434e-08
29	5	-1.9485127094536434e-08
5	31	-0.0001516004136122397
31	5	-0.0001516004136122397
5	32	-1.164699362720733e-08
32	5	-1.164699362720733e-08
5	33	-2.1833780401503813e-08
33	5	-2.1833780401503813e-08
6	29	-1.2967295107358165e-08
29	6	-1.2967295107358165e-08
6	13	-1.2968707253975487e-08
13	6	-1.2968707253975487e-08
6	31	-0.00019750969516651234
31	6	-0.00019750969516651234
6	32	-5.128324004151956e-09
32	6	-5.128324004151956e-09
6	33	-1.5315553684562174e-08
33	6	-1.5315553684562174e-08
6	11	-1.5316806398379664e-08
11	6	-1.5316806398379664e-08
7	29	-0.00014998192844585875
29	7	-0.00014998192844585875
7	31	-0.0001499827559299245
31	7	-0.0001499827559299245
7	33	-2.0056082205974254e-09
33	7	-2.0056082205974254e-09
8	29	-1.8687490312888746e-09
29	8	-1.8687490312888746e-09
8	31	-0.00014998334401270715
31	8	-0.00014998334401270715
8	33	-0.00014997207756055757
33	8	-0.00014997207756055757
52	29	-0.00014998393068558577
29	52	-0.00014998393068558577
52	31	-0.00014998475832530325
31	52	-0.00014998475832530325
39	29	-0.0001975253557424388
29	39	-0.0001975253557424388
39	13	-0.00019750384054713986
13	39	-0.00019750384054713986
39	31	-0.0001975274261847716
31	39	-0.0001975274261847716
39	11	-0.0001974948843992507
11	39	-0.0001974948843992507
28	40	-0.0001975042112737251
40	28	-0.0001975042112737251
28	29	-0.00019755388782726778
29	28	-0.00019755388782726778
28	13	-0.0001975543192617834
13	28	-0.0001975543192617834
28	31	-0.00019756293613560852
31	28	-0.00019756293613560852
28	11	-0.00019754536026837203
11	28	-0.00019754536026837203
47	29	-0.00015205155520738096
29	47	-0.00015205155520738096
47	31	-0.0001520456112405551
31	47	-0.0001520456112405551
10	29	-0.00015205206139588925
29	10	-0.00015205206139588925
10	31	-0.00015204591491041927
31	10	-0.00015204591491041927
49	29	-0.0001520535043774049
29	49	-0.0001520535043774049
49	31	-0.00015204677733057144
31	49	-0.00015204677733057144
40	13	-6.391580599369606e-05
13	40	-6.391580599369606e-05
40	31	-0.00019750888311935886
31	40	-0.00019750888311935886
40	32	-0.00019749721490001994
32	40	-0.00019749721490001994
40	33	-0.00019750733452027553
33	40	-0.00019750733452027553
40	11	-5.896443107946161e-05
11	40	-5.896443107946161e-05
29	48	-0.00014909167364334376
48	29	-0.00014909167364334376
29	12	-0.00014909216533939555
12	29	-0.00014909216533939555
29	50	-0.00014909356708777492
50	29	-0.00014909356708777492
29	14	-0.00015235417513296434
14	29	-0.00015235417513296434
29	15	-0.00015235468286371428
15	29	-0.00015235468286371428
29	16	-0.00019751412116668306
16	29	-0.00019751412116668306
29	30	-0.00019751626317948418
30	29	-0.00019751626317948418
29	31	-0.00019755856082532452
31	29	-0.00019755856082532452
29	18	-0.0001492328439555427
18	29	-0.0001492328439555427
29	19	-0.00014923346645843186
19	29	-0.00014923346645843186
29	53	-0.000149234870302011
53	29	-0.000149234870302011
29	41	-0.00019751614925680913
41	29	-0.00019751614925680913
29	21	-0.00015060909580888828
21	29	-0.00015060909580888828
29	22	-0.00015060968766297895
22	29	-0.00015060968766297895
29	51	-0.0001506111105428064
51	29	-0.0001506111105428064
29	42	-0.00019753971318297236
42	29	-0.00019753971318297236
29	32	-0.00019754688972773896
32	29	-0.00019754688972773896
29	45	-0.000147172826448886
45	29	-0.000147172826448886
29	24	-0.0001471734100351674
24	29	-0.0001471734100351674
29	46	-0.00014717478531675024
46	29	-0.00014717478531675024
29	43	-0.00019753524862943536
43	29	-0.00019753524862943536
29	33	-0.00019755796832251785
33	29	-0.00019755796832251785
29	11	-5.898021583719685e-05
11	29	-5.898021583719685e-05
29	44	-0.00015168372420589065
44	29	-0.00015168372420589065
29	26	-0.00015168422863557374
26	29	-0.00015168422863557374
29	54	-0.00015168566661338573
54	29	-0.00015168566661338573
29	34	-0.0001516861576110817
34	29	-0.0001516861576110817
29	27	-0.00019750484669582832
27	29	-0.00019750484669582832
13	16	-0.00019749260657944405
16	13	-0.00019749260657944405
13	30	-0.00019749474846567224
30	13	-0.00019749474846567224
13	31	-6.391776594427597e-05
31	13	-6.391776594427597e-05
13	41	-0.00019749463455540637
41	13	-0.00019749463455540637
13	42	-0.00019751819718349242
42	13	-0.00019751819718349242
13	32	-0.00019756840789180233
32	13	-0.00019756840789180233
13	43	-0.00019751373422833028
43	13	-0.00019751373422833028
13	33	-0.00019756273186585105
33	13	-0.00019756273186585105
13	27	-0.00019748333256026872
27	13	-0.00019748333256026872
48	31	-0.00014908575724690713
31	48	-0.00014908575724690713
12	31	-0.00014908605423211247
31	12	-0.00014908605423211247
50	31	-0.00014908689780187266
31	50	-0.00014908689780187266
14	31	-0.00015235519643138907
31	14	-0.00015235519643138907
15	31	-0.00015235570420245125
31	15	-0.00015235570420245125
16	31	-0.00019751990487721656
31	16	-0.00019751990487721656
16	11	-0.00019748365081814458
11	16	-0.00019748365081814458
30	11	-0.00019748579262623685
11	30	-0.00019748579262623685
31	18	-0.00014923361143372106
18	31	-0.00014923361143372106
31	19	-0.0001492342339849309
19	31	-0.0001492342339849309
31	53	-0.0001492356379366692
53	31	-0.0001492356379366692
31	21	-0.0001506077350106673
21	31	-0.0001506077350106673
31	22	-0.00015060812817724922
22	31	-0.00015060812817724922
31	51	-0.00015060898146434796
51	31	-0.00015060898146434796
31	42	-0.00019753481114996262
42	31	-0.00019753481114996262
31	32	-0.00019754893873988178
32	31	-0.00019754893873988178
31	45	-0.00014716563968981072
45	31	-0.00014716563968981072
31	24	-0.0001471660335411426
24	31	-0.0001471660335411426
31	46	-0.00014716686491690603
46	31	-0.00014716686491690603
31	43	-0.000197521528640595
43	31	-0.000197521528640595
31	33	-0.0001975705281739085
33	31	-0.0001975705281739085
31	11	-5.8964801984372595e-05
11	31	-5.8964801984372595e-05
31	44	-0.00015168469016755355
44	31	-0.00015168469016755355
31	26	-0.00015168519463703306
26	31	-0.00015168519463703306
31	54	-0.00015168663272826664
54	31	-0.00015168663272826664
31	34	-0.00015168712376465525
34	31	-0.00015168712376465525
31	27	-0.00019751062936906055
27	31	-0.00019751062936906055
41	11	-0.00019748567872248984
11	41	-0.00019748567872248984
42	11	-0.00019750924053026222
11	42	-0.00019750924053026222
32	11	-0.00019755935714646592
11	32	-0.00019755935714646592
43	11	-0.00019750616804317642
11	43	-0.00019750616804317642
11	27	-0.00019747437709717104
27	11	-0.00019747437709717104
36	3	-6.125177922024227e-05
3	36	-6.125177922024227e-05
36	40	-6.125867391923194e-05
40	36	-6.125867391923194e-05
36	29	-6.127503560170409e-05
29	36	-6.127503560170409e-05
36	31	-6.125978111592271e-05
31	36	-6.125978111592271e-05
3	38	-5.967925898756021e-05
38	3	-5.967925898756021e-05
3	17	-5.8450474716576654e-05
17	3	-5.8450474716576654e-05
3	20	-6.365727000909434e-05
20	3	-6.365727000909434e-05
3	23	-6.136126785304955e-05
23	3	-6.136126785304955e-05
3	25	-6.724208829682511e-05
25	3	-6.724208829682511e-05
38	40	-5.968660959285738e-05
40	38	-5.968660959285738e-05
38	29	-5.970257595414462e-05
29	38	-5.970257595414462e-05
38	31	-5.968721226665252e-05
31	38	-5.968721226665252e-05
40	17	-5.8458181571979886e-05
17	40	-5.8458181571979886e-05
40	20	-6.366346730629519e-05
20	40	-6.366346730629519e-05
40	23	-6.136813080900835e-05
23	40	-6.136813080900835e-05
40	25	-6.724724628067747e-05
25	40	-6.724724628067747e-05
29	17	-5.847383902502931e-05
17	29	-5.847383902502931e-05
29	20	-6.368043371324032e-05
20	29	-6.368043371324032e-05
29	23	-6.138452001619857e-05
23	29	-6.138452001619857e-05
29	25	-6.726511388722802e-05
25	29	-6.726511388722802e-05
17	31	-5.845839000614261e-05
31	17	-5.845839000614261e-05
31	20	-6.366534627377338e-05
20	31	-6.366534627377338e-05
31	23	-6.136927313371904e-05
23	31	-6.136927313371904e-05
31	25	-6.725027539100612e-05
25	31	-6.725027539100612e-05
0	55	-0.00010656966521102848
55	0	-0.00010656966521102848
4	55	-0.00013227296945050485
55	4	-0.00013227296945050485
7	55	-0.00018823215623684964
55	7	-0.00018823215623684964
5	55	-0.00013258758405674119
55	5	-0.00013258758405674119
6	55	-0.00014685933755325154
55	6	-0.00014685933755325154
