11	9	-1.9233257428520928e-07
9	11	-1.9233257428520928e-07
1	9	-1.6179041902620065e-05
9	1	-1.6179041902620065e-05
9	0	-4.659464400908048e-10
0	9	-4.659464400908048e-10
1	0	-1.3116832098458593e-05
0	1	-1.3116832098458593e-05
0	31	-1.5731273893734387e-09
31	0	-1.5731273893734387e-09
2	31	-5.955638708302409e-05
31	2	-5.955638708302409e-05
0	2	-1.6526305425076604e-07
2	0	-1.6526305425076604e-07
19	2	-5.953850427661126e-05
2	19	-5.953850427661126e-05
0	34	-6.154223095166611e-10
34	0	-6.154223095166611e-10
31	34	-0.00019752245731081004
34	31	-0.00019752245731081004
2	52	-4.572493195293656e-05
52	2	-4.572493195293656e-05
34	52	-0.00015172646653896531
52	34	-0.00015172646653896531
52	0	-0.0001975706380048651
0	52	-0.0001975706380048651
4	3	-0.00017636028595564816
3	4	-0.00017636028595564816
1	3	-8.155687550860227e-09
3	1	-8.155687550860227e-09
3	0	-5.128979097274521e-09
0	3	-5.128979097274521e-09
0	50	-9.301970650208186e-09
50	0	-9.301970650208186e-09
2	50	-7.3619940148492525e-09
50	2	-7.3619940148492525e-09
0	49	-8.319587330001239e-09
49	0	-8.319587330001239e-09
50	49	-0.00019752216106719013
49	50	-0.00019752216106719013
19	48	-4.403431128085902e-05
48	19	-4.403431128085902e-05
49	48	-0.00015173332852189874
48	49	-0.00015173332852189874
0	5	-6.1442778761236925e-09
5	0	-6.1442778761236925e-09
48	5	-0.00019757172332164185
5	48	-0.00019757172332164185
0	4	-5.391556252065417e-09
4	0	-5.391556252065417e-09
5	4	-0.00017981809211013331
4	5	-0.00017981809211013331
3	2	-3.6402285316140058e-09
2	3	-3.6402285316140058e-09
0	8	-1.016794698117584e-08
8	0	-1.016794698117584e-08
19	8	-6.372900492090294e-05
8	19	-6.372900492090294e-05
8	53	-4.813665424552051e-05
53	8	-4.813665424552051e-05
34	53	-0.00014922491507387355
53	34	-0.00014922491507387355
0	7	-1.1130832872283525e-06
7	0	-1.1130832872283525e-06
53	7	-0.00019757066513471875
7	53	-0.00019757066513471875
0	6	-0.00011529487701907426
6	0	-0.00011529487701907426
7	6	-0.00015979296798674416
6	7	-0.00015979296798674416
13	7	-1.8635604622422483e-07
7	13	-1.8635604622422483e-07
1	7	-1.676581701387706e-05
7	1	-1.676581701387706e-05
0	32	-2.3254926625520464e-09
32	0	-2.3254926625520464e-09
2	32	-5.955944233005482e-05
32	2	-5.955944233005482e-05
0	11	-1.558742760953687e-07
11	0	-1.558742760953687e-07
19	11	-6.312854885898919e-05
11	19	-6.312854885898919e-05
0	35	-1.3676022922760106e-09
35	0	-1.3676022922760106e-09
32	35	-0.00019752204713557943
35	32	-0.00019752204713557943
11	51	-4.779808332071327e-05
51	11	-4.779808332071327e-05
35	51	-0.000149578339447313
51	35	-0.000149578339447313
0	10	-7.248057634026322e-10
10	0	-7.248057634026322e-10
51	10	-0.0001975706613047977
10	51	-0.0001975706613047977
10	9	-0.00019710346789510673
9	10	-0.00019710346789510673
2	8	-1.7550507331476697e-08
8	2	-1.7550507331476697e-08
8	33	-6.376925764382083e-05
33	8	-6.376925764382083e-05
1	33	-2.3429807345608795e-08
33	1	-2.3429807345608795e-08
0	13	-1.5702080056318189e-07
13	0	-1.5702080056318189e-07
19	13	-6.266713282780545e-05
13	19	-6.266713282780545e-05
0	36	-9.207447116593162e-09
36	0	-9.207447116593162e-09
33	36	-0.00019752259997444965
36	33	-0.00019752259997444965
13	47	-5.012298686700899e-09
47	13	-5.012298686700899e-09
36	47	-0.0001498552422494598
47	36	-0.0001498552422494598
0	12	-2.039890708772454e-09
12	0	-2.039890708772454e-09
47	12	-0.0001975706584914632
12	47	-0.0001975706584914632
0	46	-1.7805821004338776e-09
46	0	-1.7805821004338776e-09
12	46	-0.00019757171300602096
46	12	-0.00019757171300602096
0	16	-1.5740982779150664e-07
16	0	-1.5740982779150664e-07
19	16	-6.25120970413277e-05
16	19	-6.25120970413277e-05
0	37	-6.154202505314237e-10
37	0	-6.154202505314237e-10
31	37	-0.00019752179647377708
37	31	-0.00019752179647377708
16	54	-4.7444408190630326e-05
54	16	-4.7444408190630326e-05
37	54	-0.00014994293731390457
54	37	-0.00014994293731390457
0	15	-0.00019524914047698184
15	0	-0.00019524914047698184
54	15	-0.00019757065735305827
15	54	-0.00019757065735305827
1	14	-0.00019524900432009592
14	1	-0.00019524900432009592
15	14	-0.00019757157421251996
14	15	-0.00019757157421251996
14	0	-0.00019524843649519833
0	14	-0.00019524843649519833
2	1	-2.0922242242898626e-07
1	2	-2.0922242242898626e-07
0	20	-4.49139269139954e-09
20	0	-4.49139269139954e-09
2	20	-5.955431074298531e-05
20	2	-5.955431074298531e-05
0	39	-1.5810869905522625e-07
39	0	-1.5810869905522625e-07
19	39	-6.22354980683628e-05
39	19	-6.22354980683628e-05
0	19	-3.5329725883796866e-09
19	0	-3.5329725883796866e-09
20	19	-0.00019752204713557937
19	20	-0.00019752204713557937
39	18	-4.72846880742517e-05
18	39	-4.72846880742517e-05
19	18	-4.3547145980843016e-05
18	19	-4.3547145980843016e-05
0	17	-0.00019546064454337812
17	0	-0.00019546064454337812
18	17	-0.0001975706555711842
17	18	-0.0001975706555711842
0	38	-0.00019546007637642618
38	0	-0.00019546007637642618
17	38	-0.0001975717119808121
38	17	-0.0001975717119808121
10	6	-7.246205675285577e-10
6	10	-7.246205675285577e-10
0	24	-0.00015169522686491352
24	0	-0.00015169522686491352
2	24	-5.954843784844409e-05
24	2	-5.954843784844409e-05
0	41	-1.6012273681474639e-07
41	0	-1.6012273681474639e-07
19	41	-6.145188832454017e-05
41	19	-6.145188832454017e-05
0	23	-0.00015173384750694036
23	0	-0.00015173384750694036
24	23	-0.00019752177368637206
23	24	-0.00019752177368637206
41	22	-4.6830174909822056e-05
22	41	-4.6830174909822056e-05
23	22	-0.00015057402464264784
22	23	-0.00015057402464264784
0	21	-0.00019606163848919227
21	0	-0.00019606163848919227
22	21	-0.00019757065050866266
21	22	-0.00019757065050866266
0	40	-0.0001960610676140983
40	0	-0.0001960610676140983
21	40	-0.00019757171020353615
40	21	-0.00019757171020353615
0	43	-1.5565981197193768e-07
43	0	-1.5565981197193768e-07
19	43	-6.321561407652761e-05
43	19	-6.321561407652761e-05
0	27	-0.00015173342738388727
27	0	-0.00015173342738388727
24	27	-0.00019752232058554387
27	24	-0.00019752232058554387
43	26	-4.78396799619332e-05
26	43	-4.78396799619332e-05
27	26	-0.0001495269355527651
26	27	-0.0001495269355527651
0	25	-0.00019469877248648159
25	0	-0.00019469877248648159
26	25	-0.00019757066186003758
25	26	-0.00019757066186003758
0	42	-0.00019469820772162043
42	0	-0.00019469820772162043
25	42	-0.00019757171418861077
42	25	-0.00019757171418861077
0	45	-1.5414815611249137e-07
45	0	-1.5414815611249137e-07
19	45	-6.383616737002182e-05
45	19	-6.383616737002182e-05
0	30	-3.5329750339174256e-09
30	0	-3.5329750339174256e-09
20	30	-0.00019752218386046697
30	20	-0.00019752218386046697
45	29	-4.819571872058711e-05
29	45	-4.819571872058711e-05
30	29	-0.00014916205221146952
29	30	-0.00014916205221146952
0	28	-0.00019423028253168204
28	0	-0.00019423028253168204
29	28	-0.00019757066581839168
28	29	-0.00019757066581839168
0	44	-0.00019422970295219935
44	0	-0.00019422970295219935
28	44	-0.00019757169836906693
44	28	-0.00019757169836906693
1	6	-0.00018439192225336933
6	1	-0.00018439192225336933
1	46	-1.1839575391815332e-08
46	1	-1.1839575391815332e-08
1	38	-0.0001954606450986641
38	1	-0.0001954606450986641
1	40	-0.00019606163888766668
40	1	-0.00019606163888766668
1	42	-0.00019469877323918079
42	1	-0.00019469877323918079
1	44	-0.00019423026648692572
44	1	-0.00019423026648692572
2	6	-2.241776713968344e-07
6	2	-2.241776713968344e-07
2	9	-2.0391626968192596e-07
9	2	-2.0391626968192596e-07
2	46	-7.3801331736574135e-09
46	2	-7.3801331736574135e-09
2	14	-4.518611025727817e-05
14	2	-4.518611025727817e-05
2	38	-4.5234132047999956e-05
38	2	-4.5234132047999956e-05
2	40	-4.537053587358114e-05
40	2	-4.537053587358114e-05
2	42	-4.505523951924681e-05
42	2	-4.505523951924681e-05
2	44	-4.4949469317913335e-05
44	2	-4.4949469317913335e-05
3	6	-1.1620979686204274e-08
6	3	-1.1620979686204274e-08
3	9	-6.930435089034352e-09
9	3	-6.930435089034352e-09
3	46	-1.7802194774864445e-09
46	3	-1.7802194774864445e-09
3	14	-0.00019522471230703676
14	3	-0.00019522471230703676
3	38	-0.0001954363128943866
38	3	-0.0001954363128943866
3	40	-0.00019603719239612944
40	3	-0.00019603719239612944
3	42	-0.0001946745846033725
42	3	-0.0001946745846033725
3	44	-0.0001942061666316119
44	3	-0.0001942061666316119
6	9	-4.658267754925889e-10
9	6	-4.658267754925889e-10
6	46	-1.5261817621858303e-08
46	6	-1.5261817621858303e-08
6	14	-0.00019662695817508605
14	6	-0.00019662695817508605
6	38	-0.00019641281895711713
38	6	-0.00019641281895711713
6	40	-0.00019580731354660355
40	6	-0.00019580731354660355
6	42	-0.00019717793883054996
42	6	-0.00019717793883054996
6	44	-0.00019748635819538289
44	6	-0.00019748635819538289
9	46	-1.0629465812176367e-08
46	9	-1.0629465812176367e-08
9	14	-0.0001970940498627438
14	9	-0.0001970940498627438
9	38	-0.00019687940386934198
38	9	-0.00019687940386934198
9	40	-0.00019627246548793479
40	9	-0.00019627246548793479
9	42	-0.00019749186020737782
42	9	-0.00019749186020737782
9	44	-0.00019701658774647597
44	9	-0.00019701658774647597
46	14	-0.00019745066799685241
14	46	-0.00019745066799685241
46	38	-0.00019723564974282143
38	46	-0.00019723564974282143
46	40	-0.0001966276587479451
40	46	-0.0001966276587479451
46	42	-0.00019712043228993883
42	46	-0.00019712043228993883
46	44	-0.00019664609546062083
44	46	-0.00019664609546062083
14	38	-0.00019735711474589673
38	14	-0.00019735711474589673
14	40	-0.00019674869824122816
40	14	-0.00019674869824122816
14	42	-0.00019701556038843876
42	14	-0.00019701556038843876
14	44	-0.00019654143816849191
44	14	-0.00019654143816849191
38	40	-0.00019696319986120216
40	38	-0.00019696319986120216
38	42	-0.00019680221294870272
42	38	-0.00019680221294870272
38	44	-0.00019632860491492935
44	38	-0.00019632860491492935
40	42	-0.00019619888476863476
42	40	-0.00019619888476863476
40	44	-0.00019572335535440196
44	40	-0.00019572335535440196
42	44	-0.00019709340149495197
44	42	-0.00019709340149495197
1	4	-8.41822310507811e-09
4	1	-8.41822310507811e-09
1	10	-0.00017750686073301334
10	1	-0.00017750686073301334
1	12	-1.2098855218632086e-08
12	1	-1.2098855218632086e-08
1	15	-0.00019524945186474507
15	1	-0.00019524945186474507
1	17	-0.0001954612132672604
17	1	-0.0001954612132672604
1	21	-0.00019606220976441772
21	1	-0.00019606220976441772
1	25	-0.0001946993380056704
25	1	-0.0001946993380056704
1	28	-0.00019423084606809833
28	1	-0.00019423084606809833
2	7	-1.9613724161628212e-07
7	2	-1.9613724161628212e-07
2	10	-4.507885254039964e-05
10	2	-4.507885254039964e-05
2	12	-7.639400466716964e-09
12	2	-7.639400466716964e-09
2	15	-4.518647251927755e-05
15	2	-4.518647251927755e-05
2	17	-4.523446310249972e-05
17	2	-4.523446310249972e-05
2	21	-4.5370868167370473e-05
21	2	-4.5370868167370473e-05
2	25	-4.505556900839289e-05
25	2	-4.505556900839289e-05
2	28	-4.4949801757093685e-05
28	2	-4.4949801757093685e-05
3	7	-5.127821921937032e-09
7	3	-5.127821921937032e-09
3	10	-7.0529427800021315e-09
10	3	-7.0529427800021315e-09
3	12	-2.039477952652944e-09
12	3	-2.039477952652944e-09
3	15	-0.00019522541619018975
15	3	-0.00019522541619018975
3	17	-0.0001954368809877924
17	3	-0.0001954368809877924
3	21	-0.00019603776319710068
21	3	-0.00019603776319710068
3	25	-0.00019467514929540853
25	3	-0.00019467514929540853
3	28	-0.0001942067461355979
28	3	-0.0001942067461355979
4	6	-1.1883520765796335e-08
6	4	-1.1883520765796335e-08
4	7	-5.3903469972387565e-09
7	4	-5.3903469972387565e-09
4	9	-7.1929630385231495e-09
9	4	-7.1929630385231495e-09
4	10	-7.315470924824031e-09
10	4	-7.315470924824031e-09
4	46	-0.00019511705092578767
46	4	-0.00019511705092578767
4	12	-0.0001951173614510719
12	4	-0.0001951173614510719
4	14	-0.00019522414455078142
14	4	-0.00019522414455078142
4	15	-0.00019522484843171757
15	4	-0.00019522484843171757
4	38	-0.0001954357442409767
38	4	-0.0001954357442409767
4	17	-0.00019543631233273848
17	4	-0.00019543631233273848
4	40	-0.00019603662119191845
40	4	-0.00019603662119191845
4	21	-0.00019603719199123292
21	4	-0.00019603719199123292
4	42	-0.00019467401915397836
42	4	-0.00019467401915397836
4	25	-0.0001946745838443862
25	4	-0.0001946745838443862
4	44	-0.00019420560316464288
44	4	-0.00019420560316464288
4	28	-0.00019420618266693934
28	4	-0.00019420618266693934
6	12	-1.552110283761659e-08
12	6	-1.552110283761659e-08
6	15	-0.00019662625353385898
15	6	-0.00019662625353385898
6	17	-0.00019641250905955132
17	6	-0.00019641250905955132
6	21	-0.00019580700364903777
21	6	-0.00019580700364903777
6	25	-0.00019717762893298416
25	6	-0.00019717762893298416
6	28	-0.00019748694316525984
28	6	-0.00019748694316525984
7	9	-0.00019065758922589618
9	7	-0.00019065758922589618
7	10	-0.00019020518138705507
10	7	-0.00019020518138705507
7	46	-8.849246334689916e-09
46	7	-8.849246334689916e-09
7	12	-9.108515941085608e-09
12	7	-9.108515941085608e-09
7	14	-0.00019662726782560466
14	7	-0.00019662726782560466
7	15	-0.00019662682019567037
15	7	-0.00019662682019567037
7	38	-0.00019641312855165518
38	7	-0.00019641312855165518
7	17	-0.00019641281865400836
17	7	-0.00019641281865400836
7	40	-0.00019580762298284954
40	7	-0.00019580762298284954
7	21	-0.00019580731308520277
21	7	-0.00019580731308520277
7	42	-0.00019717824862510667
42	7	-0.00019717824862510667
7	25	-0.00019717793872745985
25	7	-0.00019717793872745985
7	44	-0.00019748579040642888
44	7	-0.00019748579040642888
7	28	-0.00019748637537460184
28	7	-0.00019748637537460184
9	12	-1.0888738221791147e-08
12	9	-1.0888738221791147e-08
9	15	-0.00019709360117357928
15	9	-0.00019709360117357928
9	17	-0.00019687909323838192
17	9	-0.00019687909323838192
9	21	-0.00019627215485697476
21	9	-0.00019627215485697476
9	25	-0.00019749242935860107
25	9	-0.00019749242935860107
9	28	-0.000197017171933711
28	9	-0.000197017171933711
10	46	-1.0750451601908457e-08
46	10	-1.0750451601908457e-08
10	12	-1.1009724202033272e-08
12	10	-1.1009724202033272e-08
10	14	-0.00019709436036846893
14	10	-0.00019709436036846893
10	15	-0.00019709391167918683
15	10	-0.00019709391167918683
10	38	-0.00019687971431882128
38	10	-0.00019687971431882128
10	17	-0.00019687940368777983
17	10	-0.00019687940368777983
10	40	-0.00019627277577837196
40	10	-0.00019627277577837196
10	21	-0.00019627246514733053
21	10	-0.00019627246514733053
10	42	-0.00019749129103672835
42	10	-0.00019749129103672835
10	25	-0.0001974918601863116
25	10	-0.0001974918601863116
10	44	-0.00019701602057633678
44	10	-0.00019701602057633678
10	28	-0.0001970166047618699
28	10	-0.0001970166047618699
46	15	-0.0001974502185295261
15	46	-0.0001974502185295261
46	17	-0.00019723533857313394
17	46	-0.00019723533857313394
46	21	-0.00019662734757825765
21	46	-0.00019662734757825765
46	25	-0.00019712100081491424
25	46	-0.00019712100081491424
46	28	-0.0001966466789912032
28	46	-0.0001966466789912032
12	14	-0.00019745097913469818
14	12	-0.00019745097913469818
12	15	-0.00019745052966725388
15	12	-0.00019745052966725388
12	38	-0.00019723596082422607
38	12	-0.00019723596082422607
12	17	-0.00019723564965445692
17	12	-0.00019723564965445692
12	40	-0.0001966279696697555
40	12	-0.0001966279696697555
12	21	-0.00019662765849998636
21	12	-0.00019662765849998636
12	42	-0.0001971198636482517
42	12	-0.0001971198636482517
12	25	-0.00019712043217158894
25	12	-0.00019712043217158894
12	44	-0.00019664552881679055
44	12	-0.00019664552881679055
12	28	-0.00019664611234567286
28	12	-0.00019664611234567286
14	17	-0.00019735680335843342
17	14	-0.00019735680335843342
14	21	-0.0001967483868537649
21	14	-0.0001967483868537649
14	25	-0.00019701612879614622
25	14	-0.00019701612879614622
14	28	-0.00019654202157456314
28	14	-0.00019654202157456314
15	38	-0.00019735756432098073
38	15	-0.00019735756432098073
15	17	-0.00019735725293321753
17	15	-0.00019735725293321753
15	40	-0.00019674914723031344
40	15	-0.00019674914723031344
15	21	-0.0001967488358425502
21	15	-0.0001967488358425502
15	42	-0.00019701485382901158
42	15	-0.00019701485382901158
15	25	-0.00019701542223486413
25	15	-0.00019701542223486413
15	44	-0.0001965407339410948
44	15	-0.0001965407339410948
15	28	-0.00019654131734523833
28	15	-0.00019654131734523833
38	21	-0.00019696288813230844
21	38	-0.00019696288813230844
38	25	-0.00019680278102462078
25	38	-0.00019680278102462078
38	28	-0.00019632893145760618
28	38	-0.00019632893145760618
17	40	-0.00019696351143000949
40	17	-0.00019696351143000949
17	21	-0.0001969631997010338
21	17	-0.0001969631997010338
17	42	-0.0001968016446727051
42	17	-0.0001968016446727051
17	25	-0.00019680221274698595
25	17	-0.00019680221274698595
17	44	-0.000196328038635129
44	17	-0.000196328038635129
17	28	-0.00019632862169087644
28	17	-0.00019632862169087644
40	25	-0.00019619919493359066
25	40	-0.00019619919493359066
40	28	-0.00019572368168620108
28	40	-0.00019572368168620108
21	42	-0.00019619831727302116
42	21	-0.00019619831727302116
21	25	-0.00019619888440887255
25	21	-0.00019619888440887255
21	44	-0.00019572304558778016
44	21	-0.00019572304558778016
21	28	-0.00019572337191947134
28	21	-0.00019572337191947134
42	28	-0.00019709372830409503
28	42	-0.00019709372830409503
25	44	-0.00019709309172833014
44	25	-0.00019709309172833014
25	28	-0.0001970934185373653
28	25	-0.0001970934185373653
0	53	-0.00019431567014160245
53	0	-0.00019431567014160245
0	51	-1.4668698318957859e-09
51	0	-1.4668698318957859e-09
0	47	-2.783242661045335e-09
47	0	-2.783242661045335e-09
0	54	-0.00019525002111562284
54	0	-0.00019525002111562284
0	18	-0.00019546226301860126
18	0	-0.00019546226301860126
0	22	-0.00019606326466433852
22	0	-0.00019606326466433852
0	26	-0.00019470038128875116
26	0	-0.00019470038128875116
0	29	-0.00019423188535346874
29	0	-0.00019423188535346874
1	52	-0.00019757006034054332
52	1	-0.00019757006034054332
1	34	-6.152276188718726e-10
34	1	-6.152276188718726e-10
1	5	-9.170829179825022e-09
5	1	-9.170829179825022e-09
1	48	-9.415866347058447e-09
48	1	-9.415866347058447e-09
1	49	-1.2259686922172404e-08
49	1	-1.2259686922172404e-08
1	53	-0.0001943159800394653
53	1	-0.0001943159800394653
1	51	-0.0001947776030793047
51	1	-0.0001947776030793047
1	35	-2.9622360930266907e-09
35	1	-2.9622360930266907e-09
1	47	-1.284212790704064e-08
47	1	-1.284212790704064e-08
1	36	-2.2467017221691006e-08
36	1	-2.2467017221691006e-08
1	54	-0.0001952503325036042
54	1	-0.0001952503325036042
1	37	-6.15225561189159e-10
37	1	-6.15225561189159e-10
1	18	-0.00019546283174715404
18	1	-0.00019546283174715404
1	19	-4.4017150564001116e-05
19	1	-4.4017150564001116e-05
1	22	-0.00019606383594427044
22	1	-0.00019606383594427044
1	23	-0.00015173334294261555
23	1	-0.00015173334294261555
1	26	-0.0001947009468125654
26	1	-0.0001947009468125654
1	27	-0.0001517329228202325
27	1	-0.0001517329228202325
1	29	-0.00019423244889448256
29	1	-0.00019423244889448256
1	30	-0.0001517269000968572
30	1	-0.0001517269000968572
0	48	-6.389351052968497e-09
48	0	-6.389351052968497e-09
52	3	-0.00019754977319778725
3	52	-0.00019754977319778725
52	4	-0.00019754919559284519
4	52	-0.00019754919559284519
52	5	-0.00019754755030293154
5	52	-0.00019754755030293154
52	48	-0.00019754699020566735
48	52	-0.00019754699020566735
52	49	-0.00015171084554038667
49	52	-0.00015171084554038667
52	6	-0.00019431262519539966
6	52	-0.00019431262519539966
52	7	-0.00019431318822611066
7	52	-0.00019431318822611066
52	53	-0.0001943147920976577
53	52	-0.0001943147920976577
52	9	-0.000194775224260443
9	52	-0.000194775224260443
52	10	-0.0001947755341585431
10	52	-0.0001947755341585431
52	51	-0.00019477641232614707
51	52	-0.00019477641232614707
52	35	-0.00015172359404157503
35	52	-0.00015172359404157503
52	46	-0.00019512782085441457
46	52	-0.00019512782085441457
52	12	-0.00019512813138252585
12	52	-0.00019512813138252585
52	47	-0.0001951290113199507
47	52	-0.0001951290113199507
52	36	-0.00015171481864911947
36	52	-0.00015171481864911947
52	14	-0.00019524681911828784
14	52	-0.00019524681911828784
52	15	-0.0001952475230937388
15	52	-0.0001952475230937388
52	54	-0.00019524913884967575
54	52	-0.00019524913884967575
52	37	-0.0001517269741778944
37	52	-0.0001517269741778944
52	38	-0.00019545845643847832
38	52	-0.00019545845643847832
52	17	-0.00019545902460073281
17	52	-0.00019545902460073281
52	18	-0.0001954606430626139
18	52	-0.0001954606430626139
52	19	-4.401843459485984e-05
19	52	-4.401843459485984e-05
52	40	-0.00019605944039453142
40	52	-0.00019605944039453142
52	21	-0.0001960600112648917
21	52	-0.0001960600112648917
52	22	-0.00019606163742659282
22	52	-0.00019606163742659282
52	23	-0.00015173493632457408
23	52	-0.00015173493632457408
52	42	-0.00019469659693001636
42	52	-0.00019469659693001636
52	25	-0.00019469716169022547
25	52	-0.00019469716169022547
52	26	-0.00019469877047928176
26	52	-0.00019469877047928176
52	27	-0.0001517345162005904
27	52	-0.0001517345162005904
52	44	-0.00019422809781958304
44	52	-0.00019422809781958304
52	28	-0.00019422867739423856
28	52	-0.00019422867739423856
52	29	-0.00019423028020289156
29	52	-0.00019423028020289156
52	30	-0.00015172884294797323
30	52	-0.00015172884294797323
34	3	-0.00015174061902724123
3	34	-0.00015174061902724123
34	4	-0.00015174092193603132
4	34	-0.00015174092193603132
34	5	-0.0001517417822087876
5	34	-0.0001517417822087876
34	48	-0.00015174208105758774
48	34	-0.00015174208105758774
34	49	-0.00019754924069499062
49	34	-0.00019754924069499062
34	6	-5.126896823932279e-09
6	34	-5.126896823932279e-09
34	7	-0.00014922351161791205
7	34	-0.00014922351161791205
34	9	-0.00014957924959364623
9	34	-0.00014957924959364623
34	10	-0.00014957974361942594
10	34	-0.00014957974361942594
34	51	-0.00014958115199611164
51	34	-0.00014958115199611164
34	35	-0.00019756799837120415
35	34	-0.00019756799837120415
34	46	-0.00014985605419635197
46	34	-0.00014985605419635197
34	12	-0.00014985635284087565
12	34	-0.00014985635284087565
34	47	-0.00014985720108870318
47	34	-0.00014985720108870318
34	36	-0.00019757066534257394
36	34	-0.00019757066534257394
34	14	-0.00014994042141465053
14	34	-0.00014994042141465053
34	15	-0.00014994102223567576
15	34	-0.00014994102223567576
34	54	-0.0001499424356438981
54	34	-0.0001499424356438981
34	37	-0.00019757162247609683
37	34	-0.00019757162247609683
34	38	-0.00015010266021162213
38	34	-0.00015010266021162213
34	17	-0.00015010315680181414
17	34	-0.00015010315680181414
34	18	-0.00015010457247477453
18	34	-0.00015010457247477453
34	19	-0.0001975686821594128
19	34	-0.0001975686821594128
34	40	-0.00015056337892940756
40	34	-0.00015056337892940756
34	21	-0.00015056387778433961
21	34	-0.00015056387778433961
34	22	-0.00015056529990090448
22	34	-0.00015056529990090448
34	23	-0.00019755938285146904
23	34	-0.00019755938285146904
34	42	-0.00014951680866029946
42	34	-0.00014951680866029946
34	25	-0.0001495173024028546
25	34	-0.0001495173024028546
34	26	-0.00014951870997382996
26	34	-0.00014951870997382996
34	27	-0.00019755992984051167
27	34	-0.00019755992984051167
34	44	-0.00014915782409495365
44	34	-0.00014915782409495365
34	28	-0.0001491583290698024
28	34	-0.0001491583290698024
34	29	-0.00014915973163465496
29	34	-0.00014915973163465496
34	30	-0.00019756881891613943
30	34	-0.00019756881891613943
2	53	-4.497123393560627e-05
53	2	-4.497123393560627e-05
2	51	-4.5079795178585514e-05
51	2	-4.5079795178585514e-05
2	47	-8.38263745879288e-09
47	2	-8.38263745879288e-09
2	54	-4.518741792524472e-05
54	2	-4.518741792524472e-05
2	18	-4.523540975274602e-05
18	2	-4.523540975274602e-05
2	22	-4.5371818355739026e-05
22	2	-4.5371818355739026e-05
2	26	-4.50565111898389e-05
26	2	-4.50565111898389e-05
2	29	-4.4950741185814135e-05
29	2	-4.4950741185814135e-05
3	5	-0.00016051224182599315
5	3	-0.00016051224182599315
3	48	-0.00019756950019813777
48	3	-0.00019756950019813777
3	49	-0.0001517308985734851
49	3	-0.0001517308985734851
3	53	-0.0001942928462276131
53	3	-0.0001942928462276131
3	51	-0.00019475612211610678
51	3	-0.00019475612211610678
3	35	-0.00015173913109815156
35	3	-0.00015173913109815156
3	47	-2.7826899605477378e-09
47	3	-2.7826899605477378e-09
3	36	-9.205294715049934e-09
36	3	-9.205294715049934e-09
3	54	-0.00019522703175107485
54	3	-0.00019522703175107485
3	37	-0.0001517411266736365
37	3	-0.0001517411266736365
3	18	-0.0001954384992540835
18	3	-0.0001954384992540835
3	19	-4.403271185026555e-05
19	3	-4.403271185026555e-05
3	22	-0.00019603938916167767
22	3	-0.00019603938916167767
3	23	-0.00015174583553157907
23	3	-0.00015174583553157907
3	26	-0.0001946767578907932
26	3	-0.0001946767578907932
3	27	-0.00015174541541042435
27	3	-0.00015174541541042435
3	29	-0.00019420834875176374
29	3	-0.00019420834875176374
3	30	-0.00015174205444118654
30	3	-0.00015174205444118654
4	48	-0.00019757007785752294
48	4	-0.00019757007785752294
4	49	-0.00015173140312921764
49	4	-0.00015173140312921764
4	53	-0.0001942922824023042
53	4	-0.0001942922824023042
4	51	-0.00019475555634455776
51	4	-0.00019475555634455776
4	35	-0.00015173943400654616
35	4	-0.00015173943400654616
4	47	-0.00019511824138095796
47	4	-0.00019511824138095796
4	36	-3.2583097630003485e-09
36	4	-3.2583097630003485e-09
4	54	-0.00019522646398794575
54	4	-0.00019522646398794575
4	37	-0.00015174142958256152
37	4	-0.00015174142958256152
4	18	-0.00019543793059436
18	4	-0.00019543793059436
4	19	-4.403304457537885e-05
19	4	-4.403304457537885e-05
4	22	-0.0001960388179511043
22	4	-0.0001960388179511043
4	23	-0.0001517461384417557
23	4	-0.0001517461384417557
4	26	-0.00019467619243514634
26	4	-0.00019467619243514634
4	27	-0.00015174571832048933
27	4	-0.00015174571832048933
4	29	-0.00019420778527850849
29	4	-0.00019420778527850849
4	30	-0.0001517423573503582
30	4	-0.0001517423573503582
5	49	-0.00015173284146505447
49	5	-0.00015173284146505447
5	6	-1.2636142495865777e-08
6	5	-1.2636142495865777e-08
5	7	-6.142923193080915e-09
7	5	-6.142923193080915e-09
5	53	-0.0001942906764405175
53	5	-0.0001942906764405175
5	9	-7.945547377945118e-09
9	5	-7.945547377945118e-09
5	10	-8.068055817693171e-09
10	5	-8.068055817693171e-09
5	51	-0.0001947539448281326
51	5	-0.0001947539448281326
5	35	-0.0001517402942782478
35	5	-0.0001517402942782478
5	46	-0.0001951161692783399
46	5	-0.0001951161692783399
5	12	-0.0001951164798033927
12	5	-0.0001951164798033927
5	47	-0.0001951173597326616
47	5	-0.0001951173597326616
5	36	-0.0001517368139379874
36	5	-0.0001517368139379874
5	14	-0.00019522252736997226
14	5	-0.00019522252736997226
5	15	-0.00019522323124457713
15	5	-0.00019522323124457713
5	54	-0.00019522484678750188
54	5	-0.00019522484678750188
5	37	-0.00015174228985567764
37	5	-0.00015174228985567764
5	38	-0.00019543412449966134
38	5	-0.00019543412449966134
5	17	-0.00019543469258672658
17	5	-0.00019543469258672658
5	18	-0.0001954363108350086
18	5	-0.0001954363108350086
5	19	-4.4033996052898036e-05
19	5	-4.4033996052898036e-05
5	40	-0.00019603499417049727
40	5	-0.00019603499417049727
5	21	-0.00019603556496507895
21	5	-0.00019603556496507895
5	22	-0.0001960371909115078
22	5	-0.0001960371909115078
5	23	-0.0001517469987182095
23	5	-0.0001517469987182095
5	42	-0.0001946724085571147
42	5	-0.0001946724085571147
5	25	-0.0001946729732428714
25	5	-0.0001946729732428714
5	26	-0.0001946745818204208
26	5	-0.0001946745818204208
5	27	-0.00015174657859664533
27	5	-0.00015174657859664533
5	44	-0.00019420399822559826
44	5	-0.00019420399822559826
5	28	-0.00019420457772306848
28	5	-0.00019420457772306848
5	29	-0.00019420618032150641
29	5	-0.00019420618032150641
5	30	-0.0001517432176241319
30	5	-0.0001517432176241319
48	6	-1.2881185188540927e-08
6	48	-1.2881185188540927e-08
48	7	-6.38795025792756e-09
7	48	-6.38795025792756e-09
48	53	-0.0001942901295503211
53	48	-0.0001942901295503211
48	9	-8.19057731701397e-09
9	48	-8.19057731701397e-09
48	10	-8.313085952097511e-09
10	48	-8.313085952097511e-09
48	51	-0.00019475339607240505
51	48	-0.00019475339607240505
48	35	-0.0001517405931265206
35	48	-0.0001517405931265206
48	46	-0.00019511585810865246
46	48	-0.00019511585810865246
48	12	-0.00019511616863362357
12	48	-0.00019511616863362357
48	47	-0.00019511704856267466
47	48	-0.00019511704856267466
48	36	-0.00015173730098183468
36	48	-0.00015173730098183468
48	14	-0.00019522197671176648
14	48	-0.00019522197671176648
48	15	-0.00019522268058425507
15	48	-0.00019522268058425507
48	54	-0.00019522429612274072
54	48	-0.00019522429612274072
48	37	-0.00015174258870465768
37	48	-0.00015174258870465768
48	38	-0.00019543357298149606
38	48	-0.00019543357298149606
48	17	-0.00019543414106699408
17	48	-0.00019543414106699408
48	18	-0.00019543575931082498
18	48	-0.00019543575931082498
48	40	-0.00019603444020736927
40	48	-0.00019603444020736927
48	21	-0.00019603501100037168
21	48	-0.00019603501100037168
48	22	-0.00019603663694231526
22	48	-0.00019603663694231526
48	23	-0.0001517472975688584
23	48	-0.0001517472975688584
48	42	-0.00019467186010994265
42	48	-0.00019467186010994265
48	25	-0.00019467242479414721
25	48	-0.00019467242479414721
48	26	-0.00019467403336728828
26	48	-0.00019467403336728828
48	27	-0.00015174687744714532
27	48	-0.00015174687744714532
48	44	-0.00019420345167882707
44	48	-0.00019420345167882707
48	28	-0.00019420403117468622
28	48	-0.00019420403117468622
48	29	-0.00019420563376874224
29	48	-0.00019420563376874224
48	30	-0.00015174351647344076
30	48	-0.00015174351647344076
49	6	-1.6771616309886414e-08
6	49	-1.6771616309886414e-08
49	7	-8.317212481548726e-09
7	49	-8.317212481548726e-09
49	53	-0.00014920966299482937
53	49	-0.00014920966299482937
49	9	-1.0664261483191248e-08
9	49	-1.0664261483191248e-08
49	10	-1.0823769667768895e-08
10	49	-1.0823769667768895e-08
49	51	-0.00014956584778865717
51	49	-0.00014956584778865717
49	35	-0.0001975535254211958
35	49	-0.0001975535254211958
49	46	-0.00014984741059392268
46	49	-0.00014984741059392268
49	12	-0.00014984770923617748
12	49	-0.00014984770923617748
49	47	-0.0001498485574779546
47	49	-0.0001498485574779546
49	36	-0.0001975592699872316
36	49	-0.0001975592699872316
49	14	-0.000149925064093878
14	49	-0.000149925064093878
49	15	-0.00014992566485306344
15	49	-0.00014992566485306344
49	54	-0.00014992707812947552
54	49	-0.00014992707812947552
49	37	-0.0001975485798041091
37	49	-0.0001975485798041091
49	38	-0.00015008727888228833
38	49	-0.00015008727888228833
49	17	-0.00015008777542597208
17	49	-0.00015008777542597208
49	18	-0.0001500891909667699
18	49	-0.0001500891909667699
49	19	-0.0001975456398175863
19	49	-0.0001975456398175863
49	40	-0.00015054792934028453
40	49	-0.00015054792934028453
49	21	-0.0001505484281483547
21	49	-0.0001505484281483547
49	22	-0.00015054985013175285
22	49	-0.00015054985013175285
49	23	-0.0001975363416160102
23	49	-0.0001975363416160102
49	42	-0.0001495015131492782
42	49	-0.0001495015131492782
49	25	-0.0001495020068457674
25	49	-0.0001495020068457674
49	26	-0.00014950341428583664
26	49	-0.00014950341428583664
49	27	-0.000197536888509018
27	49	-0.000197536888509018
49	44	-0.00014914258163198428
44	49	-0.00014914258163198428
49	28	-0.00014914308655913442
28	49	-0.00014914308655913442
49	29	-0.00014914448899385656
29	49	-0.00014914448899385656
49	30	-0.00019754577655030234
30	49	-0.00019754577655030234
6	53	-0.00019757009699459133
53	6	-0.00019757009699459133
6	51	-1.4665005368338551e-09
51	6	-1.4665005368338551e-09
6	35	-7.473949527021187e-09
35	6	-7.473949527021187e-09
6	47	-1.6264390794784985e-08
47	6	-1.6264390794784985e-08
6	36	-2.6978649483247623e-08
36	6	-2.6978649483247623e-08
6	54	-0.00019662463873287581
54	6	-0.00019662463873287581
6	37	-5.1268796765763336e-09
37	6	-5.1268796765763336e-09
6	18	-0.0001964116310164482
18	6	-0.0001964116310164482
6	19	-3.5318264115298057e-09
19	6	-3.5318264115298057e-09
6	22	-0.00019580612560593465
22	6	-0.00019580612560593465
6	23	-0.00014923163472346332
23	6	-0.00014923163472346332
6	26	-0.00019717675088988106
26	6	-0.00019717675088988106
6	27	-0.0001492312215278611
27	6	-0.0001492312215278611
6	29	-0.00019748856045614924
29	6	-0.00019748856045614924
6	30	-3.531828855481026e-09
30	6	-3.531828855481026e-09
7	51	-0.00019710069408942674
51	7	-0.00019710069408942674
7	35	-0.00014922070895664644
35	7	-0.00014922070895664644
7	47	-9.851759487653485e-09
47	7	-9.851759487653485e-09
7	36	-1.852451634489009e-08
36	7	-1.852451634489009e-08
7	54	-0.00019662520539003107
54	7	-0.00019662520539003107
7	37	-0.0001492240108850548
37	7	-0.0001492240108850548
7	18	-0.0001964119406106757
18	7	-0.0001964119406106757
7	19	-4.329194820848209e-05
19	7	-4.329194820848209e-05
7	22	-0.00019580643504187012
22	7	-0.00019580643504187012
7	23	-0.00014923212704476158
23	7	-0.00014923212704476158
7	26	-0.0001971770606841272
26	7	-0.0001971770606841272
7	27	-0.00014923171384851128
27	7	-0.00014923171384851128
7	29	-0.0001974879926608559
29	7	-0.0001974879926608559
7	30	-0.00014922583356854035
30	7	-0.00014922583356854035
53	9	-0.00019710449445264493
9	53	-0.00019710449445264493
53	10	-0.00019710392692093146
10	53	-0.00019710392692093146
53	51	-0.0001971023103347457
51	53	-0.0001971023103347457
53	35	-0.0001492221123875565
35	53	-0.0001492221123875565
53	46	-0.00019673383448892475
46	53	-0.00019673383448892475
53	12	-0.00019673326748399517
12	53	-0.00019673326748399517
53	47	-0.00019673165240714457
47	53	-0.00019673165240714457
53	36	-0.0001492136682367272
36	53	-0.0001492136682367272
53	14	-0.0001966281452107563
14	53	-0.0001966281452107563
53	15	-0.00019662769758050998
15	53	-0.00019662769758050998
53	54	-0.00019662681953656525
54	53	-0.00019662681953656525
53	37	-0.00014922541434323508
37	53	-0.00014922541434323508
53	38	-0.0001964140057875252
38	53	-0.0001964140057875252
53	17	-0.00019641369588966235
17	53	-0.00019641369588966235
53	18	-0.00019641281784571758
18	53	-0.00019641281784571758
53	19	-4.329288065434285e-05
19	53	-4.329288065434285e-05
53	40	-0.0001958084997966071
40	53	-0.0001958084997966071
53	21	-0.00019580818989874428
21	53	-0.00019580818989874428
53	22	-0.00019580731185479954
22	53	-0.00019580731185479954
53	23	-0.00014923319246038397
23	53	-0.00014923319246038397
53	42	-0.00019717912639436027
42	53	-0.00019717912639436027
53	25	-0.00019717881649649742
25	53	-0.00019717881649649742
53	26	-0.00019717793845255263
26	53	-0.00019717793845255263
53	27	-0.00014923277926323351
27	53	-0.00014923277926323351
53	44	-0.00019748417307842144
44	53	-0.00019748417307842144
53	28	-0.00019748475804172685
28	53	-0.00019748475804172685
53	29	-0.00019748637531473887
29	53	-0.00019748637531473887
53	30	-0.0001492272370433815
30	53	-0.0001492272370433815
9	51	-0.00019757009182013976
51	9	-0.00019757009182013976
9	35	-1.3671475738124505e-09
35	9	-1.3671475738124505e-09
9	47	-1.1631989710861045e-08
47	9	-1.1631989710861045e-08
9	36	-2.087141078956867e-08
36	9	-2.087141078956867e-08
9	54	-0.00019709272105252577
54	9	-0.00019709272105252577
9	37	-0.0001495797500459823
37	9	-0.0001495797500459823
9	18	-0.0001968782131173284
18	9	-0.0001968782131173284
9	19	-4.3396191660861684e-05
19	9	-4.3396191660861684e-05
9	22	-0.00019627127473592125
22	9	-0.00019627127473592125
9	23	-0.00014958697918031208
23	9	-0.00014958697918031208
9	26	-0.00019749405058890583
26	9	-0.00019749405058890583
9	27	-0.0001495865650056987
27	9	-0.0001495865650056987
9	29	-0.00019701878712339332
29	9	-0.00019701878712339332
9	30	-0.00014958157923135977
30	9	-0.00014958157923135977
10	35	-1.52664812409057e-09
35	10	-1.52664812409057e-09
10	47	-1.175297623088486e-08
47	10	-1.175297623088486e-08
10	36	-2.103090847027498e-08
36	10	-2.103090847027498e-08
10	54	-0.0001970930315579027
54	10	-0.0001970930315579027
10	37	-0.0001495802440725488
37	10	-0.0001495802440725488
10	18	-0.00019687852356649568
18	10	-0.00019687852356649568
10	19	-4.3396518658776534e-05
19	10	-4.3396518658776534e-05
10	22	-0.0001962715850260464
22	10	-0.0001962715850260464
10	23	-0.00014958727723728463
23	10	-0.00014958727723728463
10	26	-0.0001974934814119585
26	10	-0.0001974934814119585
10	27	-0.00014958686306256272
27	10	-0.00014958686306256272
10	29	-0.0001970182199469224
29	10	-0.0001970182199469224
10	30	-0.00014958207326382273
30	10	-0.00014958207326382273
51	46	-0.00019720289963453175
46	51	-0.00019720289963453175
51	12	-0.00019720233066826209
12	51	-0.00019720233066826209
51	47	-0.00019720070999348604
47	51	-0.00019720070999348604
51	36	-0.000149569848607372
36	51	-0.000149569848607372
51	14	-0.00019709524015640789
14	51	-0.00019709524015640789
51	15	-0.00019709479146681226
15	51	-0.00019709479146681226
51	54	-0.00019709391134491315
54	51	-0.00019709391134491315
51	37	-0.00014958165245146382
37	51	-0.00014958165245146382
51	38	-0.00019688059395677122
38	51	-0.00019688059395677122
51	17	-0.00019688028332551268
17	51	-0.00019688028332551268
51	18	-0.00019687940320361355
18	51	-0.00019687940320361355
51	19	-4.3397453784741654e-05
19	51	-4.3397453784741654e-05
51	40	-0.00019627365499220913
40	51	-0.00019627365499220913
51	21	-0.00019627334436095063
21	51	-0.00019627334436095063
51	22	-0.0001962724642390515
22	51	-0.0001962724642390515
51	23	-0.00014958812382851816
23	51	-0.00014958812382851816
51	42	-0.00019748966977289618
42	51	-0.00019748966977289618
51	25	-0.00019749023891779452
25	51	-0.00019749023891779452
51	26	-0.00019749186013013497
26	51	-0.00019749186013013497
51	27	-0.00014958770965350685
27	51	-0.00014958770965350685
51	44	-0.00019701440502216456
44	51	-0.00019701440502216456
51	28	-0.00019701498920283604
28	51	-0.00019701498920283604
51	29	-0.00019701660437466238
29	51	-0.00019701660437466238
51	30	-0.00014958348165949734
30	51	-0.00014958348165949734
35	46	-0.00014985458478393896
46	35	-0.00014985458478393896
35	12	-0.00014985488342807697
12	35	-0.00014985488342807697
35	47	-0.00014985573167487591
47	35	-0.00014985573167487591
35	36	-0.00019756872813216574
36	35	-0.00019756872813216574
35	14	-0.00014993759881859107
14	35	-0.00014993759881859107
35	15	-0.00014993819962777233
15	35	-0.00014993819962777233
35	54	-0.00014993961301064398
54	35	-0.00014993961301064398
35	37	-0.00019756733738645924
37	35	-0.00019756733738645924
35	38	-0.00015009983307362132
38	35	-0.00015009983307362132
35	17	-0.0001501003296548696
17	35	-0.0001501003296548696
35	18	-0.0001501017453024109
18	35	-0.0001501017453024109
35	19	-0.0001975643971338804
19	35	-0.0001975643971338804
35	40	-0.00015056053887691715
40	35	-0.00015056053887691715
35	21	-0.00015056103772283683
21	35	-0.00015056103772283683
35	22	-0.0001505624598137878
22	35	-0.0001505624598137878
35	23	-0.00019755509804024308
23	35	-0.00019755509804024308
35	42	-0.000149513997760824
42	35	-0.000149513997760824
35	25	-0.00014951449149452122
25	35	-0.00014951449149452122
35	26	-0.00014951589904032132
26	35	-0.00014951589904032132
35	27	-0.00019755564501092285
27	35	-0.00019755564501092285
35	44	-0.00014915502322890281
44	35	-0.00014915502322890281
35	28	-0.00014915552819458612
28	35	-0.00014915552819458612
35	29	-0.00014915693073441394
29	35	-0.00014915693073441394
35	30	-0.00019756453388601594
30	35	-0.00019756453388601594
46	47	-0.00019757008801915725
47	46	-0.00019757008801915725
46	36	-0.00014985333491014763
36	46	-0.00014985333491014763
46	54	-0.00019744933688207834
54	46	-0.00019744933688207834
46	37	-0.00014985655552529284
37	46	-0.00014985655552529284
46	18	-0.00019723445692568616
18	46	-0.00019723445692568616
46	19	-4.348948284235963e-05
19	46	-4.348948284235963e-05
46	22	-0.00019662646593080987
22	46	-0.00019662646593080987
46	23	-0.0001498612057833998
23	46	-0.0001498612057833998
46	26	-0.00019712262027019416
26	46	-0.00019712262027019416
46	27	-0.0001498607908904832
27	46	-0.0001498607908904832
46	29	-0.00019664829241476873
29	46	-0.00019664829241476873
46	30	-0.00014985747174715036
30	46	-0.00014985747174715036
12	36	-0.00014985383021990745
36	12	-0.00014985383021990745
12	54	-0.00019744964801957467
54	12	-0.00019744964801957467
12	37	-0.00014985685416994815
37	12	-0.00014985685416994815
12	18	-0.0001972347680067777
18	12	-0.0001972347680067777
12	19	-4.348981057865992e-05
19	12	-4.348981057865992e-05
12	22	-0.00019662677685230716
22	12	-0.00019662677685230716
12	23	-0.00014986150442927577
23	12	-0.00014986150442927577
12	26	-0.000197122051622216
26	12	-0.000197122051622216
12	27	-0.0001498610895362503
27	12	-0.0001498610895362503
12	29	-0.00019664772576461357
29	12	-0.00019664772576461357
12	30	-0.00014985777039204618
30	12	-0.00014985777039204618
47	14	-0.00019745186069808324
14	47	-0.00019745186069808324
47	15	-0.0001974514112303243
15	47	-0.0001974514112303243
47	54	-0.00019745052958202794
54	47	-0.00019745052958202794
47	37	-0.00014985770241812658
37	47	-0.00014985770241812658
47	38	-0.00019723684223710137
38	47	-0.00019723684223710137
