0	7	-1.6179041902620065e-05
7	0	-1.6179041902620065e-05
0	1	-0.00013171485565535503
1	0	-0.00013171485565535503
1	2	-0.00012156020447763215
2	1	-0.00012156020447763215
5	2	-0.00015872473189110881
2	5	-0.00015872473189110881
2	53	-0.00019756992699377615
53	2	-0.00019756992699377615
1	6	-1.676581701387706e-05
6	1	-1.676581701387706e-05
2	6	-0.00015876538418296818
6	2	-0.00015876538418296818
0	5	-1.7390401869762912e-05
5	0	-1.7390401869762912e-05
5	4	-0.00017765630457824185
4	5	-0.00017765630457824185
4	3	-0.00017973219858631668
3	4	-0.00017973219858631668
0	6	-1.676581701387706e-05
6	0	-1.676581701387706e-05
2	33	-0.00015877656509072282
33	2	-0.00015877656509072282
5	9	-0.00017666408378939932
9	5	-0.00017666408378939932
0	9	-0.00017185995224568417
9	0	-0.00017185995224568417
2	34	-0.00015878075811202785
34	2	-0.00015878075811202785
2	19	-0.00015876131483555443
19	2	-0.00015876131483555443
1	7	-1.6179041902620065e-05
7	1	-1.6179041902620065e-05
36	2	-0.00019312545677983912
2	36	-0.00019312545677983912
7	2	-0.00011972289256671347
2	7	-0.00011972289256671347
39	2	-0.00019457601944196943
2	39	-0.00019457601944196943
2	20	-0.00019679410669334768
20	2	-0.00019679410669334768
2	44	-0.00019389947333251908
44	2	-0.00019389947333251908
2	46	-0.00019336825910042972
46	2	-0.00019336825910042972
2	29	-0.00019624014167043602
29	2	-0.00019624014167043602
0	2	-0.00012156065949475625
2	0	-0.00012156065949475625
3	2	-0.00011882470562429623
2	3	-0.00011882470562429623
8	2	-0.0001908526090447948
2	8	-0.0001908526090447948
10	2	-0.00019437826844496728
2	10	-0.00019437826844496728
2	21	-0.0001967945579948442
21	2	-0.0001967945579948442
2	23	-0.00019389978074747663
23	2	-0.00019389978074747663
2	26	-0.00019336856553269342
26	2	-0.00019336856553269342
2	30	-0.00019624045340238828
30	2	-0.00019624045340238828
0	4	-0.00018593418104014914
4	0	-0.00018593418104014914
1	5	-1.7390401869762912e-05
5	1	-1.7390401869762912e-05
3	5	-0.0001535169253472956
5	3	-0.0001535169253472956
4	2	-4.509925074083204e-05
2	4	-4.509925074083204e-05
5	8	-0.00018967493414324794
8	5	-0.00018967493414324794
5	11	-0.00018472792027631973
11	5	-0.00018472792027631973
51	2	-0.00019458009218417037
2	51	-0.00019458009218417037
11	2	-0.0001835880383726183
2	11	-0.0001835880383726183
2	50	-0.0001967954441707901
50	2	-0.0001967954441707901
2	24	-0.000193900651916577
24	2	-0.000193900651916577
2	27	-0.00019336943394001997
27	2	-0.00019336943394001997
2	52	-0.00019624133670220948
52	2	-0.00019624133670220948
4	9	-4.798464737493802e-05
9	4	-4.798464737493802e-05
