0	7	-1.6179041902620065e-05
7	0	-1.6179041902620065e-05
7	4	-0.00019609409485971894
4	7	-0.00019609409485971894
0	1	-3.9514456696606546e-05
1	0	-3.9514456696606546e-05
2	32	-0.00015877233106149463
32	2	-0.00015877233106149463
1	2	-4.613824098892437e-05
2	1	-4.613824098892437e-05
5	2	-0.00015872473189110881
2	5	-0.00015872473189110881
2	53	-0.00012156195744304786
53	2	-0.00012156195744304786
8	0	-0.00019458241507288793
0	8	-0.00019458241507288793
1	6	-1.676581701387706e-05
6	1	-1.676581701387706e-05
2	6	-6.026232917824713e-05
6	2	-6.026232917824713e-05
5	37	-0.00017155864104720107
37	5	-0.00017155864104720107
0	5	-1.7390401869762912e-05
5	0	-1.7390401869762912e-05
37	4	-4.9414355632830223e-05
4	37	-4.9414355632830223e-05
5	4	-4.290375557560668e-05
4	5	-4.290375557560668e-05
0	3	-0.00019388949235260832
3	0	-0.00019388949235260832
4	3	-0.0001660858649899482
3	4	-0.0001660858649899482
0	36	-0.00019678359070886807
36	0	-0.00019678359070886807
0	6	-1.676581701387706e-05
6	0	-1.676581701387706e-05
6	4	-0.00019047637752695184
4	6	-0.00019047637752695184
2	33	-0.00015877656509072282
33	2	-0.00015877656509072282
1	9	-4.908998594253419e-05
9	1	-4.908998594253419e-05
5	9	-0.00017666408378939932
9	5	-0.00017666408378939932
1	4	-0.0001925794820953747
4	1	-0.0001925794820953747
2	13	-0.00015876945362332736
13	2	-0.00015876945362332736
0	9	-2.0822937594794812e-07
9	0	-2.0822937594794812e-07
0	10	-0.00019756975638199274
10	0	-0.00019756975638199274
4	34	-6.2469116621496135e-09
34	4	-6.2469116621496135e-09
2	34	-0.00015878075811202785
34	2	-0.00015878075811202785
2	49	-0.0001215677359676191
49	2	-0.0001215677359676191
14	2	-0.0001215659829352458
2	14	-0.0001215659829352458
9	3	-0.00016656124926458087
3	9	-0.00016656124926458087
2	19	-0.00015876131483555443
19	2	-0.00015876131483555443
5	42	-0.00018878350511379236
42	5	-0.00018878350511379236
41	2	-0.00012168155598326338
2	41	-0.00012168155598326338
5	22	-0.0001849107862109222
22	5	-0.0001849107862109222
5	45	-0.00017426232771272355
45	5	-0.00017426232771272355
5	47	-0.0001723994300323299
47	5	-0.0001723994300323299
0	26	-0.00019703129951251607
26	0	-0.00019703129951251607
0	46	-0.00019703099213007344
46	0	-0.00019703099213007344
5	31	-0.00018280120033786748
31	5	-0.00018280120033786748
1	7	-1.6179041902620065e-05
7	1	-1.6179041902620065e-05
36	2	-0.00011882426508924454
2	36	-0.00011882426508924454
7	2	-0.00011972289256671347
2	7	-0.00011972289256671347
39	2	-0.00011971816976502583
2	39	-0.00011971816976502583
2	20	-0.00012108729080541228
20	2	-0.00012108729080541228
2	44	-0.00011929867532425723
44	2	-0.00011929867532425723
2	46	-0.00011897360939793476
46	2	-0.00011897360939793476
2	29	-0.0001207447507047765
29	2	-0.0001207447507047765
1	3	-0.0001931266583699062
3	1	-0.0001931266583699062
0	2	-2.2153576543044253e-07
2	0	-2.2153576543044253e-07
3	8	-0.00019609193631593244
8	3	-0.00019609193631593244
3	2	-0.00011882470562429623
2	3	-0.00011882470562429623
8	2	-0.00011972333782311215
2	8	-0.00011972333782311215
10	2	-0.00011971862542145313
2	10	-0.00011971862542145313
2	21	-0.00012108782851465393
21	2	-0.00012108782851465393
2	23	-0.00011929911836468132
23	2	-0.00011929911836468132
2	26	-0.00011897405071906038
26	2	-0.00011897405071906038
2	30	-0.00012074520137519635
30	2	-0.00012074520137519635
15	2	-0.00012156643796979579
2	15	-0.00012156643796979579
0	4	-0.0001718169561833971
4	0	-0.0001718169561833971
0	11	-0.00019534667952006036
11	0	-0.00019534667952006036
0	27	-0.00019703217045365556
27	0	-0.00019703217045365556
1	5	-1.7390401869762912e-05
5	1	-1.7390401869762912e-05
53	5	-4.3893519869191886e-05
5	53	-4.3893519869191886e-05
36	5	-4.290251061600853e-05
5	36	-4.290251061600853e-05
3	5	-4.2902833161680343e-05
5	3	-4.2902833161680343e-05
4	8	-0.00018967493414324794
8	4	-0.00018967493414324794
4	2	-1.938437947516372e-07
2	4	-1.938437947516372e-07
5	7	-4.322995456118897e-05
7	5	-4.322995456118897e-05
5	8	-4.32302800461848e-05
8	5	-4.32302800461848e-05
5	51	-4.3231210852454135e-05
51	5	-4.3231210852454135e-05
5	39	-4.3226349607841716e-05
39	5	-4.3226349607841716e-05
5	10	-4.322667884258338e-05
10	5	-4.322667884258338e-05
5	11	-4.322760961935486e-05
11	5	-4.322760961935486e-05
5	14	-4.389661238526532e-05
14	5	-4.389661238526532e-05
5	15	-4.3896943936001555e-05
15	5	-4.3896943936001555e-05
5	49	-4.389789206088694e-05
49	5	-4.389789206088694e-05
5	41	-4.3933054800189723e-05
41	5	-4.3933054800189723e-05
5	16	-4.393338674671253e-05
16	5	-4.393338674671253e-05
5	17	-4.393433600189552e-05
17	5	-4.393433600189552e-05
5	20	-4.3723760059575067e-05
20	5	-4.3723760059575067e-05
5	21	-4.3724120805123754e-05
21	5	-4.3724120805123754e-05
5	50	-4.372506442176549e-05
50	5	-4.372506442176549e-05
5	44	-4.30727171283997e-05
44	5	-4.30727171283997e-05
5	23	-4.30730412320278e-05
23	5	-4.30730412320278e-05
5	24	-4.30739680943864e-05
24	5	-4.30739680943864e-05
5	46	-4.29564326477098e-05
46	5	-4.29564326477098e-05
5	26	-4.295675568267897e-05
26	5	-4.295675568267897e-05
5	27	-4.295767949368277e-05
27	5	-4.295767949368277e-05
5	29	-4.3598930618561045e-05
29	5	-4.3598930618561045e-05
5	30	-4.3599259464306743e-05
30	5	-4.3599259464306743e-05
5	52	-4.360019986615106e-05
52	5	-4.360019986615106e-05
51	2	-0.00011972460798372654
2	51	-0.00011972460798372654
11	2	-0.00011971989554271023
2	11	-0.00011971989554271023
2	50	-0.00012108911925473726
50	2	-0.00012108911925473726
2	24	-0.00011930038221664405
24	2	-0.00011930038221664405
2	27	-0.00011897530967617333
27	2	-0.00011897530967617333
2	52	-0.00012074648694904028
52	2	-0.00012074648694904028
2	16	-0.00012168201166534238
16	2	-0.00012168201166534238
2	17	-0.00012168331150673998
17	2	-0.00012168331150673998
4	9	-1.8220070395445458e-07
9	4	-1.8220070395445458e-07
4	42	-4.490043374868612e-05
42	4	-4.490043374868612e-05
4	22	-4.584202965880798e-05
22	4	-4.584202965880798e-05
4	45	-4.86467906925816e-05
45	4	-4.86467906925816e-05
4	47	-4.9173079996887544e-05
47	4	-4.9173079996887544e-05
4	31	-4.6371730666110854e-05
31	4	-4.6371730666110854e-05
1	33	-0.000151252692637485
33	1	-0.000151252692637485
1	34	-0.00015124954929276413
34	1	-0.00015124954929276413
0	33	-8.43561063866919e-09
33	0	-8.43561063866919e-09
0	34	-1.0761103301221236e-08
34	0	-1.0761103301221236e-08
35	2	-0.0001587314748733329
2	35	-0.0001587314748733329
2	38	-0.00015873568904644443
38	2	-0.00015873568904644443
2	12	-0.00015872869001609603
12	2	-0.00015872869001609603
2	40	-0.0001587398988401648
40	2	-0.0001587398988401648
2	18	-0.00015872055419963147
18	2	-0.00015872055419963147
2	43	-0.00015874075929621977
43	2	-0.00015874075929621977
2	25	-0.00015872119485122705
25	2	-0.00015872119485122705
2	28	-0.0001587245122318825
28	2	-0.0001587245122318825
2	48	-0.0001587359087280295
48	2	-0.0001587359087280295
3	6	-0.00015979296798674416
6	3	-0.00015979296798674416
6	34	-0.00019755523060614033
34	6	-0.00019755523060614033
6	9	-6.411742602982471e-05
9	6	-6.411742602982471e-05
9	33	-6.412563737201378e-05
33	9	-6.412563737201378e-05
9	34	-6.412871675819057e-05
34	9	-6.412871675819057e-05
