0	6	-1.8790418437020857e-05
6	0	-1.8790418437020857e-05
0	1	-3.9514456696606546e-05
1	0	-3.9514456696606546e-05
2	31	-0.00015878914445067096
31	2	-0.00015878914445067096
1	2	-0.00011949167034100552
2	1	-0.00011949167034100552
8	2	-0.00015872537256732502
2	8	-0.00015872537256732502
2	47	-0.00011949338098468915
47	2	-0.00011949338098468915
0	9	-1.6179041902620065e-05
9	0	-1.6179041902620065e-05
2	32	-0.00015877233106149463
32	2	-0.00015877233106149463
8	5	-0.00017666408378939932
5	8	-0.00017666408378939932
0	4	-0.0001634072568446309
4	0	-0.0001634072568446309
0	3	-0.00019718371776870482
3	0	-0.00019718371776870482
3	2	-0.00011972025434740571
2	3	-0.00011972025434740571
2	9	-0.00015876538418296818
9	2	-0.00015876538418296818
8	38	-0.00017991857919460576
38	8	-0.00017991857919460576
0	8	-1.7390401869762912e-05
8	0	-1.7390401869762912e-05
8	7	-0.000149687952225433
7	8	-0.000149687952225433
37	2	-0.00012026417332646893
2	37	-0.00012026417332646893
0	7	-1.807017848933998e-05
7	0	-1.807017848933998e-05
2	33	-0.00015878499234151728
33	2	-0.00015878499234151728
8	12	-0.00018374531366461189
12	8	-0.00018374531366461189
10	2	-0.00012090299439206107
2	10	-0.00012090299439206107
8	15	-0.0001748383744985434
15	8	-0.0001748383744985434
1	4	-0.00016472007172564813
4	1	-0.00016472007172564813
2	19	-0.00015876945362332736
19	2	-0.00015876945362332736
8	42	-0.00017770100984303925
42	8	-0.00017770100984303925
41	2	-0.00011989482024104621
2	41	-0.00011989482024104621
2	34	-0.00015878075811202785
34	2	-0.00015878075811202785
8	22	-0.0001787792116151451
22	8	-0.0001787792116151451
20	2	-0.00012008406284311903
2	20	-0.00012008406284311903
0	2	-0.00011949211435662497
2	0	-0.00011949211435662497
2	27	-0.00011948007184663301
27	2	-0.00011948007184663301
46	2	-0.00012007654982619536
2	46	-0.00012007654982619536
2	13	-0.0001194061676210976
13	2	-0.0001194061676210976
2	44	-0.00011940117143730918
44	2	-0.00011940117143730918
2	45	-0.00011947836135558773
45	2	-0.00011947836135558773
1	6	-1.8790418437020857e-05
6	1	-1.8790418437020857e-05
2	14	-0.00011940661121146031
14	2	-0.00011940661121146031
2	23	-0.00011940169788419171
23	2	-0.00011940169788419171
2	26	-0.00011947880533148414
26	2	-0.00011947880533148414
3	6	-0.00019075469684489376
6	3	-0.00019075469684489376
4	2	-4.873285423603747e-05
2	4	-4.873285423603747e-05
4	10	-0.00015829389058348513
10	4	-0.00015829389058348513
2	16	-0.00011989526641752364
16	2	-0.00011989526641752364
2	21	-0.00012008451000334203
21	2	-0.00012008451000334203
2	29	-0.00012007699696435904
29	2	-0.00012007699696435904
6	2	-1.9280206798579837e-07
2	6	-1.9280206798579837e-07
1	7	-1.807017848933998e-05
7	1	-1.807017848933998e-05
1	8	-1.7390401869762912e-05
8	1	-1.7390401869762912e-05
47	8	-0.00014871942707476833
8	47	-0.00014871942707476833
2	51	-0.00011940787662898328
51	2	-0.00011940787662898328
2	24	-0.0001194029632587863
24	2	-0.0001194029632587863
3	8	-0.00014900816164618614
8	3	-0.00014900816164618614
4	8	-0.00014900865288817233
8	4	-0.00014900865288817233
50	2	-0.00011972196973590003
2	50	-0.00011972196973590003
50	8	-0.0001490100533443644
8	50	-0.0001490100533443644
2	17	-0.0001198965391976085
17	2	-0.0001198965391976085
2	49	-0.00012008578558397657
49	2	-0.00012008578558397657
2	30	-0.00012007827248229379
30	2	-0.00012007827248229379
37	8	-0.00014968604779549768
8	37	-0.00014968604779549768
6	8	-0.00014968654234854184
8	6	-0.00014968654234854184
7	2	-0.00012026589983009965
2	7	-0.00012026589983009965
8	10	-0.00015047701993658357
10	8	-0.00015047701993658357
8	11	-0.00015047742577381236
11	8	-0.00015047742577381236
8	48	-0.00015047827802218026
48	8	-0.00015047827802218026
8	13	-0.00014861713090400186
13	8	-0.00014861713090400186
8	14	-0.00014861762024603124
14	8	-0.00014861762024603124
8	51	-0.00014861901529640133
51	8	-0.00014861901529640133
8	41	-0.00014922579143998317
41	8	-0.00014922579143998317
8	16	-0.00014922628374482323
16	8	-0.00014922628374482323
8	17	-0.00014922768722508932
17	8	-0.00014922768722508932
8	20	-0.0001494592655786291
20	8	-0.0001494592655786291
8	21	-0.0001494595633489616
21	8	-0.0001494595633489616
8	49	-0.00014946040913183946
49	8	-0.00014946040913183946
8	44	-0.00014861162382460503
44	8	-0.00014861162382460503
8	23	-0.00014861221632367531
23	8	-0.00014861221632367531
8	24	-0.0001486136113267628
24	8	-0.0001486136113267628
8	45	-0.00014870730838304806
45	8	-0.00014870730838304806
8	26	-0.0001487077981669624
26	8	-0.0001487077981669624
8	27	-0.00014870919447462465
27	8	-0.00014870919447462465
8	46	-0.0001494520414814096
46	8	-0.0001494520414814096
8	29	-0.00014945253488807503
29	8	-0.00014945253488807503
8	30	-0.00014945394150326274
30	8	-0.00014945394150326274
2	11	-0.00012090353085412199
11	2	-0.00012090353085412199
2	48	-0.00012090481878514385
48	2	-0.00012090481878514385
4	15	-4.8852713945536275e-05
15	4	-4.8852713945536275e-05
4	22	-4.77746124661628e-05
22	4	-4.77746124661628e-05
6	15	-1.9232953316174131e-07
15	6	-1.9232953316174131e-07
6	22	-1.9666499756107122e-07
22	6	-1.9666499756107122e-07
1	9	-1.6179041902620065e-05
9	1	-1.6179041902620065e-05
35	2	-0.000158748703215124
2	35	-0.000158748703215124
2	36	-0.00015873178607716807
36	2	-0.00015873178607716807
2	39	-0.00015874433291044747
39	2	-0.00015874433291044747
2	40	-0.00015873211558844124
40	2	-0.00015873211558844124
2	18	-0.0001587292208806678
18	2	-0.0001587292208806678
2	43	-0.00015874031991323895
43	2	-0.00015874031991323895
2	25	-0.00015872473189110881
25	2	-0.00015872473189110881
2	28	-0.00015872879984985404
28	2	-0.00015872879984985404
4	32	-0.0001489663442632527
32	4	-0.0001489663442632527
