0	1	-4.390495188511839e-05
1	0	-4.390495188511839e-05
10	0	-0.00012026144098930081
0	10	-0.00012026144098930081
1	3	-1.8790418437020857e-05
3	1	-1.8790418437020857e-05
10	3	-0.00015876131483555443
3	10	-0.00015876131483555443
2	36	-2.0499208229297111e-07
36	2	-2.0499208229297111e-07
0	2	-3.9514456696606546e-05
2	0	-3.9514456696606546e-05
36	1	-4.768428671371152e-05
1	36	-4.768428671371152e-05
2	1	-4.342142446562938e-05
1	2	-4.342142446562938e-05
7	1	-2.234296871863733e-09
1	7	-2.234296871863733e-09
2	7	-0.00016383536130342637
7	2	-0.00016383536130342637
10	7	-0.00015876538418296818
7	10	-0.00015876538418296818
2	38	-1.978885326717045e-07
38	2	-1.978885326717045e-07
0	6	-1.6179041902620065e-05
6	0	-1.6179041902620065e-05
7	6	-0.00019752163696205228
6	7	-0.00019752163696205228
0	4	-1.807017848933998e-05
4	0	-1.807017848933998e-05
0	3	-1.8790418437020857e-05
3	0	-1.8790418437020857e-05
2	31	-1.3154992806789522e-08
31	2	-1.3154992806789522e-08
10	31	-0.00015878914445067096
31	10	-0.00015878914445067096
1	10	-4.663232880882411e-05
10	1	-4.663232880882411e-05
2	10	-2.0961084277854855e-07
10	2	-2.0961084277854855e-07
10	49	-0.00012094406421854503
49	10	-0.00012094406421854503
8	2	-4.367366522834836e-05
2	8	-4.367366522834836e-05
0	24	-4.668899171963622e-05
24	0	-4.668899171963622e-05
2	24	-1.745455513452375e-07
24	2	-1.745455513452375e-07
40	2	-4.364822407735219e-05
2	40	-4.364822407735219e-05
2	4	-4.303848863961379e-05
4	2	-4.303848863961379e-05
2	32	-1.0852299091909558e-08
32	2	-1.0852299091909558e-08
10	32	-6.158192107046466e-05
32	10	-6.158192107046466e-05
1	15	-4.55448740148435e-05
15	1	-4.55448740148435e-05
2	15	-2.1460946219286498e-07
15	2	-2.1460946219286498e-07
13	2	-4.392166106561648e-05
2	13	-4.392166106561648e-05
6	2	-0.00019065758922589618
2	6	-0.00019065758922589618
10	33	-0.00015877233106149463
33	10	-0.00015877233106149463
1	18	-4.742275613200736e-05
18	1	-4.742275613200736e-05
2	18	-2.0612125035057018e-07
18	2	-2.0612125035057018e-07
16	2	-4.348513240659537e-05
2	16	-4.348513240659537e-05
1	21	-4.693139355243907e-05
21	1	-4.693139355243907e-05
2	21	-2.0827671956898794e-07
21	2	-2.0827671956898794e-07
1	43	-0.00014966993300083906
43	1	-0.00014966993300083906
2	19	-4.360337137777158e-05
19	2	-4.360337137777158e-05
0	5	-1.676581701387706e-05
5	0	-1.676581701387706e-05
5	2	-4.303941456937302e-05
2	5	-4.303941456937302e-05
10	34	-0.00015877656509072282
34	10	-0.00015877656509072282
1	24	-2.0935250284677524e-07
24	1	-2.0935250284677524e-07
22	2	-4.3654144725218076e-05
2	22	-4.3654144725218076e-05
2	46	-2.1622556313711494e-07
46	2	-2.1622556313711494e-07
45	2	-4.3988266628957966e-05
2	45	-4.3988266628957966e-05
2	48	-2.0212571292812514e-07
48	2	-2.0212571292812514e-07
35	2	-4.3420161313806084e-05
2	35	-4.3420161313806084e-05
37	2	-4.303813504188202e-05
2	37	-4.303813504188202e-05
2	47	-4.3269860113438855e-05
47	2	-4.3269860113438855e-05
2	11	-4.364855340843746e-05
11	2	-4.364855340843746e-05
2	17	-4.348548686445883e-05
17	2	-4.348548686445883e-05
2	20	-4.360373084084537e-05
20	2	-4.360373084084537e-05
2	23	-4.365447407471952e-05
23	2	-4.365447407471952e-05
2	28	-4.3270185996670984e-05
28	2	-4.3270185996670984e-05
9	2	-4.3673994715918365e-05
2	9	-4.3673994715918365e-05
14	2	-4.3921992831939344e-05
2	14	-4.3921992831939344e-05
1	4	-1.807017848933998e-05
4	1	-1.807017848933998e-05
1	5	-1.676581701387706e-05
5	1	-1.676581701387706e-05
1	6	-1.6179041902620065e-05
6	1	-1.6179041902620065e-05
1	8	-0.00012856165618674195
8	1	-0.00012856165618674195
1	9	-0.00014709992957268202
9	1	-0.00014709992957268202
1	49	-0.00019646638231228308
49	1	-0.00019646638231228308
1	39	-0.0001496675756359866
39	1	-0.0001496675756359866
1	13	-0.00019535278289881686
13	1	-0.00019535278289881686
1	14	-0.00019535221592751072
14	1	-0.00019535221592751072
1	50	-0.00019535060097944514
50	1	-0.00019535060097944514
1	41	-0.0001496704337930924
41	1	-0.0001496704337930924
1	42	-0.00014967947117277414
42	1	-0.00014967947117277414
1	19	-0.00019677923218266113
19	1	-0.00019677923218266113
1	20	-0.00019677852518809719
20	1	-0.00019677852518809719
1	51	-0.0001967769048792889
51	1	-0.0001967769048792889
1	44	-0.00014967625858251785
44	1	-0.00014967625858251785
2	49	-4.3674936950084754e-05
49	2	-4.3674936950084754e-05
2	39	-1.2194436890730227e-08
39	2	-1.2194436890730227e-08
2	12	-4.364949519616283e-05
12	2	-4.364949519616283e-05
2	50	-4.39229415722853e-05
50	2	-4.39229415722853e-05
2	41	-0.00019754575379822868
41	2	-0.00019754575379822868
2	53	-4.348642434260062e-05
53	2	-4.348642434260062e-05
2	51	-4.3604671282497225e-05
51	2	-4.3604671282497225e-05
2	43	-0.00019754509283529108
43	2	-0.00019754509283529108
2	52	-4.365541591486313e-05
52	2	-4.365541591486313e-05
2	25	-4.3988626339874666e-05
25	2	-4.3988626339874666e-05
2	26	-4.398957703800902e-05
26	2	-4.398957703800902e-05
2	29	-4.32711179401517e-05
29	2	-4.32711179401517e-05
35	10	-0.00012026099286147082
10	35	-0.00012026099286147082
1	38	-4.9398012983843225e-05
38	1	-4.9398012983843225e-05
1	46	-4.5204045178467625e-05
46	1	-4.5204045178467625e-05
1	48	-4.83613000950401e-05
48	1	-4.83613000950401e-05
37	10	-0.00011919989515147577
10	37	-0.00011919989515147577
4	10	-0.00011920042025766365
10	4	-0.00011920042025766365
4	24	-4.627810033654514e-05
24	4	-4.627810033654514e-05
5	10	-0.0001192016826100997
10	5	-0.0001192016826100997
8	10	-0.0001209423240117559
10	8	-0.0001209423240117559
9	10	-0.00012094277571227022
10	9	-0.00012094277571227022
10	40	-0.00012088961867203125
40	10	-0.00012088961867203125
10	11	-0.00012089007012983048
11	10	-0.00012089007012983048
10	12	-0.00012089135794534274
12	10	-0.00012089135794534274
10	13	-0.00012163220091157196
13	10	-0.00012163220091157196
10	14	-0.00012163265629265061
14	10	-0.00012163265629265061
10	50	-0.00012163395527694031
50	10	-0.00012163395527694031
10	16	-0.00012043271334001096
16	10	-0.00012043271334001096
10	17	-0.00012043323613044995
17	10	-0.00012043323613044995
10	53	-0.00012043451700932959
53	10	-0.00012043451700932959
10	19	-0.00012075076167815601
19	10	-0.00012075076167815601
10	20	-0.00012075129711749045
20	10	-0.00012075129711749045
10	51	-0.0001207525827456778
51	10	-0.0001207525827456778
10	22	-0.0001208976630227876
22	10	-0.0001208976630227876
10	23	-0.00012089811450571872
23	10	-0.00012089811450571872
10	52	-0.00012089940239267717
52	10	-0.00012089940239267717
10	45	-0.00012183447640420283
45	10	-0.00012183447640420283
10	25	-0.00012183500840238648
25	10	-0.00012183500840238648
10	26	-0.00012183631056891004
26	10	-0.00012183631056891004
10	47	-0.00011984168885853726
47	10	-0.00011984168885853726
10	28	-0.00011984213476035155
28	10	-0.00011984213476035155
10	29	-0.0001198434067585249
29	10	-0.0001198434067585249
0	7	-2.2335571512034128e-09
7	0	-2.2335571512034128e-09
0	32	-0.00014963114001927016
32	0	-0.00014963114001927016
1	31	-0.00014962948453401905
31	1	-0.00014962948453401905
1	32	-1.0849303150433181e-08
32	1	-1.0849303150433181e-08
1	33	-0.0001496418967384054
33	1	-0.0001496418967384054
1	34	-0.00014963877084293943
34	1	-0.00014963877084293943
3	7	-0.00019756776934296374
7	3	-0.00019756776934296374
10	6	-0.0001587245122318825
6	10	-0.0001587245122318825
10	39	-0.0001587483736543277
39	10	-0.0001587483736543277
10	41	-0.00015874444275989442
41	10	-0.00015874444275989442
10	42	-0.00015873211558844124
42	10	-0.00015873211558844124
10	43	-0.00015874497370103129
43	10	-0.00015874497370103129
10	44	-0.0001587364396277037
44	10	-0.0001587364396277037
10	27	-0.00015872066402525196
27	10	-0.00015872066402525196
10	30	-0.00015872537256732502
30	10	-0.00015872537256732502
4	7	-0.00018253960973975837
7	4	-0.00018253960973975837
5	7	-0.0001967409835525289
7	5	-0.0001967409835525289
6	32	-0.00019749989621957936
32	6	-0.00019749989621957936
7	8	-0.00015711568686518858
8	7	-0.00015711568686518858
7	9	-0.00017734398517411058
9	7	-0.00017734398517411058
7	49	-0.0001504883304997831
49	7	-0.0001504883304997831
7	39	-0.0001975359053124202
39	7	-0.0001975359053124202
7	31	-0.00019754592965728654
31	7	-0.00019754592965728654
7	11	-0.00018406365961234837
11	7	-0.00018406365961234837
7	41	-0.00019753387665199113
41	7	-0.00019753387665199113
7	32	-4.923075183977901e-09
32	7	-4.923075183977901e-09
7	43	-0.000197534537533481
43	7	-0.000197534537533481
7	34	-0.00019755988124477508
34	7	-0.00019755988124477508
3	24	-6.164075559329014e-05
24	3	-6.164075559329014e-05
6	24	-6.162726071055176e-05
24	6	-6.162726071055176e-05
7	24	-6.164371590206793e-05
24	7	-6.164371590206793e-05
