0	1	-4.390495188511839e-05
1	0	-4.390495188511839e-05
10	0	-0.00012026144098930081
0	10	-0.00012026144098930081
1	3	-1.8790418437020857e-05
3	1	-1.8790418437020857e-05
10	3	-0.00015876131483555443
3	10	-0.00015876131483555443
2	36	-2.0499208229297111e-07
36	2	-2.0499208229297111e-07
0	2	-4.3420488578302735e-05
2	0	-4.3420488578302735e-05
2	1	-4.342142446562938e-05
1	2	-4.342142446562938e-05
7	1	-0.0001496470257567887
1	7	-0.0001496470257567887
2	7	-0.00017554283532468602
7	2	-0.00017554283532468602
10	7	-0.00015876538418296818
7	10	-0.00015876538418296818
2	38	-1.978885326717045e-07
38	2	-1.978885326717045e-07
0	6	-1.6179041902620065e-05
6	0	-1.6179041902620065e-05
7	6	-0.00019752163696205228
6	7	-0.00019752163696205228
0	4	-1.807017848933998e-05
4	0	-1.807017848933998e-05
0	3	-1.8790418437020857e-05
3	0	-1.8790418437020857e-05
2	31	-0.0001974909180084743
31	2	-0.0001974909180084743
10	31	-0.00015878914445067096
31	10	-0.00015878914445067096
1	10	-0.0001202627193248033
10	1	-0.0001202627193248033
2	10	-2.0961084277854855e-07
10	2	-2.0961084277854855e-07
10	49	-0.00012094406421854503
49	10	-0.00012094406421854503
8	2	-4.367366522834836e-05
2	8	-4.367366522834836e-05
2	24	-1.8950451373059438e-07
24	2	-1.8950451373059438e-07
40	2	-4.364822407735219e-05
2	40	-4.364822407735219e-05
2	4	-4.303848863961379e-05
4	2	-4.303848863961379e-05
2	32	-1.0852299091909558e-08
32	2	-1.0852299091909558e-08
10	32	-0.00015878499234151728
32	10	-0.00015878499234151728
2	15	-2.1460946219286498e-07
15	2	-2.1460946219286498e-07
13	2	-4.392166106561648e-05
2	13	-4.392166106561648e-05
6	2	-0.0001975679072117388
2	6	-0.0001975679072117388
10	33	-0.00015877233106149463
33	10	-0.00015877233106149463
2	18	-2.0612125035057018e-07
18	2	-2.0612125035057018e-07
16	2	-4.348513240659537e-05
2	16	-4.348513240659537e-05
2	21	-2.0827671956898794e-07
21	2	-2.0827671956898794e-07
2	19	-4.360337137777158e-05
19	2	-4.360337137777158e-05
0	5	-1.676581701387706e-05
5	0	-1.676581701387706e-05
5	2	-4.303941456937302e-05
2	5	-4.303941456937302e-05
10	34	-0.00015877656509072282
34	10	-0.00015877656509072282
1	24	-2.1657658712067928e-07
24	1	-2.1657658712067928e-07
22	2	-4.3654144725218076e-05
2	22	-4.3654144725218076e-05
2	46	-2.1622556313711494e-07
46	2	-2.1622556313711494e-07
45	2	-4.3988266628957966e-05
2	45	-4.3988266628957966e-05
2	48	-2.0212571292812514e-07
48	2	-2.0212571292812514e-07
35	2	-4.3420161313806084e-05
2	35	-4.3420161313806084e-05
37	2	-4.303813504188202e-05
2	37	-4.303813504188202e-05
2	47	-4.3269860113438855e-05
47	2	-4.3269860113438855e-05
2	11	-4.364855340843746e-05
11	2	-4.364855340843746e-05
2	17	-4.348548686445883e-05
17	2	-4.348548686445883e-05
2	20	-4.360373084084537e-05
20	2	-4.360373084084537e-05
2	23	-4.365447407471952e-05
23	2	-4.365447407471952e-05
2	28	-4.3270185996670984e-05
28	2	-4.3270185996670984e-05
9	2	-4.3673994715918365e-05
2	9	-4.3673994715918365e-05
14	2	-4.3921992831939344e-05
2	14	-4.3921992831939344e-05
1	4	-1.807017848933998e-05
4	1	-1.807017848933998e-05
1	5	-1.676581701387706e-05
5	1	-1.676581701387706e-05
1	6	-1.6179041902620065e-05
6	1	-1.6179041902620065e-05
1	8	-0.00012856165618674195
8	1	-0.00012856165618674195
1	9	-0.00014709992957268202
9	1	-0.00014709992957268202
2	49	-4.3674936950084754e-05
49	2	-4.3674936950084754e-05
2	39	-0.00019754142371095296
39	2	-0.00019754142371095296
2	12	-4.364949519616283e-05
12	2	-4.364949519616283e-05
2	50	-4.39229415722853e-05
50	2	-4.39229415722853e-05
2	53	-4.348642434260062e-05
53	2	-4.348642434260062e-05
2	51	-4.3604671282497225e-05
51	2	-4.3604671282497225e-05
2	52	-4.365541591486313e-05
52	2	-4.365541591486313e-05
2	25	-4.3988626339874666e-05
25	2	-4.3988626339874666e-05
2	26	-4.398957703800902e-05
26	2	-4.398957703800902e-05
2	29	-4.32711179401517e-05
29	2	-4.32711179401517e-05
35	10	-0.00012026099286147082
10	35	-0.00012026099286147082
37	10	-0.00011919989515147577
10	37	-0.00011919989515147577
4	10	-0.00011920042025766365
10	4	-0.00011920042025766365
5	10	-0.0001192016826100997
10	5	-0.0001192016826100997
8	10	-0.0001209423240117559
10	8	-0.0001209423240117559
9	10	-0.00012094277571227022
10	9	-0.00012094277571227022
10	40	-0.00012088961867203125
40	10	-0.00012088961867203125
10	11	-0.00012089007012983048
11	10	-0.00012089007012983048
10	12	-0.00012089135794534274
12	10	-0.00012089135794534274
10	13	-0.00012163220091157196
13	10	-0.00012163220091157196
10	14	-0.00012163265629265061
14	10	-0.00012163265629265061
10	50	-0.00012163395527694031
50	10	-0.00012163395527694031
10	16	-0.00012043271334001096
16	10	-0.00012043271334001096
10	17	-0.00012043323613044995
17	10	-0.00012043323613044995
10	53	-0.00012043451700932959
53	10	-0.00012043451700932959
10	19	-0.00012075076167815601
19	10	-0.00012075076167815601
10	20	-0.00012075129711749045
20	10	-0.00012075129711749045
10	51	-0.0001207525827456778
51	10	-0.0001207525827456778
10	22	-0.0001208976630227876
22	10	-0.0001208976630227876
10	23	-0.00012089811450571872
23	10	-0.00012089811450571872
10	52	-0.00012089940239267717
52	10	-0.00012089940239267717
10	45	-0.00012183447640420283
45	10	-0.00012183447640420283
10	25	-0.00012183500840238648
25	10	-0.00012183500840238648
10	26	-0.00012183631056891004
26	10	-0.00012183631056891004
10	47	-0.00011984168885853726
47	10	-0.00011984168885853726
10	28	-0.00011984213476035155
28	10	-0.00011984213476035155
10	29	-0.0001198434067585249
29	10	-0.0001198434067585249
0	7	-0.00014964561608476717
7	0	-0.00014964561608476717
1	32	-1.3109394911445366e-08
32	1	-1.3109394911445366e-08
3	7	-0.00019756776934296374
7	3	-0.00019756776934296374
10	6	-0.0001587245122318825
6	10	-0.0001587245122318825
10	39	-0.0001587483736543277
39	10	-0.0001587483736543277
10	41	-0.00015874444275989442
41	10	-0.00015874444275989442
10	42	-0.00015873211558844124
42	10	-0.00015873211558844124
10	43	-0.00015874497370103129
43	10	-0.00015874497370103129
10	44	-0.0001587364396277037
44	10	-0.0001587364396277037
10	27	-0.00015872066402525196
27	10	-0.00015872066402525196
10	30	-0.00015872537256732502
30	10	-0.00015872537256732502
4	7	-0.00018253960973975837
7	4	-0.00018253960973975837
7	32	-0.0001975505344840975
32	7	-0.0001975505344840975
