1	4	-0.00015880576558886691
4	1	-0.00015880576558886691
2	1	-0.00011908312485053006
1	2	-0.00011908312485053006
13	1	-0.00015872077385102446
1	13	-0.00015872077385102446
1	50	-0.00012120192987952052
50	1	-0.00012120192987952052
1	0	-0.00012120063756999419
0	1	-0.00012120063756999419
0	5	-1.807017848933998e-05
5	0	-1.807017848933998e-05
1	32	-0.00015878499234151728
32	1	-0.00015878499234151728
13	4	-0.0001729434269101961
4	13	-0.0001729434269101961
0	3	-1.8790418437020857e-05
3	0	-1.8790418437020857e-05
1	33	-0.00015878914445067096
33	1	-0.00015878914445067096
13	7	-0.00017953689907851302
7	13	-0.00017953689907851302
13	10	-0.00018311302780577642
10	13	-0.00018311302780577642
0	11	-0.00019437635388005382
11	0	-0.00019437635388005382
1	14	-0.00015876131483555443
14	1	-0.00015876131483555443
13	39	-0.00016845579204157282
39	13	-0.00016845579204157282
0	13	-0.00011927333391168085
13	0	-0.00011927333391168085
39	12	-5.0085846392674e-05
12	39	-5.0085846392674e-05
13	12	-0.00019075469684489376
12	13	-0.00019075469684489376
13	41	-0.0001805180216592698
41	13	-0.0001805180216592698
0	12	-0.00019343098327323594
12	0	-0.00019343098327323594
1	12	-0.00011826215881957294
12	1	-0.00011826215881957294
1	21	-0.00015876945362332736
21	1	-0.00015876945362332736
13	43	-0.00018151707800039923
43	13	-0.00018151707800039923
13	23	-0.00017699225898133283
23	13	-0.00017699225898133283
6	13	-0.0001496227625554292
13	6	-0.0001496227625554292
13	47	-0.00017762741892292667
47	13	-0.00017762741892292667
2	11	-0.00015922941445128502
11	2	-0.00015922941445128502
48	13	-0.0001508378106367323
13	48	-0.0001508378106367323
50	13	-0.00015083896595575563
13	50	-0.00015083896595575563
2	12	-0.0001634072568446309
12	2	-0.0001634072568446309
2	13	-0.0001099598955631788
13	2	-0.0001099598955631788
3	13	-0.00014544926139448187
13	3	-0.00014544926139448187
54	13	-0.000148214730407767
13	54	-0.000148214730407767
5	13	-0.00014962246442856212
13	5	-0.00014962246442856212
52	13	-0.00014962360934357358
13	52	-0.00014962360934357358
8	13	-0.00012856165618674195
13	8	-0.00012856165618674195
9	13	-0.00013471991823618093
13	9	-0.00013471991823618093
53	13	-0.00015035550601024978
13	53	-0.00015035550601024978
11	13	-0.00019098210286820096
13	11	-0.00019098210286820096
13	49	-0.00014908471221735967
49	13	-0.00014908471221735967
13	22	-0.0001490850091134679
22	13	-0.0001490850091134679
13	51	-0.00014908585243019997
51	13	-0.00014908585243019997
48	1	-0.00012120018453345922
1	48	-0.00012120018453345922
1	3	-1.8790418437020857e-05
3	1	-1.8790418437020857e-05
1	5	-1.807017848933998e-05
5	1	-1.807017848933998e-05
1	6	-0.0001908526090447948
6	1	-0.0001908526090447948
1	8	-0.0001626475277457415
8	1	-0.0001626475277457415
1	9	-0.000169603793262204
9	1	-0.000169603793262204
1	11	-0.00011826091051630041
11	1	-0.00011826091051630041
1	49	-0.0001197918320550645
49	1	-0.0001197918320550645
1	22	-0.0001197922776211088
22	1	-0.0001197922776211088
1	51	-0.00011979354866295292
51	1	-0.00011979354866295292
2	4	-0.00014814849788348766
4	2	-0.00014814849788348766
2	7	-0.00016971124282915407
7	2	-0.00016971124282915407
4	12	-1.9024483538123175e-07
12	4	-1.9024483538123175e-07
34	1	-0.0001587525571891671
1	34	-0.0001587525571891671
1	31	-0.0001587927773606635
31	1	-0.0001587927773606635
1	35	-0.00015874466245924444
35	1	-0.00015874466245924444
1	36	-0.0001587482821099049
36	1	-0.0001587482821099049
1	37	-0.0001587489229230817
37	1	-0.0001587489229230817
1	44	-0.00015875213609674494
44	1	-0.00015875213609674494
31	12	-0.0001471411651540297
12	31	-0.0001471411651540297
4	14	-0.00019752379698654917
14	4	-0.00019752379698654917
33	12	-0.0001471398679681719
12	33	-0.0001471398679681719
