2	5	-0.00018328449729946935
5	2	-0.00018328449729946935
1	5	-1.676581701387706e-05
5	1	-1.676581701387706e-05
5	0	-1.676581701387706e-05
0	5	-1.676581701387706e-05
1	0	-0.00013171485565535503
0	1	-0.00013171485565535503
0	2	-0.00019503659211745668
2	0	-0.00019503659211745668
0	3	-0.00019491350813561706
3	0	-0.00019491350813561706
2	6	-0.00019194878395315497
6	2	-0.00019194878395315497
5	20	-0.00016845579204157282
20	5	-0.00016845579204157282
2	9	-0.00015879810521195545
9	2	-0.00015879810521195545
1	4	-0.00019338673130834028
4	1	-0.00019338673130834028
4	0	-0.00019718263495743
0	4	-0.00019718263495743
2	33	-0.00015878081388116046
33	2	-0.00015878081388116046
