0	6	-1.3903302091648485e-09
6	0	-1.3903302091648485e-09
0	1	-3.59222333605514e-05
1	0	-3.59222333605514e-05
0	31	-2.3254926625520464e-09
31	0	-2.3254926625520464e-09
2	31	-1.1806541485114278e-08
31	2	-1.1806541485114278e-08
1	2	-3.0406043234990867e-09
2	1	-3.0406043234990867e-09
8	2	-1.903495550080227e-07
2	8	-1.903495550080227e-07
0	35	-1.3448100067673236e-09
35	0	-1.3448100067673236e-09
31	35	-0.00019752216106719013
35	31	-0.00019752216106719013
2	46	-4.048372036201199e-09
46	2	-4.048372036201199e-09
35	46	-0.00015063434619356104
46	35	-0.00015063434619356104
46	0	-0.00019757064985121588
0	46	-0.00019757064985121588
5	9	-1.806101171036531e-07
9	5	-1.806101171036531e-07
0	9	-3.17960841146206e-09
9	0	-3.17960841146206e-09
9	6	-0.00014866774927201586
6	9	-0.00014866774927201586
6	32	-1.5731273893734387e-09
32	6	-1.5731273893734387e-09
2	32	-1.367472296781929e-10
32	2	-1.367472296781929e-10
1	5	-5.12708622612373e-05
5	1	-5.12708622612373e-05
8	5	-1.7372017559932853e-07
5	8	-1.7372017559932853e-07
0	36	-0.00015064559757638622
36	0	-0.00015064559757638622
32	36	-0.000197522183860467
36	32	-0.000197522183860467
5	51	-5.009159285243593e-05
51	5	-5.009159285243593e-05
36	51	-0.0001471971648875012
51	36	-0.0001471971648875012
0	4	-7.83625157789836e-09
4	0	-7.83625157789836e-09
51	4	-0.0001975706871282965
4	51	-0.0001975706871282965
0	3	-4.395946007113712e-09
3	0	-4.395946007113712e-09
4	3	-0.00018439192225336933
3	4	-0.00018439192225336933
1	3	-4.135310251048859e-09
3	1	-4.135310251048859e-09
3	6	-0.00014347432999033363
6	3	-0.00014347432999033363
2	9	-1.9789903678154075e-07
9	2	-1.9789903678154075e-07
0	19	-1.5229275261838514e-07
19	0	-1.5229275261838514e-07
8	19	-1.80745166036443e-07
19	8	-1.80745166036443e-07
0	8	-1.3899927481801318e-09
8	0	-1.3899927481801318e-09
9	8	-0.00019065758922589618
8	9	-0.00019065758922589618
19	7	-1.5944827700789023e-07
7	19	-1.5944827700789023e-07
8	7	-4.314103450841071e-05
7	8	-4.314103450841071e-05
7	6	-0.00018954152373609003
6	7	-0.00018954152373609003
0	37	-0.0001950235104690537
37	0	-0.0001950235104690537
6	37	-0.00019757171731203576
37	6	-0.00019757171731203576
2	4	-2.1756196154031175e-07
4	2	-2.1756196154031175e-07
3	13	-0.00014716610347498306
13	3	-0.00014716610347498306
2	13	-6.136126785304955e-05
13	2	-6.136126785304955e-05
0	12	-0.0001506503594573526
12	0	-0.0001506503594573526
13	12	-0.00019752204713557943
12	13	-0.00019752204713557943
19	11	-4.86304078384861e-05
11	19	-4.86304078384861e-05
12	11	-0.00014870677967811818
11	12	-0.00014870677967811818
0	10	-0.0001674733809211643
10	0	-0.0001674733809211643
11	10	-0.00017503669489824915
10	11	-0.00017503669489824915
0	38	-0.0001950167606974686
38	0	-0.0001950167606974686
10	38	-0.00019757171731203576
38	10	-0.00019757171731203576
1	16	-4.746203301698343e-05
16	1	-4.746203301698343e-05
8	16	-1.8764707546343904e-07
16	8	-1.8764707546343904e-07
0	39	-0.00015064528475208918
39	0	-0.00015064528475208918
32	39	-0.0001975225940362655
39	32	-0.0001975225940362655
16	52	-4.72863068599697e-05
52	16	-4.72863068599697e-05
39	52	-0.00015010693492174525
52	39	-0.00015010693492174525
0	15	-0.00019686323430310318
15	0	-0.00019686323430310318
52	15	-0.00019757065556790218
15	52	-0.00019757065556790218
1	14	-0.00019686307919123734
14	1	-0.00019686307919123734
15	14	-0.0001975715561156776
14	15	-0.0001975715561156776
14	0	-0.00019686250864635473
0	14	-0.00019686250864635473
10	8	-4.313596847448826e-05
8	10	-4.313596847448826e-05
8	6	-4.314010597907197e-05
6	8	-4.314010597907197e-05
6	33	-2.3254926625520464e-09
33	6	-2.3254926625520464e-09
2	33	-2.4842708565087497e-09
33	2	-2.4842708565087497e-09
1	19	-4.9276252699979296e-05
19	1	-4.9276252699979296e-05
0	40	-0.0001506439118010076
40	0	-0.0001506439118010076
33	40	-0.00019752204713557943
40	33	-0.00019752204713557943
19	49	-4.863834194137024e-05
49	19	-4.863834194137024e-05
40	49	-0.00014870679259121127
49	40	-0.00014870679259121127
0	18	-0.00019502998729930017
18	0	-0.00019502998729930017
49	18	-0.0001975706707568876
18	49	-0.0001975706707568876
0	17	-0.00019502942512202392
17	0	-0.00019502942512202392
18	17	-0.0001975717173119866
17	18	-0.0001975717173119866
0	41	-1.3448081450039685e-09
41	0	-1.3448081450039685e-09
31	41	-0.00019752188761763579
41	31	-0.00019752188761763579
5	47	-5.010242147615404e-05
47	5	-5.010242147615404e-05
41	47	-0.0001471972125170819
47	41	-0.0001471972125170819
0	21	-0.00019306377470998357
21	0	-0.00019306377470998357
47	21	-0.00019757068712980587
21	47	-0.00019757068712980587
0	20	-0.00019306322126250042
20	0	-0.00019306322126250042
21	20	-0.00019757172305995084
20	21	-0.00019757172305995084
11	7	-0.00017683265151520044
7	11	-0.00017683265151520044
0	7	-1.8790418437020857e-05
7	0	-1.8790418437020857e-05
0	34	-0.00015059803951342234
34	0	-0.00015059803951342234
2	34	-9.45879632557416e-09
34	2	-9.45879632557416e-09
1	24	-4.830749546028505e-05
24	1	-4.830749546028505e-05
8	24	-1.8436621061760758e-07
24	8	-1.8436621061760758e-07
0	42	-0.00015063596040615438
42	0	-0.00015063596040615438
34	42	-0.00019752232058554387
42	34	-0.00019752232058554387
24	48	-4.79272500298051e-05
48	24	-4.79272500298051e-05
42	48	-0.00014945115812638977
48	42	-0.00014945115812638977
0	23	-0.00019601699496072685
23	0	-0.00019601699496072685
48	23	-0.00019757066268185922
23	48	-0.00019757066268185922
2	22	-1.2411561293323097e-09
22	2	-1.2411561293323097e-09
23	22	-0.000197571524809216
22	23	-0.000197571524809216
22	0	-0.000196016240229969
0	22	-0.000196016240229969
1	27	-4.8258896877208654e-05
27	1	-4.8258896877208654e-05
8	27	-1.8455168923574013e-07
27	8	-1.8455168923574013e-07
0	43	-0.00015064422462530467
43	0	-0.00015064422462530467
33	43	-0.00019752163696205228
43	33	-0.00019752163696205228
27	50	-4.788437875279195e-05
50	27	-4.788437875279195e-05
43	50	-0.00014948883039945726
50	43	-0.00014948883039945726
0	26	-0.00019605521258148618
26	0	-0.00019605521258148618
50	26	-0.000197570662278907
26	50	-0.000197570662278907
0	25	-0.000196054645838113
25	0	-0.000196054645838113
26	25	-0.00019757171433566135
25	26	-0.00019757171433566135
0	45	-1.5518918171484443e-07
45	0	-1.5518918171484443e-07
8	45	-1.841824267312306e-07
45	8	-1.841824267312306e-07
0	30	-0.0001506466229449155
30	0	-0.0001506466229449155
9	30	-0.00019752243452325253
30	9	-0.00019752243452325253
45	29	-4.795292769342377e-05
29	45	-4.795292769342377e-05
30	29	-0.00014941388338026747
29	30	-0.00014941388338026747
0	28	-0.00019595177221559814
28	0	-0.00019595177221559814
29	28	-0.00019757066308517674
28	29	-0.00019757066308517674
0	44	-0.0001959512059250687
44	0	-0.0001959512059250687
28	44	-0.00019757171461871466
44	28	-0.00019757171461871466
1	37	-0.00019502407329240003
37	1	-0.00019502407329240003
1	38	-0.00019501732350234706
38	1	-0.00019501732350234706
1	17	-0.00019502998796157802
17	1	-0.00019502998796157802
1	20	-0.00019306377587258484
20	1	-0.00019306377587258484
1	22	-0.00019601680719398516
22	1	-0.00019601680719398516
1	25	-0.00019605521297876645
25	1	-0.00019605521297876645
1	44	-0.00019595177263974923
44	1	-0.00019595177263974923
0	2	-3.3012327769278224e-09
2	0	-3.3012327769278224e-09
3	37	-0.00019556786641281444
37	3	-0.00019556786641281444
3	38	-0.00019557122895881964
38	3	-0.00019557122895881964
3	14	-0.0001937420888447621
14	3	-0.0001937420888447621
3	17	-4.632314591798919e-10
17	3	-4.632314591798919e-10
3	20	-4.040964928006968e-09
20	3	-4.040964928006968e-09
3	22	-2.3272170838529374e-09
22	3	-2.3272170838529374e-09
3	25	-4.656666407730452e-10
25	3	-4.656666407730452e-10
3	44	-0.00019464194351737917
44	3	-0.00019464194351737917
37	38	-0.0001975654895390354
38	37	-0.0001975654895390354
37	14	-0.00019572657500895968
14	37	-0.00019572657500895968
37	17	-0.00019756633019089886
17	37	-0.00019756633019089886
37	20	-0.00019557635957778696
20	37	-0.00019557635957778696
37	22	-0.00019657172807972486
22	37	-0.00019657172807972486
37	25	-0.00019653315092408864
25	37	-0.00019653315092408864
37	44	-0.00019663686483769157
44	37	-0.00019663686483769157
38	14	-0.00019571981284096333
14	38	-0.00019571981284096333
38	17	-0.00019755953645132006
17	38	-0.00019755953645132006
38	20	-0.00019557972212061282
20	38	-0.00019557972212061282
38	22	-0.0001965649516207062
22	38	-0.0001965649516207062
38	25	-0.00019652637494827838
25	38	-0.00019652637494827838
38	44	-0.00019663008697687613
44	38	-0.00019663008697687613
14	17	-0.00019573076686558538
17	14	-0.00019573076686558538
14	20	-0.00019375058373603818
20	14	-0.00019375058373603818
14	22	-0.00019671589480630032
22	14	-0.00019671589480630032
14	25	-0.00019675971244179622
25	14	-0.00019675971244179622
14	44	-0.0001966576575586453
44	14	-0.0001966576575586453
17	20	-0.0001955734046159097
20	17	-0.0001955734046159097
17	22	-0.00019657766618587193
22	17	-0.00019657766618587193
17	25	-0.0001965390886051336
25	17	-0.0001965390886051336
17	44	-0.00019663985002586556
44	17	-0.00019663985002586556
20	22	-0.0001945940555266058
22	20	-0.0001945940555266058
20	25	-0.00019455069910319955
25	20	-0.00019455069910319955
20	44	-0.00019465043755782744
44	20	-0.00019465043755782744
22	25	-0.00019752826310145732
25	22	-0.00019752826310145732
22	44	-0.00019750679778436826
44	22	-0.00019750679778436826
25	44	-0.00019746806208142595
44	25	-0.00019746806208142595
1	4	-7.575610375871022e-09
4	1	-7.575610375871022e-09
1	6	-1.129642996844762e-09
6	1	-1.129642996844762e-09
1	10	-0.0001835880383726183
10	1	-0.0001835880383726183
1	15	-0.00019686380485029007
15	1	-0.00019686380485029007
1	18	-0.00019503055014046623
18	1	-0.00019503055014046623
1	21	-0.00019306408039577384
21	1	-0.00019306408039577384
1	23	-0.00019601756192716595
23	1	-0.00019601756192716595
1	26	-0.0001960557797237728
26	1	-0.0001960557797237728
1	28	-0.00019595233893190974
28	1	-0.00019595233893190974
3	10	-0.00015193328271828293
10	3	-0.00015193328271828293
3	15	-0.00019374138051677351
15	3	-0.00019374138051677351
3	18	-7.205824575565336e-10
18	3	-7.205824575565336e-10
3	21	-4.295654236367619e-09
21	3	-4.295654236367619e-09
3	23	-2.5858033027412643e-09
23	3	-2.5858033027412643e-09
3	26	-7.243705197914167e-10
26	3	-7.243705197914167e-10
3	28	-0.0001946416378313787
28	3	-0.0001946416378313787
4	37	-0.00019556817158201758
37	4	-0.00019556817158201758
4	6	-0.00013462726759915143
6	4	-0.00013462726759915143
4	38	-0.00019557153412888987
38	4	-0.00019557153412888987
4	10	-0.00014256461564315993
10	4	-0.00014256461564315993
4	14	-0.0001937423935431546
14	4	-0.0001937423935431546
4	15	-0.00019374193501403567
15	4	-0.00019374193501403567
4	17	-4.6311318486738407e-10
17	4	-4.6311318486738407e-10
4	18	-7.203994133247558e-10
18	4	-7.203994133247558e-10
4	20	-7.402776086601003e-09
20	4	-7.402776086601003e-09
4	21	-7.657470595264022e-09
21	4	-7.657470595264022e-09
4	22	-5.740468806837252e-09
22	4	-5.740468806837252e-09
4	23	-5.999063662359735e-09
23	4	-5.999063662359735e-09
4	25	-4.6554711982964815e-10
25	4	-4.6554711982964815e-10
4	26	-7.24185546241275e-10
26	4	-7.24185546241275e-10
4	44	-0.00019464224844781592
44	4	-0.00019464224844781592
4	28	-0.00019464194276173663
28	4	-0.00019464194276173663
37	10	-0.00019756605569130079
10	37	-0.00019756605569130079
37	15	-0.00019572585683627148
15	37	-0.00019572585683627148
37	18	-0.0001975657640361619
18	37	-0.0001975657640361619
37	21	-0.00019557666474889166
21	37	-0.00019557666474889166
37	23	-0.00019657097451969394
23	37	-0.00019657097451969394
37	26	-0.00019653258611511312
26	37	-0.00019653258611511312
37	28	-0.00019663629988513697
28	37	-0.00019663629988513697
6	38	-0.00019756492338662246
38	6	-0.00019756492338662246
6	10	-0.00018761649263564534
10	6	-0.00018761649263564534
6	14	-0.00019572713829311468
14	6	-0.00019572713829311468
6	15	-0.00019572642011857018
15	6	-0.00019572642011857018
6	17	-0.00019756689634570733
17	6	-0.00019756689634570733
6	18	-0.000197566330189348
18	6	-0.000197566330189348
6	20	-1.1038650690981254e-09
20	6	-1.1038650690981254e-09
6	21	-1.3586035123076291e-09
21	6	-1.3586035123076291e-09
6	22	-1.120769605323363e-09
22	6	-1.120769605323363e-09
6	23	-1.3794104303959895e-09
23	6	-1.3794104303959895e-09
6	25	-0.0001965337154639788
25	6	-0.0001965337154639788
6	26	-0.00019653315065338507
26	6	-0.00019653315065338507
6	44	-0.00019663717341502916
44	6	-0.00019663717341502916
6	28	-0.00019663686459400273
28	6	-0.00019663686459400273
38	15	-0.0001957190946894309
15	38	-0.0001957190946894309
38	18	-0.00019755897031516613
18	38	-0.00019755897031516613
38	21	-0.00019558002729258464
21	38	-0.00019558002729258464
38	23	-0.00019656419808245738
23	38	-0.00019656419808245738
38	26	-0.00019652581015783962
26	38	-0.00019652581015783962
38	28	-0.00019662952204286353
28	38	-0.00019662952204286353
10	14	-0.00019572037610486392
14	10	-0.00019572037610486392
10	15	-0.00019571965795147535
15	10	-0.00019571965795147535
10	17	-0.00019756010258577562
17	10	-0.00019756010258577562
10	18	-0.0001975595364479994
18	10	-0.0001975595364479994
10	20	-0.00019557941643490138
20	10	-0.00019557941643490138
10	21	-0.00019557972160679437
21	10	-0.00019557972160679437
10	22	-0.00019656551618559413
22	10	-0.00019656551618559413
10	23	-0.00019656476264543217
23	10	-0.00019656476264543217
10	25	-0.00019652693946787113
25	10	-0.00019652693946787113
10	26	-0.00019652637467581428
26	10	-0.00019652637467581428
10	44	-0.00019663065166705695
44	10	-0.00019663065166705695
10	28	-0.00019663008673142583
28	10	-0.00019663008673142583
14	18	-0.00019573107520689934
18	14	-0.00019573107520689934
14	21	-0.00019375088843633318
21	14	-0.00019375088843633318
14	23	-0.0001967163937962326
23	14	-0.0001967163937962326
14	26	-0.00019676002267350644
26	14	-0.00019676002267350644
14	28	-0.00019665822498465095
28	14	-0.00019665822498465095
15	17	-0.0001957303036341262
17	15	-0.0001957303036341262
15	18	-0.00019573061197531948
18	15	-0.00019573061197531948
15	20	-0.000193750125207471
20	15	-0.000193750125207471
15	21	-0.00019375042990764775
21	15	-0.00019375042990764775
15	22	-0.0001967154292558489
22	15	-0.0001967154292558489
15	23	-0.00019671592824521233
23	15	-0.00019671592824521233
15	25	-0.00019675924677515542
25	15	-0.00019675924677515542
15	26	-0.00019675955700674373
26	15	-0.00019675955700674373
15	44	-0.00019665693475101687
44	15	-0.00019665693475101687
15	28	-0.0001966575021751447
28	15	-0.0001966575021751447
17	21	-0.00019557370978625244
21	17	-0.00019557370978625244
17	23	-0.00019657691260672067
23	17	-0.00019657691260672067
17	26	-0.00019653852377988972
26	17	-0.00019653852377988972
17	28	-0.00019663954120489278
28	17	-0.00019663954120489278
18	20	-0.00019557309893019823
20	18	-0.00019557309893019823
18	21	-0.00019557340410046215
21	18	-0.00019557340410046215
18	22	-0.00019657823078887026
22	18	-0.00019657823078887026
18	23	-0.0001965774772078057
23	18	-0.0001965774772078057
18	25	-0.00019653939715702599
25	18	-0.00019653939715702599
18	26	-0.00019653908833597276
26	18	-0.00019653908833597276
18	44	-0.00019664015860400765
44	18	-0.00019664015860400765
18	28	-0.00019663984978295443
28	18	-0.00019663984978295443
20	23	-0.00019459356303295962
23	20	-0.00019459356303295962
20	26	-0.00019455039341748813
26	20	-0.00019455039341748813
20	28	-0.00019465013187211603
28	20	-0.00019465013187211603
21	22	-0.00019459436044440544
22	21	-0.00019459436044440544
21	23	-0.00019459386795063225
23	21	-0.00019459386795063225
21	25	-0.00019455100400981895
25	21	-0.00019455100400981895
21	26	-0.0001945506983240287
26	21	-0.0001945506983240287
21	44	-0.00019465074249016623
44	21	-0.00019465074249016623
21	28	-0.00019465043680437594
28	21	-0.00019465043680437594
22	26	-0.0001975279527344897
26	22	-0.0001975279527344897
22	28	-0.00019750736652370828
28	22	-0.00019750736652370828
23	25	-0.00019752876308395357
25	23	-0.00019752876308395357
23	26	-0.00019752845271660673
26	23	-0.00019752845271660673
23	44	-0.0001975060394160107
44	23	-0.0001975060394160107
23	28	-0.00019750660815341542
28	23	-0.00019750660815341542
25	28	-0.00019746863077511626
28	25	-0.00019746863077511626
26	44	-0.00019746749336209334
44	26	-0.00019746749336209334
26	28	-0.0001974680620541462
28	26	-0.0001974680620541462
0	51	-0.00019304837631421376
51	0	-0.00019304837631421376
0	11	-0.00018903520950537068
11	0	-0.00018903520950537068
0	52	-0.00019686485898910195
52	0	-0.00019686485898910195
0	49	-0.00019503158872255573
49	0	-0.00019503158872255573
0	47	-0.00019306463772004532
47	0	-0.00019306463772004532
0	48	-0.00019601860883822745
48	0	-0.00019601860883822745
0	50	-0.00019605682698723776
50	0	-0.00019605682698723776
0	29	-0.00019595338533386119
29	0	-0.00019595338533386119
1	46	-6.602495166336708e-10
46	1	-6.602495166336708e-10
1	35	-6.380327383105877e-09
35	1	-6.380327383105877e-09
1	51	-0.00019304893088461277
51	1	-0.00019304893088461277
1	36	-0.0001506452971356594
36	1	-0.0001506452971356594
1	7	-1.8790418437020857e-05
7	1	-1.8790418437020857e-05
1	8	-1.129367320156801e-09
8	1	-1.129367320156801e-09
1	11	-0.0001626475277457415
11	1	-0.0001626475277457415
1	12	-0.0001506500590153692
12	1	-0.0001506500590153692
1	52	-0.00019686542954097547
52	1	-0.00019686542954097547
1	39	-0.00015064498431144492
39	1	-0.00015064498431144492
1	49	-0.0001950321515683003
49	1	-0.0001950321515683003
1	40	-0.00015064361136072566
40	1	-0.00015064361136072566
1	47	-6.451864334024676e-10
47	1	-6.451864334024676e-10
1	41	-6.3803185526622706e-09
41	1	-6.3803185526622706e-09
1	48	-0.00019601917580930274
48	1	-0.00019601917580930274
1	42	-4.056019888502835e-09
42	1	-4.056019888502835e-09
1	50	-0.0001960573941341631
50	1	-0.0001960573941341631
1	43	-0.00015064392418494017
43	1	-0.00015064392418494017
1	29	-0.00019595395205480556
29	1	-0.00019595395205480556
1	30	-0.0001506463225039181
30	1	-0.0001506463225039181
46	3	-5.143106143066539e-09
3	46	-5.143106143066539e-09
46	4	-8.583427144171862e-09
4	46	-8.583427144171862e-09
46	51	-0.00019304679674275738
51	46	-0.00019304679674275738
46	36	-0.00015064645088985244
36	46	-0.00015064645088985244
46	37	-0.00019502190734371275
37	46	-0.00019502190734371275
46	6	-2.1376342008593454e-09
6	46	-2.1376342008593454e-09
46	7	-0.00019502407085843337
7	46	-0.00019502407085843337
46	8	-2.137123435419513e-09
8	46	-2.137123435419513e-09
46	38	-0.0001950151576248915
38	46	-0.0001950151576248915
46	10	-0.00019501571975961
10	46	-0.00019501571975961
46	11	-0.00019501732106197515
11	46	-0.00019501732106197515
46	12	-0.00015065121277416983
12	46	-0.00015065121277416983
46	14	-0.00019686088348313047
14	46	-0.00019686088348313047
46	15	-0.00019686160913329778
15	46	-0.00019686160913329778
46	52	-0.0001968632338059082
52	46	-0.0001968632338059082
46	39	-0.00015064613806533525
39	46	-0.00015064613806533525
46	17	-0.00019502782195037656
17	46	-0.00019502782195037656
46	18	-0.0001950283841230479
18	46	-0.0001950283841230479
46	49	-0.0001950299855332242
49	46	-0.0001950299855332242
46	40	-0.00015064476511328752
40	46	-0.00015064476511328752
46	20	-0.00019306164157765752
20	46	-0.00019306164157765752
46	21	-0.00019306219502065097
21	46	-0.00019306219502065097
46	47	-0.00019306377160971066
47	46	-0.00019306377160971066
46	41	-0.0001506345547387998
41	46	-0.0001506345547387998
46	22	-0.00019601462528676965
22	46	-0.00019601462528676965
46	23	-0.00019601538001060806
23	46	-0.00019601538001060806
46	48	-0.00019601699387486433
48	46	-0.00019601699387486433
46	42	-0.00015063738346504665
42	46	-0.00015063738346504665
46	25	-0.00019605303039086342
25	46	-0.00019605303039086342
46	26	-0.00019605359712957106
26	46	-0.00019605359712957106
46	50	-0.0001960552115220712
50	46	-0.0001960552115220712
46	43	-0.00015064507793780473
43	46	-0.00015064507793780473
46	44	-0.00019594959169362902
44	46	-0.00019594959169362902
46	28	-0.00019595015797949894
28	46	-0.00019595015797949894
46	29	-0.00019595177108452756
29	46	-0.00019595177108452756
46	30	-0.0001506474762591033
30	46	-0.0001506474762591033
35	3	-1.2259686922172404e-08
3	35	-1.2259686922172404e-08
35	4	-1.6771616309886414e-08
4	35	-1.6771616309886414e-08
35	51	-0.00014718200535655465
51	35	-0.00014718200535655465
35	36	-0.0001975489672223654
36	35	-0.0001975489672223654
35	37	-0.00014868730425026514
37	35	-0.00014868730425026514
35	6	-8.319587330001239e-09
6	35	-8.319587330001239e-09
35	7	-1.3444261271544518e-09
7	35	-1.3444261271544518e-09
35	8	-8.317212481548726e-09
8	35	-8.317212481548726e-09
35	38	-0.0001486813512692967
38	35	-0.0001486813512692967
35	10	-1.936885098442858e-09
10	35	-1.936885098442858e-09
35	11	-0.00014868323706238636
11	35	-0.00014868323706238636
35	12	-0.00019753661506213555
12	35	-0.00019753661506213555
35	14	-0.00015008962657185265
14	35	-0.00015008962657185265
35	15	-0.00015009024152079769
15	35	-0.00015009024152079769
35	52	-0.0001500916570842821
52	35	-0.0001500916570842821
35	39	-0.00019754937743158714
39	35	-0.00019754937743158714
35	17	-0.00014869251867110145
17	35	-0.00014869251867110145
35	18	-0.00014869300841059254
18	35	-0.00014869300841059254
35	49	-0.00014869440459201478
49	35	-0.00014869440459201478
35	40	-0.0001975535254211958
40	35	-0.0001975535254211958
35	20	-0.00014719515077027352
20	35	-0.00014719515077027352
35	21	-0.0001471956332384053
21	35	-0.0001471956332384053
35	47	-0.00014719700873065398
47	35	-0.00014719700873065398
35	41	-0.0001975720099627319
41	35	-0.0001975720099627319
35	22	-0.00014944611188020897
22	35	-0.00014944611188020897
35	23	-0.00014944674873170965
23	35	-0.00014944674873170965
35	48	-0.00014944815529573425
48	35	-0.00014944815529573425
35	42	-0.0001975677476491923
42	35	-0.0001975677476491923
35	25	-0.0001494741384600714
25	35	-0.0001494741384600714
35	26	-0.00014947463200202157
26	35	-0.00014947463200202157
35	50	-0.00014947603900227732
50	35	-0.00014947603900227732
35	43	-0.00019755311519962222
43	35	-0.00019755311519962222
35	44	-0.00014939456824350034
44	35	-0.00014939456824350034
35	28	-0.00014939506140761023
28	35	-0.00014939506140761023
35	29	-0.0001493964673328894
29	35	-0.0001493964673328894
35	30	-0.00019754602722744005
30	35	-0.00019754602722744005
3	51	-0.00019757012670922617
51	3	-0.00019757012670922617
3	36	-6.152267674152873e-10
36	3	-6.152267674152873e-10
3	7	-0.0001502283775173009
7	3	-0.0001502283775173009
3	8	-3.5329725883796866e-09
8	3	-3.5329725883796866e-09
3	11	-0.00013278588584571556
11	3	-0.00013278588584571556
3	12	-0.00014720335095071415
12	3	-0.00014720335095071415
3	52	-0.00019373979832389487
52	3	-0.00019373979832389487
3	39	-6.152280446010491e-10
39	3	-6.152280446010491e-10
3	49	-1.4583226533922156e-09
49	3	-1.4583226533922156e-09
3	40	-2.9622360930266907e-09
40	3	-2.9622360930266907e-09
3	47	-5.025767694845693e-09
47	3	-5.025767694845693e-09
3	41	-1.2259669954154677e-08
41	3	-1.2259669954154677e-08
3	48	-3.327081721311035e-09
48	3	-3.327081721311035e-09
3	42	-9.935248508741536e-09
42	3	-9.935248508741536e-09
3	50	-1.46598898049957e-09
50	3	-1.46598898049957e-09
3	43	-2.962229943501705e-09
43	3	-2.962229943501705e-09
3	29	-0.000194640771721044
29	3	-0.000194640771721044
3	30	-3.532979517412074e-09
30	3	-3.532979517412074e-09
4	36	-5.126889728460735e-09
36	4	-5.126889728460735e-09
4	7	-0.0001409648400683985
7	4	-0.0001409648400683985
4	8	-3.5318264115298057e-09
8	4	-3.5318264115298057e-09
4	11	-0.00012459790534199346
11	4	-0.00012459790534199346
4	12	-0.00014720383344310372
12	4	-0.00014720383344310372
4	52	-0.00019374035281665954
52	4	-0.00019374035281665954
4	39	-5.1269003716754175e-09
39	4	-5.1269003716754175e-09
4	49	-1.4579576488843162e-09
49	4	-1.4579576488843162e-09
4	40	-7.473949527021187e-09
40	4	-7.473949527021187e-09
4	47	-8.387598788019505e-09
47	4	-8.387598788019505e-09
4	41	-1.6771593097133535e-08
41	4	-1.6771593097133535e-08
4	48	-6.7403572695990404e-09
48	4	-6.7403572695990404e-09
4	42	-1.444712741867462e-08
42	4	-1.444712741867462e-08
4	50	-1.465620128770096e-09
50	4	-1.465620128770096e-09
4	43	-7.473934011296607e-09
43	4	-7.473934011296607e-09
4	29	-0.0001946410766511786
29	4	-0.0001946410766511786
4	30	-3.5318333360670467e-09
30	4	-3.5318333360670467e-09
51	37	-0.0001955690363150437
37	51	-0.0001955690363150437
51	6	-0.00019556873062875422
6	51	-0.00019556873062875422
51	7	-0.0001955678645176006
7	51	-0.0001955678645176006
51	8	-4.270468503466664e-05
8	51	-4.270468503466664e-05
51	38	-0.00019557239886422827
38	51	-0.00019557239886422827
51	10	-0.00019557209317793878
10	51	-0.00019557209317793878
51	11	-0.0001955712270667852
11	51	-0.0001955712270667852
51	12	-0.00014720488002090422
12	51	-0.00014720488002090422
51	14	-0.00019374325702068457
14	51	-0.00019374325702068457
51	15	-0.00019374279849125028
15	51	-0.00019374279849125028
51	52	-0.0001937419323800967
52	51	-0.0001937419323800967
51	39	-0.00014719685920757032
39	51	-0.00014719685920757032
51	17	-0.00019556534170483029
17	51	-0.00019556534170483029
51	18	-0.00019556478387043288
18	51	-0.00019556478387043288
51	49	-0.00019556319494258632
49	51	-0.00019556319494258632
51	40	-0.00014719421445644074
40	51	-0.00014719421445644074
51	20	-0.00019755727147424378
20	51	-0.00019755727147424378
51	21	-0.0001975567110912782
21	51	-0.0001975567110912782
51	47	-0.00019755511485721388
47	51	-0.00019755511485721388
51	41	-0.0001471822091342248
41	51	-0.0001471822091342248
51	22	-0.00019458087650175434
22	51	-0.00019458087650175434
51	23	-0.0001945801331488759
23	51	-0.0001945801331488759
51	48	-0.00019457854790207895
48	51	-0.00019457854790207895
51	42	-0.00014718494292530348
42	51	-0.00014718494292530348
51	25	-0.0001945426381260872
25	51	-0.0001945426381260872
51	26	-0.00019454208161029954
26	51	-0.00019454208161029954
51	50	-0.00019454049646244862
50	51	-0.00019454049646244862
51	43	-0.00014719452013366543
43	51	-0.00014719452013366543
51	44	-0.00019464311254413104
44	51	-0.00019464311254413104
51	28	-0.00019464280685784155
28	51	-0.00019464280685784155
51	29	-0.00019464194074668794
29	51	-0.00019464194074668794
51	30	-0.00014719905250741209
30	51	-0.00014719905250741209
36	37	-0.00014870268585368826
37	36	-0.00014870268585368826
36	6	-6.154214575210989e-10
6	36	-6.154214575210989e-10
36	7	-0.00014870457189070845
7	36	-0.00014870457189070845
36	8	-0.00019756895567766238
8	36	-0.00019756895567766238
36	38	-0.00014869673234411886
38	36	-0.00014869673234411886
36	10	-0.00014869722209610707
10	36	-0.00014869722209610707
36	11	-0.0001486986183130415
11	36	-0.0001486986183130415
36	12	-0.00019755992985761363
12	36	-0.00019755992985761363
36	14	-0.00015010521593499286
14	36	-0.00015010521593499286
36	15	-0.00015010583094837642
15	36	-0.00015010583094837642
36	52	-0.00015010724664495554
52	36	-0.00015010724664495554
36	39	-0.0001975718732020609
39	36	-0.0001975718732020609
36	17	-0.0001487079007383139
17	36	-0.0001487079007383139
36	18	-0.0001487083905235794
18	36	-0.0001487083905235794
36	49	-0.0001487097868350775
49	36	-0.0001487097868350775
36	40	-0.00019756772485973883
40	36	-0.00019756772485973883
36	20	-0.00014720764152607283
20	36	-0.00014720764152607283
36	21	-0.00014720793422441774
21	36	-0.00014720793422441774
36	47	-0.00014720876570174237
47	36	-0.00014720876570174237
36	41	-0.00019754924072688934
41	36	-0.00019754924072688934
36	22	-0.00014946019623267876
22	36	-0.00014946019623267876
36	23	-0.00014946063748487874
23	36	-0.00014946063748487874
36	48	-0.00014946148326902325
48	36	-0.00014946148326902325
36	42	-0.00019755350261806414
42	36	-0.00019755350261806414
36	25	-0.0001494896362539144
25	36	-0.0001494896362539144
36	26	-0.00014949012984223102
26	36	-0.00014949012984223102
36	50	-0.00014949153697424428
50	36	-0.00014949153697424428
36	43	-0.00019756813513583526
43	36	-0.00019756813513583526
36	44	-0.0001494100545486268
44	36	-0.0001494100545486268
36	28	-0.00014941054775904455
28	36	-0.00014941054775904455
36	29	-0.00014941195381591463
29	36	-0.00014941195381591463
36	30	-0.00019756934315608268
30	36	-0.00019756934315608268
37	7	-0.00019757010459066574
7	37	-0.00019757010459066574
37	8	-4.313978129157179e-05
8	37	-4.313978129157179e-05
37	11	-0.00019756766837726093
11	37	-0.00019756766837726093
37	12	-0.00014871084740484923
12	37	-0.00014871084740484923
37	52	-0.00019572425101724788
52	37	-0.00019572425101724788
37	39	-0.0001487023770426912
39	37	-0.0001487023770426912
37	49	-0.00019756415136124836
49	37	-0.00019756415136124836
37	40	-0.0001486996917365132
40	37	-0.0001486996917365132
37	47	-0.00019557752948694054
47	37	-0.00019557752948694054
37	41	-0.00014868751011512844
41	37	-0.00014868751011512844
37	48	-0.00019656936560202203
48	37	-0.00019656936560202203
37	42	-0.00014869028523953044
42	37	-0.00014869028523953044
37	50	-0.00019653097729802958
50	37	-0.00019653097729802958
37	43	-0.00014870000054474828
43	37	-0.00014870000054474828
37	29	-0.00019663469065661705
29	37	-0.00019663469065661705
37	30	-0.00014870460195980212
30	37	-0.00014870460195980212
6	11	-0.00018432494403106453
11	6	-0.00018432494403106453
6	12	-0.00014871133719871857
12	6	-0.00014871133719871857
6	52	-0.0001957248142949333
52	6	-0.0001957248142949333
6	39	-6.154227355153268e-10
39	6	-6.154227355153268e-10
6	49	-0.0001975647175097998
49	6	-0.0001975647175097998
6	40	-1.3676022922760106e-09
40	6	-1.3676022922760106e-09
6	47	-2.0888543365712398e-09
47	6	-2.0888543365712398e-09
6	41	-8.319575812312686e-09
41	6	-8.319575812312686e-09
6	48	-3.448528483684032e-10
48	6	-3.448528483684032e-10
6	42	-5.9946650135328915e-09
42	6	-5.9946650135328915e-09
6	50	-0.0001965315418316789
50	6	-0.0001965315418316789
6	43	-1.3675994523045636e-09
43	6	-1.3675994523045636e-09
6	29	-0.00019663525536085886
29	6	-0.00019663525536085886
6	30	-0.00014870509173548833
30	6	-0.00014870509173548833
7	38	-0.00019756331071834883
38	7	-0.00019756331071834883
7	10	-0.000195565689978908
10	7	-0.000195565689978908
7	12	-0.00014871273353466433
12	7	-0.00014871273353466433
7	14	-0.000195728742852808
14	7	-0.000195728742852808
7	15	-0.00019572802467299286
15	7	-0.00019572802467299286
7	52	-0.00019572641883625291
52	7	-0.00019572641883625291
7	39	-0.0001487042630778611
39	7	-0.0001487042630778611
7	17	-0.0001975685090388915
17	7	-0.0001975685090388915
7	18	-0.00019756794287792423
18	7	-0.00019756794287792423
7	49	-0.00019756633018521227
49	7	-0.00019756633018521227
7	40	-0.0001487015777387252
40	7	-0.0001487015777387252
7	20	-0.00019557518778255976
20	7	-0.00019557518778255976
7	21	-0.00019557549295336232
21	7	-0.00019557549295336232
7	47	-0.00019557635769060536
47	7	-0.00019557635769060536
7	41	-1.344424266453835e-09
41	7	-1.344424266453835e-09
7	22	-0.00019657390091057763
22	7	-0.00019657390091057763
7	23	-0.00019657314734320157
23	7	-0.00019657314734320157
7	48	-0.00019657153840777668
48	7	-0.00019657153840777668
7	42	-0.00014869217113527172
42	7	-0.00014869217113527172
7	25	-0.00019653532358153357
25	7	-0.00019653532358153357
7	26	-0.00019653475876634386
26	7	-0.00019653475876634386
7	50	-0.0001965331499315081
50	7	-0.0001965331499315081
7	43	-0.00014870188654881057
43	7	-0.00014870188654881057
7	44	-0.00019663804775892226
44	7	-0.00019663804775892226
7	28	-0.00019663773893768133
28	7	-0.00019663773893768133
7	29	-0.00019663686394416526
29	7	-0.00019663686394416526
7	30	-0.0001487064880197673
30	7	-0.0001487064880197673
8	38	-4.3135643799034245e-05
38	8	-4.3135643799034245e-05
8	11	-4.313689696954852e-05
11	8	-4.313689696954852e-05
8	12	-0.0001975632575140812
12	8	-0.0001975632575140812
8	14	-4.354743211057301e-05
14	8	-4.354743211057301e-05
8	15	-4.354779484496533e-05
15	8	-4.354779484496533e-05
8	52	-4.35487339448395e-05
52	8	-4.35487339448395e-05
8	39	-0.00019756854540028802
39	8	-0.00019756854540028802
8	17	-4.314340023530683e-05
17	8	-4.314340023530683e-05
8	18	-4.314372493336675e-05
18	8	-4.314372493336675e-05
8	49	-4.314465349275456e-05
49	8	-4.314465349275456e-05
8	40	-0.0001975643971338804
40	8	-0.0001975643971338804
8	20	-1.1036018290183578e-09
20	8	-1.1036018290183578e-09
8	21	-1.3582812752209556e-09
21	8	-1.3582812752209556e-09
8	47	-2.088366613381672e-09
47	8	-2.088366613381672e-09
8	41	-8.317200970434739e-09
41	8	-8.317200970434739e-09
8	22	-4.336575382295693e-05
22	8	-4.336575382295693e-05
8	23	-4.336612212490383e-05
23	8	-4.336612212490383e-05
8	48	-3.44767997975481e-10
48	8	-3.44767997975481e-10
8	42	-5.992883318405868e-09
42	8	-5.992883318405868e-09
8	25	-4.3370139630314154e-05
25	8	-4.3370139630314154e-05
8	26	-4.337046639099794e-05
26	8	-4.337046639099794e-05
8	50	-4.337140083962236e-05
50	8	-4.337140083962236e-05
8	43	-0.00019756480740637966
43	8	-0.00019756480740637966
8	44	-4.3344940886750703e-05
44	8	-4.3344940886750703e-05
8	28	-4.334526744047985e-05
28	8	-4.334526744047985e-05
8	29	-4.3346201298310006e-05
29	8	-4.3346201298310006e-05
8	30	-0.0001975718959957164
30	8	-0.0001975718959957164
38	11	-0.00019757010459066577
11	38	-0.00019757010459066577
38	12	-0.0001487048936164055
12	38	-0.0001487048936164055
38	52	-0.00019571748892326603
52	38	-0.00019571748892326603
38	39	-0.0001486964235384312
39	38	-0.0001486964235384312
38	49	-0.0001975573576933466
49	38	-0.0001975573576933466
38	40	-0.00014869373833166797
40	38	-0.00014869373833166797
38	47	-0.0001955808920329457
47	38	-0.0001955808920329457
38	41	-0.0001486815571306207
41	38	-0.0001486815571306207
38	48	-0.00019656258921774893
48	38	-0.00019656258921774893
38	42	-0.00014868433215458793
42	38	-0.00014868433215458793
38	50	-0.00019652420139371744
50	38	-0.00019652420139371744
38	43	-0.0001486940471345938
43	38	-0.0001486940471345938
38	29	-0.00019662791286731988
29	38	-0.00019662791286731988
38	30	-0.00014869864838110123
30	38	-0.00014869864838110123
10	12	-0.00014870538339254756
12	10	-0.00014870538339254756
10	52	-0.00019571805218069745
52	10	-0.00019571805218069745
10	39	-0.00014869691328993673
39	10	-0.00014869691328993673
10	49	-0.00019755792382154545
49	10	-0.00019755792382154545
10	40	-0.00014869422807459634
40	10	-0.00014869422807459634
10	47	-0.00019558058634694528
47	10	-0.00019558058634694528
10	41	-1.9368824177724775e-09
41	10	-1.9368824177724775e-09
10	48	-0.00019656315377610114
48	10	-0.00019656315377610114
10	42	-0.00014868482186980239
42	10	-0.00014868482186980239
10	50	-0.0001965247659070697
50	10	-0.0001965247659070697
10	43	-0.00014869453687800483
43	10	-0.00014869453687800483
10	29	-0.00019662847755125843
29	10	-0.00019662847755125843
10	30	-0.00014869913813906114
30	10	-0.00014869913813906114
11	14	-0.0001957219806070218
14	11	-0.0001957219806070218
11	15	-0.00019572126244836284
15	11	-0.00019572126244836284
11	52	-0.0001957196566644825
52	11	-0.0001957196566644825
11	39	-0.00014869830950550362
39	11	-0.00014869830950550362
11	17	-0.00019756171522114518
17	11	-0.00019756171522114518
11	18	-0.00019756114907876126
18	11	-0.00019756114907876126
11	49	-0.00019755953643914426
49	11	-0.00019755953643914426
11	40	-0.0001486956242657843
40	11	-0.0001486956242657843
11	20	-0.00019557855032538565
20	11	-0.00019557855032538565
11	21	-0.00019557885549705527
21	11	-0.00019557885549705527
11	47	-0.0001955797202366106
47	11	-0.0001955797202366106
11	41	-0.00014868344292494375
41	11	-0.00014868344292494375
11	22	-0.00019656712437360056
22	11	-0.00019656712437360056
11	23	-0.0001965663708280069
23	11	-0.0001965663708280069
11	48	-0.00019656476194554638
48	11	-0.00019656476194554638
11	42	-0.00014868621798223904
42	11	-0.00014868621798223904
11	25	-0.00019652854752776866
25	11	-0.00019652854752776866
11	26	-0.00019652798273111602
26	11	-0.00019652798273111602
11	50	-0.00019652637394924257
50	11	-0.00019652637394924257
11	43	-0.00014869593307056028
43	11	-0.00014869593307056028
11	44	-0.00019663226021041932
44	11	-0.00019663226021041932
11	28	-0.00019663169527019104
28	11	-0.00019663169527019104
11	29	-0.00019663008607689097
29	11	-0.00019663008607689097
11	30	-0.00014870053437296765
30	11	-0.00014870053437296765
12	14	-0.00015011348734605845
14	12	-0.00015011348734605845
12	15	-0.00015011410239346563
15	12	-0.00015011410239346563
12	52	-0.00015011517604004073
52	12	-0.00015011517604004073
12	39	-0.00019755951958961082
39	12	-0.00019755951958961082
12	17	-0.00014871515854300503
17	12	-0.00014871515854300503
12	18	-0.00014871545463613535
18	12	-0.00014871545463613535
12	49	-0.00014871629568878166
49	12	-0.00014871629568878166
12	40	-0.00019755537152520437
40	12	-0.00019755537152520437
12	20	-0.00014721229474190257
20	12	-0.00014721229474190257
12	21	-0.00014721258744144743
21	12	-0.00014721258744144743
12	47	-0.00014721341892197183
47	12	-0.00014721341892197183
12	41	-0.00019753688855801463
41	12	-0.00019753688855801463
12	22	-0.00014946492070763045
22	12	-0.00014946492070763045
12	23	-0.00014946536196560286
23	12	-0.00014946536196560286
12	48	-0.00014946620775304592
48	12	-0.00014946620775304592
12	42	-0.0001975411501691366
42	12	-0.0001975411501691366
12	25	-0.00014949694572418643
25	12	-0.00014949694572418643
12	26	-0.00014949724357859846
26	12	-0.00014949724357859846
12	50	-0.00014949808959858086
50	12	-0.00014949808959858086
12	43	-0.00019755578178833232
43	12	-0.00019755578178833232
12	44	-0.00014941827146504747
44	12	-0.00014941827146504747
12	28	-0.00014941876469990261
28	12	-0.00014941876469990261
12	29	-0.00014942017082621427
29	12	-0.00014942017082621427
12	30	-0.00019756287003561615
30	12	-0.00019756287003561615
14	52	-0.00019756992820714152
52	14	-0.00019756992820714152
14	39	-0.00015010490421391378
39	14	-0.00015010490421391378
14	49	-0.00019573194892139997
49	14	-0.00019573194892139997
14	40	-0.00015010218094067848
40	14	-0.00015010218094067848
14	47	-0.0001937517519188882
47	14	-0.0001937517519188882
14	41	-0.0001500898343765976
41	14	-0.0001500898343765976
14	48	-0.00019671727257343036
48	14	-0.00019671727257343036
14	42	-0.00015009264818866512
42	14	-0.00015009264818866512
14	50	-0.000196760901699649
50	14	-0.000196760901699649
14	43	-0.00015010249265894328
43	14	-0.00015010249265894328
14	29	-0.00019665984132051192
29	14	-0.00019665984132051192
14	30	-0.00015010715870324092
30	14	-0.00015010715870324092
15	39	-0.0001501055192265596
39	15	-0.0001501055192265596
15	49	-0.0001957314856894983
49	15	-0.0001957314856894983
15	40	-0.00015010279594132692
40	15	-0.00015010279594132692
15	47	-0.00019375129338988748
47	15	-0.00019375129338988748
15	41	-0.0001500904493260344
41	15	-0.0001500904493260344
15	48	-0.00019671680702208506
48	15	-0.00019671680702208506
15	42	-0.00015009326315025881
42	15	-0.00015009326315025881
15	50	-0.00019676043603256108
50	15	-0.00019676043603256108
15	43	-0.00015010310766032942
43	15	-0.00015010310766032942
15	29	-0.00019665911850567396
29	15	-0.00019665911850567396
15	30	-0.00015010777372499593
30	15	-0.00015010777372499593
52	17	-0.00019572942864136997
17	52	-0.00019572942864136997
52	18	-0.00019572973698233533
18	52	-0.00019572973698233533
52	49	-0.00019573061069590628
49	52	-0.00019573061069590628
52	40	-0.00015010421161155735
40	52	-0.00015010421161155735
52	20	-0.00019374925909795525
20	52	-0.00019374925909795525
52	21	-0.00019374956379790867
21	52	-0.00019374956379790867
52	47	-0.0001937504272795528
47	52	-0.0001937504272795528
52	41	-0.00015009186489044776
41	52	-0.00015009186489044776
52	22	-0.00019671454988277393
22	52	-0.00019671454988277393
52	23	-0.000196715048871063
23	52	-0.000196715048871063
52	48	-0.00019671592764732173
48	52	-0.00019671592764732173
52	42	-0.00015009467873990613
42	52	-0.00015009467873990613
52	25	-0.00019675836718261176
25	52	-0.00019675836718261176
52	26	-0.00019675867741396967
26	52	-0.00019675867741396967
52	50	-0.0001967595564391728
50	52	-0.0001967595564391728
52	43	-0.00015010452333195337
43	52	-0.00015010452333195337
52	44	-0.00019665531779989535
44	52	-0.00019665531779989535
52	28	-0.00019665588521935494
28	52	-0.00019665588521935494
52	29	-0.000196657501536625
29	52	-0.000196657501536625
52	30	-0.0001501091894389464
30	52	-0.0001501091894389464
39	17	-0.00014870759192265083
17	39	-0.00014870759192265083
39	18	-0.00014870808170743365
18	39	-0.00014870808170743365
39	49	-0.00014870947801756413
49	39	-0.00014870947801756413
39	40	-0.00019756813512722082
40	39	-0.00019756813512722082
39	20	-0.00014720733584036138
20	39	-0.00014720733584036138
39	21	-0.0001472076285386275
21	39	-0.0001472076285386275
39	47	-0.0001472084600157419
47	39	-0.0001472084600157419
39	41	-0.00019754965093667903
41	39	-0.00019754965093667903
39	22	-0.00014945988586571114
