11	6	-8.506322945110306e-10
6	11	-8.506322945110306e-10
0	6	-1.3725387295221473e-09
6	0	-1.3725387295221473e-09
0	1	-3.9514456696606546e-05
1	0	-3.9514456696606546e-05
0	31	-2.2798947672078895e-09
31	0	-2.2798947672078895e-09
2	31	-7.225152855920501e-09
31	2	-7.225152855920501e-09
1	2	-4.864362194752698e-05
2	1	-4.864362194752698e-05
8	2	-1.736462030269254e-07
2	8	-1.736462030269254e-07
1	35	-4.0560170817441195e-09
35	1	-4.0560170817441195e-09
31	35	-0.000197522183860467
35	31	-0.000197522183860467
2	47	-5.488814616658924e-10
47	2	-5.488814616658924e-10
35	47	-0.00014870676713151285
47	35	-0.00014870676713151285
47	0	-0.0001975706707560473
0	47	-0.0001975706707560473
10	9	-0.00015043999142779716
9	10	-0.00015043999142779716
0	9	-1.3721975785617025e-09
9	0	-1.3721975785617025e-09
9	6	-0.0001496491570052409
6	9	-0.0001496491570052409
6	32	-1.5731273893734387e-09
32	6	-1.5731273893734387e-09
2	32	-6.463386288581284e-05
32	2	-6.463386288581284e-05
1	5	-4.825879877209204e-05
5	1	-4.825879877209204e-05
8	5	-1.7502946989043455e-07
5	8	-1.7502946989043455e-07
1	36	-0.00014871588798325713
36	1	-0.00014871588798325713
32	36	-0.00019752204713557937
36	32	-0.00019752204713557937
5	50	-4.834822522383396e-05
50	5	-4.834822522383396e-05
36	50	-0.00014900545547316763
50	36	-0.00014900545547316763
0	4	-2.572924739073249e-09
4	0	-2.572924739073249e-09
50	4	-0.0001975706675181596
4	50	-0.0001975706675181596
0	3	-4.271055066861598e-09
3	0	-4.271055066861598e-09
4	3	-0.00019075469684489376
3	4	-0.00019075469684489376
3	2	-1.9969282781633774e-07
2	3	-1.9969282781633774e-07
4	9	-0.0001489714400594851
9	4	-0.0001489714400594851
2	9	-1.879137267225245e-07
9	2	-1.879137267225245e-07
0	38	-1.6369357285925295e-07
38	0	-1.6369357285925295e-07
8	38	-1.7825385253412574e-07
38	8	-1.7825385253412574e-07
0	8	-1.7390401869762912e-05
8	0	-1.7390401869762912e-05
9	8	-0.0001838100279227126
8	9	-0.0001838100279227126
38	7	-1.7089507625716585e-07
7	38	-1.7089507625716585e-07
8	7	-4.342366490141962e-05
7	8	-4.342366490141962e-05
7	6	-0.00018999930411613074
6	7	-0.00018999930411613074
0	37	-0.00019628690096283507
37	0	-0.00019628690096283507
6	37	-0.000197571713574442
37	6	-0.000197571713574442
37	2	-4.895218848560024e-05
2	37	-4.895218848560024e-05
0	7	-1.807017848933998e-05
7	0	-1.807017848933998e-05
0	33	-2.3254926625520464e-09
33	0	-2.3254926625520464e-09
2	33	-4.923075183977901e-09
33	2	-4.923075183977901e-09
1	12	-4.639708479873871e-05
12	1	-4.639708479873871e-05
8	12	-1.8204517950523255e-07
12	8	-1.8204517950523255e-07
1	39	-1.7545463206866723e-09
39	1	-1.7545463206866723e-09
33	39	-0.00019752191041088105
39	33	-0.00019752191041088105
12	48	-4.6945347428681275e-05
48	12	-4.6945347428681275e-05
39	48	-0.00015046739227689095
48	39	-0.00015046739227689095
0	11	-0.00018946889595751283
11	0	-0.00018946889595751283
48	11	-0.00019757065166397993
11	48	-0.00019757065166397993
1	10	-0.00019054430388908077
10	1	-0.00019054430388908077
11	10	-0.00016864657092191112
10	11	-0.00016864657092191112
10	2	-4.9217127931801044e-05
2	10	-4.9217127931801044e-05
1	15	-4.8763245608123514e-05
15	1	-4.8763245608123514e-05
8	15	-1.7322065327928068e-07
15	8	-1.7322065327928068e-07
1	40	-0.00014871557916212343
40	1	-0.00014871557916212343
32	40	-0.00019752245731081004
40	32	-0.00019752245731081004
15	51	-4.8725498375657554e-05
51	15	-4.8725498375657554e-05
40	51	-0.0001486141266030479
51	40	-0.0001486141266030479
0	14	-0.0001974354455756935
14	0	-0.0001974354455756935
51	14	-0.00019757067175884635
14	51	-0.00019757067175884635
0	13	-0.00019743487999018185
13	0	-0.00019743487999018185
14	13	-0.0001975717176637396
13	14	-0.0001975717176637396
1	4	-2.3156286464772307e-09
4	1	-2.3156286464772307e-09
4	6	-0.0001502283775173009
6	4	-0.0001502283775173009
6	19	-0.0001496461523721423
19	6	-0.0001496461523721423
2	19	-6.463174554464307e-05
19	2	-6.463174554464307e-05
0	42	-1.616758081626293e-07
42	0	-1.616758081626293e-07
8	42	-1.7605680161282664e-07
42	8	-1.7605680161282664e-07
1	18	-0.00014871679728992854
18	1	-0.00014871679728992854
19	18	-0.00019752243452325253
18	19	-0.00019752243452325253
42	17	-4.81351344550325e-05
17	42	-4.81351344550325e-05
18	17	-0.00014922490207061487
17	18	-0.00014922490207061487
0	16	-0.00019689423219391452
16	0	-0.00019689423219391452
17	16	-0.00019757066513471878
16	17	-0.00019757066513471878
0	41	-0.00019689454101512864
41	0	-0.00019689454101512864
16	41	-0.00019757171533823787
41	16	-0.00019757171533823787
41	2	-4.880285464552054e-05
2	41	-4.880285464552054e-05
0	34	-0.00014867397318327547
34	0	-0.00014867397318327547
2	34	-2.575467063684251e-09
34	2	-2.575467063684251e-09
1	22	-4.7687267316531885e-05
22	1	-4.7687267316531885e-05
8	22	-1.771250271432156e-07
22	8	-1.771250271432156e-07
1	43	-0.00014871101528170677
43	1	-0.00014871101528170677
34	43	-0.00019752218386046697
43	34	-0.00019752218386046697
22	49	-4.792287246386895e-05
49	22	-4.792287246386895e-05
43	49	-0.00014945120056603778
49	43	-0.00014945120056603778
0	21	-0.00019659165603099133
21	0	-0.00019659165603099133
49	21	-0.00019757066268284943
21	49	-0.00019757066268284943
0	20	-0.00019659196485220549
20	0	-0.00019659196485220549
21	20	-0.0001975717144774715
20	21	-0.0001975717144774715
20	2	-4.888270809682482e-05
2	20	-4.888270809682482e-05
0	15	-1.5907110486409724e-07
15	0	-1.5907110486409724e-07
1	25	-0.0001487188904109458
25	1	-0.0001487188904109458
9	25	-0.00019752191041088105
25	9	-0.00019752191041088105
15	24	-4.87217684542283e-05
24	15	-4.87217684542283e-05
25	24	-0.00014861421142563523
24	25	-0.00014861421142563523
0	23	-0.0001974292241701729
23	0	-0.0001974292241701729
24	23	-0.00019757067176206334
23	24	-0.00019757067176206334
1	44	-0.00019742908714549028
44	1	-0.00019742908714549028
23	44	-0.0001975715804973174
44	23	-0.0001975715804973174
44	0	-0.0001974285215424966
0	44	-0.0001974285215424966
0	2	-1.5946192698753215e-07
2	0	-1.5946192698753215e-07
1	28	-0.0001487171918947105
28	1	-0.0001487171918947105
19	28	-0.00019752191041088105
28	19	-0.00019752191041088105
2	27	-4.863461878332184e-05
27	2	-4.863461878332184e-05
28	27	-0.0001487068180508832
27	28	-0.0001487068180508832
0	26	-0.00019755564216047882
26	0	-0.00019755564216047882
27	26	-0.00019757067075772786
26	27	-0.00019757067075772786
0	45	-0.00019755507603928742
45	0	-0.00019755507603928742
26	45	-0.00019757171731228158
45	26	-0.00019757171731228158
0	22	-1.626568626037596e-07
22	0	-1.626568626037596e-07
22	30	-4.791701509495004e-05
30	22	-4.791701509495004e-05
18	30	-0.00014945115017126886
30	18	-0.00014945115017126886
0	29	-0.00019659616825206465
29	0	-0.00019659616825206465
30	29	-0.00019757066268101056
29	30	-0.00019757066268101056
0	46	-0.00019659647707327878
46	0	-0.00019659647707327878
29	46	-0.00019757171447682594
46	29	-0.00019757171447682594
46	2	-4.887682873835579e-05
2	46	-4.887682873835579e-05
1	3	-4.01375632056054e-09
3	1	-4.01375632056054e-09
1	37	-0.00019628659247656054
37	1	-0.00019628659247656054
1	13	-0.00019743544561131815
13	1	-0.00019743544561131815
1	41	-0.00019689423237055582
41	1	-0.00019689423237055582
1	20	-0.00019659165628645777
20	1	-0.00019659165628645777
1	45	-0.0001975556421648139
45	1	-0.0001975556421648139
1	46	-0.00019659616850635554
46	1	-0.00019659616850635554
2	13	-4.8604667408493784e-05
13	2	-4.8604667408493784e-05
2	44	-4.86009057999812e-05
44	2	-4.86009057999812e-05
2	45	-4.863333263304338e-05
45	2	-4.863333263304338e-05
3	37	-0.00019667366635713862
37	3	-0.00019667366635713862
3	10	-2.30830193650237e-09
10	3	-2.30830193650237e-09
3	13	-0.0001970538037293106
13	3	-0.0001970538037293106
3	41	-0.00019728252621992916
41	3	-0.00019728252621992916
3	20	-5.343887183257938e-10
20	3	-5.343887183257938e-10
3	44	-0.00019704745169541368
44	3	-0.00019704745169541368
3	45	-0.00019717376983903448
45	3	-0.00019717376983903448
3	46	-0.00019698386392791512
46	3	-0.00019698386392791512
37	10	-0.00019653331300019904
10	37	-0.00019653331300019904
37	13	-0.0001961575448025421
13	37	-0.0001961575448025421
37	41	-0.00019696252558925494
41	37	-0.00019696252558925494
37	20	-0.0001972656925398163
20	37	-0.0001972656925398163
37	44	-0.00019615410225950764
44	37	-0.00019615410225950764
37	45	-0.00019627816987083737
45	37	-0.00019627816987083737
37	46	-0.00019726115737899849
46	37	-0.00019726115737899849
10	13	-0.00019512896623126964
13	10	-0.00019512896623126964
10	41	-0.0001959284859904117
41	10	-0.0001959284859904117
10	20	-0.00019623480296032282
20	10	-0.00019623480296032282
10	44	-0.00019512264794108346
44	10	-0.00019512264794108346
10	45	-0.00019524774543710834
45	10	-0.00019524774543710834
10	46	-0.00019622554018444423
46	10	-0.00019622554018444423
13	41	-0.00019676480686271508
41	13	-0.00019676480686271508
13	20	-0.0001964589237868908
20	13	-0.0001964589237868908
13	44	-0.00019756592240517543
44	13	-0.00019756592240517543
13	45	-0.00019745085507548408
45	13	-0.00019745085507548408
13	46	-0.0001964669283362621
46	13	-0.0001964669283362621
41	20	-0.00019726390838865101
20	41	-0.00019726390838865101
41	44	-0.00019675967221205267
44	41	-0.00019675967221205267
41	45	-0.00019688580913164046
45	41	-0.00019688580913164046
41	46	-0.00019727318068243967
46	41	-0.00019727318068243967
20	44	-0.00019645258224243827
44	20	-0.00019645258224243827
20	45	-0.0001965785219280654
45	20	-0.0001965785219280654
20	46	-0.00019756298992668045
46	20	-0.00019756298992668045
44	45	-0.00019744571268499119
45	44	-0.00019744571268499119
44	46	-0.00019646179704619336
46	44	-0.00019646179704619336
45	46	-0.00019658774557803818
46	45	-0.00019658774557803818
1	6	-1.1151874272156138e-09
6	1	-1.1151874272156138e-09
1	11	-0.0001626475277457415
11	1	-0.0001626475277457415
1	14	-0.00019743601119844956
14	1	-0.00019743601119844956
1	16	-0.00019689392354942212
16	1	-0.00019689392354942212
1	21	-0.00019659134746532407
21	1	-0.00019659134746532407
1	23	-0.00019742978977535733
23	1	-0.00019742978977535733
1	26	-0.00019755620828762756
26	1	-0.00019755620828762756
1	29	-0.0001965958596852219
29	1	-0.0001965958596852219
0	10	-0.00017585940927262775
10	0	-0.00017585940927262775
2	14	-4.860500043769515e-05
14	2	-4.860500043769515e-05
2	23	-4.8601272550457813e-05
23	2	-4.8601272550457813e-05
2	26	-4.863366591179132e-05
26	2	-4.863366591179132e-05
3	6	-0.00014544926139448187
6	3	-0.00014544926139448187
3	11	-2.5686426080454597e-09
11	3	-2.5686426080454597e-09
3	14	-0.00019705411222351114
14	3	-0.00019705411222351114
3	16	-0.00019728221677877008
16	3	-0.00019728221677877008
3	21	-7.929651499760815e-10
21	3	-7.929651499760815e-10
3	23	-0.00019704815348905847
23	3	-0.00019704815348905847
3	26	-0.00019717433538501232
26	3	-0.00019717433538501232
3	29	-0.0001969835544867561
29	3	-0.0001969835544867561
4	2	-1.9280206798579837e-07
2	4	-1.9280206798579837e-07
4	37	-0.00019667397556380673
37	4	-0.00019667397556380673
4	10	-5.90092224369026e-10
10	4	-5.90092224369026e-10
4	11	-8.504289715826154e-10
11	4	-8.504289715826154e-10
4	13	-0.00019705323858495096
13	4	-0.00019705323858495096
4	14	-0.00019705380359432375
14	4	-0.00019705380359432375
4	41	-0.0001972828355855318
41	4	-0.0001972828355855318
4	16	-0.00019728252614429197
16	4	-0.00019728252614429197
4	20	-5.345210752884554e-10
20	4	-5.345210752884554e-10
4	21	-7.931605129298968e-10
21	4	-7.931605129298968e-10
4	44	-0.0001970468865691806
44	4	-0.0001970468865691806
4	23	-0.0001970475883606367
23	4	-0.0001970475883606367
4	45	-0.00019717320419086013
45	4	-0.00019717320419086013
4	26	-0.00019717376973521717
26	4	-0.00019717376973521717
4	46	-0.00019698417321555608
46	4	-0.00019698417321555608
4	29	-0.00019698386377431625
29	4	-0.00019698386377431625
2	16	-4.8803189351813776e-05
16	2	-4.8803189351813776e-05
2	21	-4.88830434435613e-05
21	2	-4.88830434435613e-05
2	29	-4.887716406816382e-05
29	2	-4.887716406816382e-05
37	11	-0.00019653260632367407
11	37	-0.00019653260632367407
37	14	-0.00019615785306340046
14	37	-0.00019615785306340046
37	16	-0.00019696283532749805
16	37	-0.00019696283532749805
37	21	-0.00019726600282670272
21	37	-0.00019726600282670272
37	23	-0.00019615454670250947
23	37	-0.00019615454670250947
37	26	-0.00019627847835459628
26	37	-0.00019627847835459628
37	29	-0.00019726146766504952
29	37	-0.00019726146766504952
6	2	-1.5944827700789023e-07
2	6	-1.5944827700789023e-07
6	10	-5.902340828590288e-10
10	6	-5.902340828590288e-10
6	13	-0.0001961572361734351
13	6	-0.0001961572361734351
6	14	-0.0001961575444342131
14	6	-0.0001961575444342131
6	41	-0.00019696221569168913
41	6	-0.00019696221569168913
6	16	-0.00019696252542985123
16	6	-0.00019696252542985123
6	20	-0.00019726538217274033
20	6	-0.00019726538217274033
6	21	-0.00019726569245954548
21	6	-0.00019726569245954548
6	44	-0.00019615353828785555
44	6	-0.00019615353828785555
6	23	-0.00019615423807393812
23	6	-0.00019615423807393812
6	45	-0.00019627786105002546
45	6	-0.00019627786105002546
6	26	-0.00019627816953370392
26	6	-0.00019627816953370392
6	46	-0.00019726084701157038
46	6	-0.00019726084701157038
6	29	-0.00019726115729754015
29	6	-0.00019726115729754015
10	14	-0.00019512952822048048
14	10	-0.00019512952822048048
10	16	-0.00019592905153986581
16	10	-0.00019592905153986581
10	21	-0.0001962353698614195
21	10	-0.0001962353698614195
10	23	-0.00019512334537312976
23	10	-0.00019512334537312976
10	26	-0.0001952483079575782
26	10	-0.0001952483079575782
10	29	-0.00019622610705797894
29	10	-0.00019622610705797894
11	13	-0.00019512826644290635
13	11	-0.00019512826644290635
11	14	-0.0001951288284302925
14	11	-0.0001951288284302925
11	41	-0.00019592778228534017
41	11	-0.00019592778228534017
11	16	-0.0001959283478329513
16	11	-0.0001959283478329513
11	20	-0.00019623409777117266
20	11	-0.00019623409777117266
11	21	-0.00019623466467041942
21	11	-0.00019623466467041942
11	44	-0.00019512194817315092
44	11	-0.00019512194817315092
11	23	-0.00019512264560271044
23	11	-0.00019512264560271044
11	45	-0.00019524704506368863
45	11	-0.00019524704506368863
11	26	-0.00019524760758233108
26	11	-0.00019524760758233108
11	46	-0.00019622483502360486
46	11	-0.00019622483502360486
11	29	-0.0001962254018952898
29	11	-0.0001962254018952898
13	16	-0.00019676449823360803
16	13	-0.00019676449823360803
13	21	-0.00019645835942695903
21	13	-0.00019645835942695903
13	23	-0.00019756662536866797
23	13	-0.00019756662536866797
13	26	-0.00019745054644637708
26	13	-0.00019745054644637708
13	29	-0.0001964666197071551
29	13	-0.0001964666197071551
14	41	-0.0001967651152816749
41	14	-0.0001967651152816749
14	16	-0.0001967648066524875
16	14	-0.0001967648066524875
14	20	-0.00019645948785857893
20	14	-0.00019645948785857893
14	21	-0.00019645892349703134
21	14	-0.00019645892349703134
14	44	-0.0001975653566040326
44	14	-0.0001975653566040326
14	23	-0.0001975660595653334
23	14	-0.0001975660595653334
14	45	-0.0001974511636730574
45	14	-0.0001974511636730574
14	26	-0.00019745085504387005
26	14	-0.00019745085504387005
14	46	-0.00019646723667766884
46	14	-0.00019646723667766884
14	29	-0.0001964669280484815
29	14	-0.0001964669280484815
41	21	-0.0001972633406605891
21	41	-0.0001972633406605891
41	23	-0.0001967603733606884
23	41	-0.0001967603733606884
41	26	-0.0001968861177736973
26	41	-0.0001968861177736973
41	29	-0.0001972726129286036
29	41	-0.0001972726129286036
16	20	-0.00019726447603773153
20	16	-0.00019726447603773153
16	21	-0.00019726390830803717
21	16	-0.00019726390830803717
16	44	-0.00019675910745695142
44	16	-0.00019675910745695142
16	23	-0.00019675980860340016
23	16	-0.00019675980860340016
16	45	-0.00019688524385506553
45	16	-0.00019688524385506553
16	26	-0.00019688580895280497
26	16	-0.00019688580895280497
16	46	-0.00019727349050189461
46	16	-0.00019727349050189461
16	29	-0.00019727318060424785
29	16	-0.00019727318060424785
20	23	-0.00019645328268139245
23	20	-0.00019645328268139245
20	26	-0.00019657908653357797
26	20	-0.00019657908653357797
20	29	-0.00019756355890622134
29	20	-0.00019756355890622134
21	44	-0.0001964520179006054
44	21	-0.0001964520179006054
21	23	-0.0001964527183373745
23	21	-0.0001964527183373745
21	45	-0.0001965779570652896
45	21	-0.0001965779570652896
21	26	-0.0001965785216691838
26	21	-0.0001965785216691838
21	46	-0.000197562420946345
46	21	-0.000197562420946345
21	29	-0.0001975629899242473
29	21	-0.0001975629899242473
44	26	-0.0001974451470368439
26	44	-0.0001974451470368439
44	29	-0.0001964612326788481
29	44	-0.0001964612326788481
23	45	-0.00019744641538157903
45	23	-0.00019744641538157903
23	26	-0.0001974458497312407
26	23	-0.0001974458497312407
23	46	-0.00019646249752271642
46	23	-0.00019646249752271642
23	29	-0.00019646193315318592
29	23	-0.00019646193315318592
45	29	-0.0001965871806897098
29	45	-0.0001965871806897098
26	46	-0.00019658805414244555
46	26	-0.00019658805414244555
26	29	-0.00019658774532155325
29	26	-0.00019658774532155325
0	51	-0.0001974370566503395
51	0	-0.0001974370566503395
0	24	-0.0001974308351903014
24	0	-0.0001974308351903014
0	27	-0.00019755725475817105
27	0	-0.00019755725475817105
1	47	-0.00019757010458934125
47	1	-0.00019757010458934125
1	50	-0.00019718222523445184
50	1	-0.00019718222523445184
1	7	-1.807017848933998e-05
7	1	-1.807017848933998e-05
1	8	-1.7390401869762912e-05
8	1	-1.7390401869762912e-05
1	48	-0.00019526125484251917
48	1	-0.00019526125484251917
1	51	-0.00019743762227769605
51	1	-0.00019743762227769605
1	17	-0.00019689304855621
17	1	-0.00019689304855621
1	49	-0.00019659047247211196
49	1	-0.00019659047247211196
1	24	-0.00019743140080008615
24	1	-0.00019743140080008615
1	27	-0.00019755782088992736
27	1	-0.00019755782088992736
1	30	-0.00019659498469200976
30	1	-0.00019659498469200976
0	35	-1.3220164643045889e-09
35	0	-1.3220164643045889e-09
0	50	-0.00019718253395405064
50	0	-0.00019718253395405064
0	36	-0.00014871618407673174
36	0	-0.00014871618407673174
0	48	-0.00019526156306167968
48	0	-0.00019526156306167968
0	39	-1.3676013456175427e-09
39	0	-1.3676013456175427e-09
0	40	-0.00014871587525551756
40	0	-0.00014871587525551756
0	17	-0.00019689335720047443
17	0	-0.00019689335720047443
0	18	-0.00014871709338364005
18	0	-0.00014871709338364005
0	49	-0.00019659078103755127
49	0	-0.00019659078103755127
0	43	-0.00014871150507639138
43	0	-0.00014871150507639138
0	25	-0.00014871918650520254
25	0	-0.00014871918650520254
0	28	-0.00014871748798852476
28	0	-0.00014871748798852476
0	30	-0.0001965952932586246
30	0	-0.0001965952932586246
47	3	-5.008649002282676e-09
3	47	-5.008649002282676e-09
47	4	-3.3105111556183418e-09
4	47	-3.3105111556183418e-09
47	50	-0.0001971834086773386
50	47	-0.0001971834086773386
47	36	-0.00014871702513032307
36	47	-0.00014871702513032307
47	37	-0.0001962877750639245
37	47	-0.0001962877750639245
47	6	-2.1102797626560054e-09
6	47	-2.1102797626560054e-09
47	7	-0.0001962865912484479
7	47	-0.0001962865912484479
47	8	-4.315107082087388e-05
8	47	-4.315107082087388e-05
47	10	-0.00019526375751990918
10	47	-0.00019526375751990918
47	11	-0.00019526331144451218
11	47	-0.00019526331144451218
47	48	-0.00019526243645046426
48	47	-0.00019526243645046426
47	39	-0.00014871001005431914
39	47	-0.00014871001005431914
47	13	-0.0001974332688383064
13	47	-0.0001974332688383064
47	14	-0.00019743383441919087
14	47	-0.00019743383441919087
47	51	-0.0001974354454806943
51	47	-0.0001974354454806943
47	40	-0.00014871671630889435
40	47	-0.00014871671630889435
47	41	-0.00019689541553834716
41	47	-0.00019689541553834716
47	16	-0.00019689510671691847
16	47	-0.00019689510671691847
47	17	-0.00019689423172287058
17	47	-0.00019689423172287058
47	18	-0.00014871793443786306
18	47	-0.00014871793443786306
47	20	-0.0001965928391652236
20	47	-0.0001965928391652236
47	21	-0.00019659253034379489
21	47	-0.00019659253034379489
47	49	-0.00019659165534974697
49	47	-0.00019659165534974697
47	43	-0.00014871290141465698
43	47	-0.00014871290141465698
47	44	-0.00019742691044245017
44	47	-0.00019742691044245017
47	23	-0.00019742761306386957
23	47	-0.00019742761306386957
47	24	-0.0001974292240708562
24	47	-0.0001974292240708562
47	25	-0.00014872002756087966
25	47	-0.00014872002756087966
47	45	-0.00019755346344783187
45	47	-0.00019755346344783187
47	26	-0.00019755402956438898
26	47	-0.00019755402956438898
47	27	-0.00019755564214891851
27	47	-0.00019755564214891851
47	28	-0.0001487183290430219
28	47	-0.0001487183290430219
47	46	-0.0001965973513894315
46	47	-0.0001965973513894315
47	29	-0.00019659704256800285
29	47	-0.00019659704256800285
47	30	-0.00019659616757395493
30	47	-0.00019659616757395493
35	3	-1.2191179527190751e-08
3	35	-1.2191179527190751e-08
35	4	-9.93524163337414e-09
4	35	-9.93524163337414e-09
35	50	-0.00014899301903052335
50	35	-0.00014899301903052335
35	36	-0.00019755350263106367
36	35	-0.00019755350263106367
35	37	-0.000149668901607121
37	35	-0.000149668901607121
35	6	-8.342379757508241e-09
6	35	-8.342379757508241e-09
35	7	-1.3216235434896602e-09
7	35	-1.3216235434896602e-09
35	8	-3.6686446638247334e-09
8	35	-3.6686446638247334e-09
35	10	-1.8229290255029756e-09
10	35	-1.8229290255029756e-09
35	11	-0.00015046267471975692
11	35	-0.00015046267471975692
35	48	-0.00015046409539758453
48	35	-0.00015046409539758453
35	39	-0.0001975674057617355
39	35	-0.0001975674057617355
35	13	-0.00014860016109993486
13	35	-0.00014860016109993486
35	14	-0.00014860065039091276
14	35	-0.00014860065039091276
35	51	-0.00014860204529620568
51	35	-0.00014860204529620568
35	40	-0.00019755391285424627
40	35	-0.00019755391285424627
35	41	-0.0001492087213457023
41	35	-0.0001492087213457023
35	16	-0.00014920921359897488
16	35	-0.00014920921359897488
35	17	-0.00014921061693269825
17	35	-0.00014921061693269825
35	18	-0.00019755069931061541
18	35	-0.00019755069931061541
35	20	-0.0001494431226250508
20	35	-0.0001494431226250508
35	21	-0.00014944361600414258
21	35	-0.00014944361600414258
35	49	-0.00014944502254096728
49	35	-0.00014944502254096728
35	43	-0.00019756298399987055
43	35	-0.00019756298399987055
35	44	-0.00014859465459274678
44	35	-0.00014859465459274678
35	23	-0.00014859524702381293
23	35	-0.00014859524702381293
35	24	-0.00014859664188183054
24	35	-0.00014859664188183054
35	25	-0.000197545662618643
25	35	-0.000197545662618643
35	45	-0.00014869032361763073
45	35	-0.00014869032361763073
35	26	-0.00014869081335041663
26	35	-0.00014869081335041663
35	27	-0.00014869220951278315
27	35	-0.00014869220951278315
35	28	-0.00019755017514967095
28	35	-0.00019755017514967095
35	46	-0.000149434934095382
46	35	-0.000149434934095382
35	29	-0.00014943542745028763
29	35	-0.00014943542745028763
35	30	-0.00014943683391838635
30	35	-0.00014943683391838635
2	51	-4.86059525968998e-05
51	2	-4.86059525968998e-05
2	24	-4.86022246772239e-05
24	2	-4.86022246772239e-05
3	50	-0.000197570100214762
50	3	-0.000197570100214762
3	36	-2.8710562612101066e-09
36	3	-2.8710562612101066e-09
3	7	-0.0001518614723944132
7	3	-0.0001518614723944132
3	8	-4.3227881923994017e-05
8	3	-4.3227881923994017e-05
3	48	-3.3149522711059417e-09
48	3	-3.3149522711059417e-09
3	39	-9.889538240124705e-09
39	3	-9.889538240124705e-09
3	51	-0.00019705498631373137
51	3	-0.00019705498631373137
3	40	-2.87106222140208e-09
40	3	-2.87106222140208e-09
3	17	-0.00019728134002881944
17	3	-0.00019728134002881944
3	18	-1.276017205288744e-09
18	3	-1.276017205288744e-09
3	49	-1.5342220084555208e-09
49	3	-1.5342220084555208e-09
3	43	-7.542402768661035e-09
43	3	-7.542402768661035e-09
3	24	-0.0001970497628817366
24	3	-0.0001970497628817366
3	25	-0.0001490087633304704
25	3	-0.0001490087633304704
3	27	-0.00019717594635323838
27	3	-0.00019717594635323838
3	28	-1.2760138205457482e-09
28	3	-1.2760138205457482e-09
3	30	-0.00019698267773680546
30	3	-0.00019698267773680546
4	36	-6.152263416878783e-10
36	4	-6.152263416878783e-10
4	7	-0.00015685127849034649
7	4	-0.00015685127849034649
4	8	-4.3228207403337946e-05
8	4	-4.3228207403337946e-05
4	48	-1.59673093686778e-09
48	4	-1.59673093686778e-09
4	39	-7.633629747561691e-09
39	4	-7.633629747561691e-09
4	51	-0.00019705467768432974
51	4	-0.00019705467768432974
4	40	-6.152276188718726e-10
40	4	-6.152276188718726e-10
4	17	-0.00019728164939411246
17	4	-0.00019728164939411246
4	18	-1.276431309516625e-09
18	4	-1.276431309516625e-09
4	49	-1.534594237743439e-09
49	4	-1.534594237743439e-09
4	43	-5.286517952656674e-09
43	4	-5.286517952656674e-09
4	24	-0.00019704919774871863
24	4	-0.00019704919774871863
4	25	-0.00014900925457339895
25	4	-0.00014900925457339895
4	27	-0.00019717538069883973
27	4	-0.00019717538069883973
4	28	-1.276427922576383e-09
28	4	-1.276427922576383e-09
4	30	-0.00019698298702413674
30	4	-0.00019698298702413674
50	2	-4.873380946709489e-05
2	50	-4.873380946709489e-05
50	37	-0.00019667485168928684
37	50	-0.00019667485168928684
50	6	-0.00019667454224783158
6	50	-0.00019667454224783158
50	7	-0.00019667366549704177
7	50	-0.00019667366549704177
50	8	-4.322913819352991e-05
8	50	-4.322913819352991e-05
50	10	-0.0001956445393658871
10	50	-0.0001956445393658871
50	11	-0.0001956438370592075
11	50	-0.0001956438370592075
50	48	-0.00019564222834546344
48	50	-0.00019564222834546344
50	39	-0.0001489962708643001
39	50	-0.0001489962708643001
50	13	-0.0001970516288001929
13	50	-0.0001970516288001929
50	14	-0.00019705219380494263
14	50	-0.00019705219380494263
50	51	-0.00019705380323435843
51	50	-0.00019705380323435843
50	40	-0.00014900514603822813
40	50	-0.00014900514603822813
50	41	-0.0001972837121348377
41	50	-0.0001972837121348377
50	16	-0.00019728340269338247
16	50	-0.00019728340269338247
50	17	-0.00019728252594259266
17	50	-0.00019728252594259266
50	18	-0.00014900727414922317
18	50	-0.00014900727414922317
50	20	-0.0001969780087695034
20	50	-0.0001969780087695034
50	21	-0.00019697744224379148
21	50	-0.00019697744224379148
50	49	-0.00019697582852614437
49	50	-0.00019697582852614437
50	43	-0.00014899917049225023
43	50	-0.00014899917049225023
50	44	-0.00019704527683620557
44	50	-0.00019704527683620557
50	23	-0.00019704597862141074
23	50	-0.00019704597862141074
50	24	-0.00019704758799636246
24	50	-0.00019704758799636246
50	25	-0.00014901065503226103
25	50	-0.00014901065503226103
50	45	-0.00019717159296817218
45	50	-0.00019717159296817218
50	26	-0.00019717215850789904
26	50	-0.00019717215850789904
50	27	-0.00019717376945837064
27	50	-0.00019717376945837064
50	28	-0.00014900766954072074
28	50	-0.00014900766954072074
50	46	-0.00019698504955696392
46	50	-0.00019698504955696392
50	29	-0.0001969847401155087
29	50	-0.0001969847401155087
50	30	-0.0001969838633647189
30	50	-0.0001969838633647189
36	37	-0.00014968141895887078
37	36	-0.00014968141895887078
36	6	-6.154210315242022e-10
6	36	-6.154210315242022e-10
36	7	-0.00014968332333275676
7	36	-0.00014968332333275676
36	8	-0.0001975652404449824
8	36	-0.0001975652404449824
36	10	-0.0001504745895609483
10	36	-0.0001504745895609483
36	11	-0.00015047499539582804
11	36	-0.00015047499539582804
36	48	-0.00015047584764248757
48	36	-0.00015047584764248757
36	39	-0.00019755838002042775
39	36	-0.00019755838002042775
36	13	-0.00014861255088863024
13	36	-0.00014861255088863024
36	14	-0.00014861304021632855
14	36	-0.00014861304021632855
36	51	-0.00014861443522596796
51	36	-0.00014861443522596796
36	40	-0.00019757187320234489
40	36	-0.00019757187320234489
36	41	-0.0001492211836665039
41	36	-0.0001492211836665039
36	16	-0.00014922167595686695
16	36	-0.00014922167595686695
36	17	-0.00014922307939598773
17	36	-0.00014922307939598773
36	18	-0.00019756947991547572
18	36	-0.00019756947991547572
36	20	-0.00014945561249365966
20	36	-0.00014945561249365966
36	21	-0.00014945610590998246
21	36	-0.00014945610590998246
36	49	-0.00014945751255260372
49	36	-0.00014945751255260372
36	43	-0.0001975628016647205
43	36	-0.0001975628016647205
36	44	-0.0001486070439698874
44	36	-0.0001486070439698874
36	23	-0.0001486076364499347
23	36	-0.0001486076364499347
36	24	-0.00014860903141229354
24	36	-0.00014860903141229354
36	25	-0.00019756444272152275
25	36	-0.00019756444272152275
36	45	-0.00014870272422776756
45	36	-0.00014870272422776756
36	26	-0.00014870321399732906
26	36	-0.00014870321399732906
36	27	-0.00014870461026419879
27	36	-0.00014870461026419879
36	28	-0.00019756895567996593
28	36	-0.00019756895567996593
36	46	-0.0001494474233850485
46	36	-0.0001494474233850485
36	29	-0.00014944791677718247
29	36	-0.00014944791677718247
36	30	-0.0001494493233510703
30	36	-0.0001494493233510703
2	17	-4.8804146297993985e-05
17	2	-4.8804146297993985e-05
2	49	-4.888400221759297e-05
49	2	-4.888400221759297e-05
2	30	-4.887812279403334e-05
30	2	-4.887812279403334e-05
37	7	-0.00019757009020670058
7	37	-0.00019757009020670058
37	8	-4.342240172063434e-05
8	37	-4.342240172063434e-05
37	48	-0.0001965309869290951
48	37	-0.0001965309869290951
37	39	-0.0001496721742450027
39	37	-0.0001496721742450027
37	51	-0.00019615872653137436
51	37	-0.00019615872653137436
37	40	-0.00014968110811200254
40	37	-0.00014968110811200254
37	17	-0.00019696371294658185
17	37	-0.00019696371294658185
37	18	-0.00014968325006937938
18	37	-0.00014968325006937938
37	49	-0.00019726688198708976
49	37	-0.00019726688198708976
37	43	-0.00014967509318852408
43	37	-0.00014967509318852408
37	24	-0.0001961554201664444
24	37	-0.0001961554201664444
37	25	-0.0001496866522288923
25	37	-0.0001496866522288923
37	27	-0.00019627935244892367
27	37	-0.00019627935244892367
37	28	-0.00014968364726503013
28	37	-0.00014968364726503013
37	30	-0.00019726234682326764
30	37	-0.00019726234682326764
6	8	-4.342272899265869e-05
8	6	-4.342272899265869e-05
6	48	-3.8191680885205246e-10
48	6	-3.8191680885205246e-10
6	39	-6.040239276477499e-09
39	6	-6.040239276477499e-09
6	51	-0.0001961584179019727
51	6	-0.0001961584179019727
6	40	-6.154223095166611e-10
40	6	-6.154223095166611e-10
6	17	-0.00019696340304871897
17	6	-0.00019696340304871897
6	18	-0.00014968374461374218
18	6	-0.00014968374461374218
6	49	-0.0001972665716197158
49	6	-0.0001972665716197158
6	43	-3.6925287451266e-09
43	6	-3.6925287451266e-09
6	24	-0.00019615511153765877
24	6	-0.00019615511153765877
6	25	-0.00014968714678288743
25	6	-0.00014968714678288743
6	27	-0.00019627904362781677
27	6	-0.00019627904362781677
6	28	-0.00014968414181001788
28	6	-0.00014968414181001788
6	30	-0.00019726203645554157
30	6	-0.00019726203645554157
7	2	-1.6647764234084393e-07
2	7	-1.6647764234084393e-07
7	10	-0.00019593638200142674
10	7	-0.00019593638200142674
7	11	-0.00017005462578349823
11	7	-0.00017005462578349823
7	48	-0.00019653317384703647
48	7	-0.00019653317384703647
7	39	-0.00014967407851186655
39	7	-0.00014967407851186655
7	13	-0.00019615636172429858
13	7	-0.00019615636172429858
7	14	-0.0001961566699848489
14	7	-0.0001961566699848489
7	51	-0.00019615754345200142
51	7	-0.00019615754345200142
7	40	-0.00014968301248401375
40	7	-0.00014968301248401375
7	41	-0.00019696133764858604
41	7	-0.00019696133764858604
7	16	-0.0001969616473865186
16	7	-0.0001969616473865186
7	17	-0.00019696252500477424
17	7	-0.00019696252500477424
7	18	-0.00014968515446596125
18	7	-0.00014968515446596125
7	20	-0.0001972645027993584
20	7	-0.0001972645027993584
7	21	-0.00019726481308593333
21	7	-0.00019726481308593333
7	49	-0.00019726569224548968
49	7	-0.00019726569224548968
7	43	-0.00014967699749013602
43	7	-0.00014967699749013602
7	44	-0.00019615193186481466
44	7	-0.00019615193186481466
7	23	-0.00019615263164466116
23	7	-0.00019615263164466116
7	24	-0.00019615423708943292
24	7	-0.00019615423708943292
7	25	-0.00014968855666247307
25	7	-0.00014968855666247307
7	45	-0.00019627698605772514
45	7	-0.00019627698605772514
7	26	-0.00019627729454117565
26	7	-0.00019627729454117565
7	27	-0.00019627816863468064
27	7	-0.00019627816863468064
7	28	-0.00014968555166400757
28	7	-0.00014968555166400757
7	46	-0.00019725996763719078
46	7	-0.00019725996763719078
7	29	-0.00019726027792293032
29	7	-0.00019726027792293032
7	30	-0.00019726115708031778
30	7	-0.00019726115708031778
8	10	-4.365834295284074e-05
10	8	-4.365834295284074e-05
8	11	-4.365870299464774e-05
11	8	-4.365870299464774e-05
8	48	-4.365964486821545e-05
48	8	-4.365964486821545e-05
8	39	-1.3671789511844158e-09
39	8	-1.3671789511844158e-09
8	13	-4.311447334503008e-05
13	8	-4.311447334503008e-05
8	14	-4.311479779336974e-05
14	8	-4.311479779336974e-05
8	51	-4.3115725639806546e-05
51	8	-4.3115725639806546e-05
8	40	-0.0001975648301709212
40	8	-0.0001975648301709212
8	41	-4.329013236738304e-05
41	8	-4.329013236738304e-05
8	16	-4.329045842224941e-05
16	8	-4.329045842224941e-05
8	17	-4.329139085572384e-05
17	8	-4.329139085572384e-05
8	18	-0.00019756804395016373
18	8	-0.00019756804395016373
8	20	-4.33615015730188e-05
20	8	-4.33615015730188e-05
8	21	-4.336182824167829e-05
21	8	-4.336182824167829e-05
8	49	-4.336276242749427e-05
49	8	-4.336276242749427e-05
8	43	-0.00019755575894637225
43	8	-0.00019755575894637225
8	44	-4.311080755522121e-05
44	8	-4.311080755522121e-05
8	23	-4.3111161913953004e-05
23	8	-4.3111161913953004e-05
8	24	-4.311208972876613e-05
24	8	-4.311208972876613e-05
8	25	-0.00019757148571558094
25	8	-0.00019757148571558094
8	45	-4.3139762566245475e-05
45	8	-4.3139762566245475e-05
8	26	-4.3140087253575455e-05
26	8	-4.3140087253575455e-05
8	27	-4.314101578242825e-05
27	8	-4.314101578242825e-05
8	28	-0.00019756856819347547
28	8	-0.00019756856819347547
8	46	-4.335574902855622e-05
46	8	-4.335574902855622e-05
8	29	-4.3356075680685896e-05
29	8	-4.3356075680685896e-05
8	30	-4.3357009819469224e-05
30	8	-4.3357009819469224e-05
10	48	-0.0001975699399184704
48	10	-0.0001975699399184704
10	39	-0.00015046536744954493
39	10	-0.00015046536744954493
10	51	-0.0001951311291056328
51	10	-0.0001951311291056328
10	40	-0.00015047427708408085
40	10	-0.00015047427708408085
10	17	-0.00019593066254765406
17	10	-0.00019593066254765406
10	18	-0.0001504755096317245
18	10	-0.0001504755096317245
10	49	-0.0001962369847121485
49	10	-0.0001962369847121485
10	43	-0.00015046830887917263
43	10	-0.00015046830887917263
10	24	-0.0001951249462041054
24	10	-0.0001951249462041054
10	25	-0.0001504776275304924
25	10	-0.0001504776275304924
10	27	-0.00019524991035325127
27	10	-0.00019524991035325127
10	28	-0.00015047590890772172
28	10	-0.00015047590890772172
10	30	-0.00019622772183041707
30	10	-0.00019622772183041707
11	39	-0.00015046597157168247
39	11	-0.00015046597157168247
11	51	-0.00019513042931026378
51	11	-0.00019513042931026378
11	40	-0.00015047468291865863
40	11	-0.00015047468291865863
11	17	-0.00019592995883550656
17	11	-0.00019592995883550656
11	18	-0.00015047591546749354
18	11	-0.00015047591546749354
11	49	-0.00019623627951589575
49	11	-0.00019623627951589575
11	43	-0.00015046891301349712
43	11	-0.00015046891301349712
11	24	-0.00019512424642850526
24	11	-0.00019512424642850526
11	25	-0.00015047803336830845
25	11	-0.00015047803336830845
11	27	-0.0001952492099728153
27	11	-0.0001952492099728153
11	28	-0.00015047631474387666
28	11	-0.00015047631474387666
11	30	-0.0001962270166624756
30	11	-0.0001962270166624756
48	13	-0.00019512666388422835
13	48	-0.00019512666388422835
48	14	-0.0001951272258670141
14	48	-0.0001951272258670141
48	51	-0.00019512882673391877
51	48	-0.00019512882673391877
48	40	-0.0001504755351650985
40	48	-0.0001504755351650985
48	41	-0.00019592617015464392
41	48	-0.00019592617015464392
48	16	-0.00019592673569760748
16	48	-0.00019592673569760748
48	17	-0.00019592834668696204
17	48	-0.00019592834668696204
48	18	-0.0001504767677147998
18	48	-0.0001504767677147998
48	20	-0.0001962324820097228
20	48	-0.0001962324820097228
48	21	-0.00019623304890430403
21	48	-0.00019623304890430403
48	49	-0.0001962346637365288
49	48	-0.0001962346637365288
48	43	-0.00015047033374474396
43	48	-0.00015047033374474396
48	44	-0.00019512034566600256
44	48	-0.00019512034566600256
48	23	-0.00019512104308934395
23	48	-0.00019512104308934395
48	24	-0.00019512264390207282
24	48	-0.00019512264390207282
48	25	-0.00015047888561710345
25	48	-0.00015047888561710345
48	45	-0.00019524544107599488
45	48	-0.00019524544107599488
48	26	-0.00019524600359002988
26	48	-0.00019524600359002988
48	27	-0.00019524760596742753
27	48	-0.00019524760596742753
48	28	-0.0001504771669914636
28	48	-0.0001504771669914636
48	46	-0.00019622321933399883
46	48	-0.00019622321933399883
48	29	-0.00019622378620101852
29	48	-0.00019622378620101852
48	30	-0.00019622540095495369
30	48	-0.00019622540095495369
39	13	-0.00014860340093777452
13	39	-0.00014860340093777452
39	14	-0.0001486038902381016
14	39	-0.0001486038902381016
39	51	-0.00014860528516995935
51	39	-0.00014860528516995935
39	40	-0.00019755879025851823
40	39	-0.00019755879025851823
39	41	-0.000149211979834105
41	39	-0.000149211979834105
39	16	-0.00014921247209682045
16	39	-0.00014921247209682045
39	17	-0.0001492138754573747
17	39	-0.0001492138754573747
39	18	-0.00019755557663749492
18	39	-0.00019755557663749492
39	20	-0.00014944638819459766
20	39	-0.00014944638819459766
39	21	-0.00014944688158316792
21	39	-0.00014944688158316792
39	49	-0.0001494482881469245
49	39	-0.0001494482881469245
39	43	-0.00019756786161843762
43	39	-0.00019756786161843762
39	44	-0.00014859789432581418
44	39	-0.00014859789432581418
39	23	-0.0001485984867693823
23	39	-0.0001485984867693823
39	24	-0.00014859988165396337
24	39	-0.00014859988165396337
39	25	-0.0001975505398181942
25	39	-0.0001975505398181942
39	45	-0.00014869356623853494
45	39	-0.00014869356623853494
39	26	-0.00014869405598068403
26	39	-0.00014869405598068403
39	27	-0.00014869545216965503
27	39	-0.00014869545216965503
39	28	-0.000197555052457502
28	39	-0.000197555052457502
39	46	-0.000149438199517806
46	39	-0.000149438199517806
39	29	-0.00014943869288218945
29	39	-0.00014943869288218945
39	30	-0.00014944009937721818
30	39	-0.00014944009937721818
13	51	-0.0001975701059441825
51	13	-0.0001975701059441825
13	40	-0.0001486122422675582
40	13	-0.0001486122422675582
13	17	-0.0001967636237844715
17	13	-0.0001967636237844715
13	18	-0.00014861436239443056
18	13	-0.00014861436239443056
13	49	-0.00019645675189069984
49	13	-0.00019645675189069984
13	43	-0.0001486062894277345
43	13	-0.0001486062894277345
13	24	-0.00019756823705606276
24	13	-0.00019756823705606276
13	25	-0.000148617731009332
25	13	-0.000148617731009332
13	27	-0.0001974496719972405
27	13	-0.0001974496719972405
13	28	-0.0001486147567459737
28	13	-0.0001486147567459737
13	30	-0.00019646574525801854
30	13	-0.00019646574525801854
14	40	-0.00014861273159477443
40	14	-0.00014861273159477443
14	17	-0.00019676393220312331
17	14	-0.00019676393220312331
14	18	-0.00014861485172793114
18	14	-0.00014861485172793114
14	49	-0.00019645731595615613
49	14	-0.00019645731595615613
14	43	-0.0001486067787369471
43	14	-0.0001486067787369471
14	24	-0.00019756767124812599
24	14	-0.00019756767124812599
14	25	-0.0001486182203522988
25	14	-0.0001486182203522988
14	27	-0.00019744998059450584
27	14	-0.00019744998059450584
14	28	-0.0001486152460800903
28	14	-0.0001486152460800903
14	30	-0.0001964660535991173
30	14	-0.0001964660535991173
51	41	-0.00019676598917125302
41	51	-0.00019676598917125302
51	16	-0.0001967656805418514
16	51	-0.0001967656805418514
51	17	-0.00019676480609188008
17	51	-0.00019676480609188008
51	18	-0.00014861624675406248
18	51	-0.00014861624675406248
51	20	-0.00019646109464419498
20	51	-0.00019646109464419498
51	21	-0.00019646053027805793
21	51	-0.00019646053027805793
51	49	-0.000196458922724072
49	51	-0.000196458922724072
51	43	-0.0001486081736940572
43	51	-0.0001486081736940572
51	44	-0.000197563744936326
44	51	-0.000197563744936326
51	23	-0.00019756444789136715
23	51	-0.00019756444789136715
51	24	-0.0001975660595610124
24	51	-0.0001975660595610124
51	25	-0.0001486196154053249
25	51	-0.0001486196154053249
51	45	-0.00019745203803893879
45	51	-0.00019745203803893879
51	26	-0.00019745172940953716
26	51	-0.00019745172940953716
51	27	-0.00019745085495956585
27	51	-0.00019745085495956585
51	28	-0.00014861664110796702
28	51	-0.00014861664110796702
51	46	-0.00019646811036043866
46	51	-0.00019646811036043866
51	29	-0.00019646780173103703
29	51	-0.00019646780173103703
51	30	-0.00019646692728106572
30	51	-0.00019646692728106572
40	41	-0.0001492208737789565
41	40	-0.0001492208737789565
40	16	-0.00014922136606883348
16	40	-0.00014922136606883348
40	17	-0.00014922276950657707
17	40	-0.00014922276950657707
40	18	-0.00019756906963729664
18	40	-0.00019756906963729664
40	20	-0.00014945530212915687
20	40	-0.00014945530212915687
40	21	-0.00014945579554499213
21	40	-0.00014945579554499213
