0	1	-4.390495188511839e-05
1	0	-4.390495188511839e-05
10	0	-2.1684384153598192e-07
0	10	-2.1684384153598192e-07
1	3	-1.8790418437020857e-05
3	1	-1.8790418437020857e-05
10	3	-6.156470156171689e-05
3	10	-6.156470156171689e-05
0	36	-2.1206570242089164e-07
36	0	-2.1206570242089164e-07
2	36	-1.7091009440389923e-07
36	2	-1.7091009440389923e-07
0	2	-3.9514456696606546e-05
2	0	-3.9514456696606546e-05
3	2	-0.00018439560001474824
2	3	-0.00018439560001474824
36	1	-2.0499208229297111e-07
1	36	-2.0499208229297111e-07
2	1	-4.342142446562938e-05
1	2	-4.342142446562938e-05
7	1	-2.234296871863733e-09
1	7	-2.234296871863733e-09
2	7	-0.00016383536130342637
7	2	-0.00016383536130342637
10	7	-6.156766100192952e-05
7	10	-6.156766100192952e-05
0	38	-2.0471703205633286e-07
38	0	-2.0471703205633286e-07
2	38	-1.6498758109122244e-07
38	2	-1.6498758109122244e-07
0	6	-1.2759974857341582e-09
6	0	-1.2759974857341582e-09
7	6	-0.00019146318467332956
6	7	-0.00019146318467332956
38	5	-4.896318035563402e-05
5	38	-4.896318035563402e-05
6	5	-0.00014836382554860811
5	6	-0.00014836382554860811
0	4	-1.807017848933998e-05
4	0	-1.807017848933998e-05
5	4	-0.00018331090386541934
4	5	-0.00018331090386541934
37	0	-0.00019582577406855044
0	37	-0.00019582577406855044
8	3	-0.00015048889697329086
3	8	-0.00015048889697329086
0	3	-1.8790418437020857e-05
3	0	-1.8790418437020857e-05
2	31	-2.2798947672078895e-09
31	2	-2.2798947672078895e-09
10	31	-9.45879632557416e-09
31	10	-9.45879632557416e-09
1	10	-2.0961084277854855e-07
10	1	-2.0961084277854855e-07
2	10	-1.7476093967455145e-07
10	2	-1.7476093967455145e-07
0	39	-1.444708742808857e-08
39	0	-1.444708742808857e-08
10	49	-2.256901712394135e-09
49	10	-2.256901712394135e-09
0	9	-6.04165420586633e-09
9	0	-6.04165420586633e-09
0	8	-5.781228932154545e-09
8	0	-5.781228932154545e-09
9	8	-0.00019757171043652448
8	9	-0.00019757171043652448
8	2	-4.063426050995918e-09
2	8	-4.063426050995918e-09
0	24	-2.1657658712067928e-07
24	0	-2.1657658712067928e-07
2	24	-1.6717552597489094e-07
24	2	-1.6717552597489094e-07
24	12	-4.693505669306251e-05
12	24	-4.693505669306251e-05
6	12	-0.0001504674551633624
12	6	-0.0001504674551633624
0	11	-0.00014853300913361588
11	0	-0.00014853300913361588
40	2	-4.364822407735219e-05
2	40	-4.364822407735219e-05
2	4	-4.303848863961379e-05
4	2	-4.303848863961379e-05
2	32	-4.650985325104093e-09
32	2	-4.650985325104093e-09
10	32	-7.156692628560467e-09
32	10	-7.156692628560467e-09
1	15	-2.1460946219286498e-07
15	1	-2.1460946219286498e-07
2	15	-1.7892848852050645e-07
15	2	-1.7892848852050645e-07
0	41	-1.2145455137447578e-08
41	0	-1.2145455137447578e-08
32	41	-0.00019752204713557937
41	32	-0.00019752204713557937
0	14	-4.3127092782502746e-09
14	0	-4.3127092782502746e-09
0	13	-4.050797412721086e-09
13	0	-4.050797412721086e-09
13	2	-2.322786010805621e-09
2	13	-2.322786010805621e-09
11	6	-0.00015046603445924522
6	11	-0.00015046603445924522
6	2	-0.0001587694360983255
2	6	-0.0001587694360983255
2	33	-3.830223208909254e-09
33	2	-3.830223208909254e-09
10	33	-1.367472296781929e-10
33	10	-1.367472296781929e-10
1	18	-2.0612125035057018e-07
18	1	-2.0612125035057018e-07
2	18	-1.7185152695662736e-07
18	2	-1.7185152695662736e-07
0	42	-5.126896823932279e-09
42	0	-5.126896823932279e-09
16	2	-4.348513240659537e-05
2	16	-4.348513240659537e-05
1	21	-2.0827671956898794e-07
21	1	-2.0827671956898794e-07
2	21	-1.7364862781771319e-07
21	2	-1.7364862781771319e-07
1	43	-9.889578161553544e-09
43	1	-9.889578161553544e-09
32	43	-0.00019752270797428962
43	32	-0.00019752270797428962
0	20	-4.281458403328443e-09
20	0	-4.281458403328443e-09
2	19	-2.305948940195066e-09
19	2	-2.305948940195066e-09
9	5	-0.00019473312799216534
5	9	-0.00019473312799216534
0	5	-1.676581701387706e-05
5	0	-1.676581701387706e-05
5	2	-4.303941456937302e-05
2	5	-4.303941456937302e-05
2	34	-6.178514819133383e-09
34	2	-6.178514819133383e-09
10	34	-2.4842708565087497e-09
34	10	-2.4842708565087497e-09
1	24	-2.0935250284677524e-07
24	1	-2.0935250284677524e-07
0	44	-7.473969352763007e-09
44	0	-7.473969352763007e-09
24	52	-4.694106787504085e-05
52	24	-4.694106787504085e-05
0	23	-7.289279128100691e-10
23	0	-7.289279128100691e-10
0	22	-4.685957744428448e-10
22	0	-4.685957744428448e-10
22	2	-4.3654144725218076e-05
2	22	-4.3654144725218076e-05
0	46	-2.2368681470580584e-07
46	0	-2.2368681470580584e-07
2	46	-1.8027589648796754e-07
46	2	-1.8027589648796754e-07
3	27	-0.0001975219104108811
27	3	-0.0001975219104108811
45	2	-4.3988266628957966e-05
2	45	-4.3988266628957966e-05
0	48	-2.091004238308384e-07
48	0	-2.091004238308384e-07
2	48	-1.6852028766959753e-07
48	2	-1.6852028766959753e-07
1	30	-1.276433076623009e-09
30	1	-1.276433076623009e-09
7	30	-0.00019752270797428962
30	7	-0.00019752270797428962
0	28	-0.00019688076229201014
28	0	-0.00019688076229201014
0	47	-0.00019688045270544306
47	0	-0.00019688045270544306
35	2	-4.3420161313806084e-05
2	35	-4.3420161313806084e-05
37	2	-4.303813504188202e-05
2	37	-4.303813504188202e-05
2	47	-4.3269860113438855e-05
47	2	-4.3269860113438855e-05
0	19	-4.021441634720995e-09
19	0	-4.021441634720995e-09
4	8	-0.00017005462578349823
8	4	-0.00017005462578349823
4	9	-0.00019194878395315497
9	4	-0.00019194878395315497
4	11	-0.00019593638200142674
11	4	-0.00019593638200142674
2	11	-4.364855340843746e-05
11	2	-4.364855340843746e-05
2	17	-4.348548686445883e-05
17	2	-4.348548686445883e-05
2	20	-2.566020846534013e-09
20	2	-2.566020846534013e-09
2	23	-4.365447407471952e-05
23	2	-4.365447407471952e-05
2	28	-4.3270185996670984e-05
28	2	-4.3270185996670984e-05
8	11	-0.00019749309187445471
11	8	-0.00019749309187445471
9	11	-0.00019749251913365865
11	9	-0.00019749251913365865
9	2	-4.323903220018405e-09
2	9	-4.323903220018405e-09
14	2	-2.584755043333288e-09
2	14	-2.584755043333288e-09
0	29	-0.00019688163948490767
29	0	-0.00019688163948490767
35	6	-0.00014968331807392992
6	35	-0.00014968331807392992
0	49	-6.788210865130763e-09
49	0	-6.788210865130763e-09
0	50	-5.063527642453293e-09
50	0	-5.063527642453293e-09
0	51	-5.026836002269466e-09
51	0	-5.026836002269466e-09
0	43	-1.2145495760617598e-08
43	0	-1.2145495760617598e-08
0	52	-1.4752178611134488e-09
52	0	-1.4752178611134488e-09
0	30	-1.2760044022249478e-09
30	0	-1.2760044022249478e-09
1	4	-1.807017848933998e-05
4	1	-1.807017848933998e-05
1	5	-1.676581701387706e-05
5	1	-1.676581701387706e-05
1	6	-1.2764261554842535e-09
6	1	-1.2764261554842535e-09
1	8	-4.06248519556806e-09
8	1	-4.06248519556806e-09
1	9	-4.322907750749188e-09
9	1	-4.322907750749188e-09
1	49	-5.069456707463386e-09
49	1	-5.069456707463386e-09
1	39	-1.2191154217708815e-08
39	1	-1.2191154217708815e-08
1	11	-0.00015325819162212103
11	1	-0.00015325819162212103
1	13	-2.3222243788444183e-09
13	1	-2.3222243788444183e-09
1	14	-2.5841334946600852e-09
14	1	-2.5841334946600852e-09
1	50	-3.3349440679606195e-09
50	1	-3.3349440679606195e-09
1	41	-9.889545083775329e-09
41	1	-9.889545083775329e-09
1	42	-2.87106222140208e-09
42	1	-2.87106222140208e-09
1	19	-2.305395419904711e-09
19	1	-2.305395419904711e-09
1	20	-2.56540827405915e-09
20	1	-2.56540827405915e-09
1	51	-3.3107781945981676e-09
51	1	-3.3107781945981676e-09
1	22	-4.687168660909925e-10
22	1	-4.687168660909925e-10
1	23	-7.291153172237444e-10
23	1	-7.291153172237444e-10
1	52	-1.475591560187577e-09
52	1	-1.475591560187577e-09
1	44	-5.218106651776616e-09
44	1	-5.218106651776616e-09
2	49	-2.135905502086433e-09
49	2	-2.135905502086433e-09
2	39	-1.3220137189950563e-09
39	2	-1.3220137189950563e-09
2	12	-4.364949519616283e-05
12	2	-4.364949519616283e-05
2	50	-3.3357335297070426e-09
50	2	-3.3357335297070426e-09
2	41	-6.0402434575523605e-09
41	2	-6.0402434575523605e-09
2	53	-4.348642434260062e-05
53	2	-4.348642434260062e-05
2	42	-2.8719707777444262e-09
42	2	-2.8719707777444262e-09
2	51	-3.3115562551723316e-09
51	2	-3.3115562551723316e-09
2	43	-6.040263666162465e-09
43	2	-6.040263666162465e-09
2	52	-4.365541591486313e-05
52	2	-4.365541591486313e-05
2	44	-5.219695932372288e-09
44	2	-5.219695932372288e-09
2	25	-4.3988626339874666e-05
25	2	-4.3988626339874666e-05
2	26	-4.398957703800902e-05
26	2	-4.398957703800902e-05
2	29	-4.32711179401517e-05
29	2	-4.32711179401517e-05
37	6	-0.0001483618430640203
6	37	-0.0001483618430640203
4	6	-0.00014836243400139672
6	4	-0.00014836243400139672
4	39	-1.3216207998117683e-09
39	4	-1.3216207998117683e-09
5	8	-0.0001947336891425758
8	5	-0.0001947336891425758
5	49	-0.00019473152963883625
49	5	-0.00019473152963883625
5	39	-0.00014834640086185585
39	5	-0.00014834640086185585
5	11	-0.00019481091357765958
11	5	-0.00019481091357765958
5	41	-0.00014834922219625555
41	5	-0.00014834922219625555
5	43	-0.00014834872583040164
43	5	-0.00014834872583040164
6	8	-0.00015052503368103497
8	6	-0.00015052503368103497
6	9	-0.00015052533384708568
9	6	-0.00015052533384708568
6	49	-0.00015052618638591766
49	6	-0.00015052618638591766
6	39	-0.000197545799406321
39	6	-0.000197545799406321
6	40	-0.00015046553610071947
40	6	-0.00015046553610071947
6	13	-0.00015138565715304422
13	6	-0.00015138565715304422
6	14	-0.000151385959267032
14	6	-0.000151385959267032
6	50	-0.00015138681729883648
50	6	-0.00015138681729883648
6	41	-0.00019755012959103536
41	6	-0.00019755012959103536
6	16	-0.000149895971560649
16	6	-0.000149895971560649
6	17	-0.00014989655896786616
17	6	-0.00014989655896786616
6	53	-0.00014989797172505423
53	6	-0.00014989797172505423
6	42	-0.00019756375894598298
42	6	-0.00019756375894598298
6	19	-0.00015028831500139803
19	6	-0.00015028831500139803
6	20	-0.0001502887201453324
20	6	-0.0001502887201453324
6	51	-0.00015028957118784646
51	6	-0.00015028957118784646
6	43	-0.00019754946862100663
43	6	-0.00019754946862100663
6	22	-0.00015047439607791715
22	6	-0.00015047439607791715
6	23	-0.0001504748944641616
23	6	-0.0001504748944641616
6	52	-0.0001504759318159298
52	6	-0.0001504759318159298
6	44	-0.00019755894980678104
44	6	-0.00019755894980678104
6	45	-0.00015164230770791588
45	6	-0.00015164230770791588
6	25	-0.00015164290584310027
25	6	-0.00015164290584310027
6	26	-0.0001516443429906086
26	6	-0.0001516443429906086
6	27	-0.00019756804396728217
27	6	-0.00019756804396728217
6	47	-0.00014916086946791
47	6	-0.00014916086946791
6	28	-0.0001491613614597338
28	6	-0.0001491613614597338
6	29	-0.00014916276404941834
29	6	-0.00014916276404941834
6	30	-0.00019757121219679492
30	6	-0.00019757121219679492
39	11	-0.00015044825604660552
11	39	-0.00015044825604660552
35	10	-0.00012026099286147082
10	35	-0.00012026099286147082
35	24	-4.668865930704399e-05
24	35	-4.668865930704399e-05
0	15	-2.220149472946752e-07
15	0	-2.220149472946752e-07
0	18	-2.132338344511998e-07
18	0	-2.132338344511998e-07
0	21	-2.1546368200793176e-07
21	0	-2.1546368200793176e-07
1	38	-1.978885326717045e-07
38	1	-1.978885326717045e-07
1	46	-2.1622556313711494e-07
46	1	-2.1622556313711494e-07
1	48	-2.0212571292812514e-07
48	1	-2.0212571292812514e-07
36	4	-1.7089507625716585e-07
4	36	-1.7089507625716585e-07
36	5	-4.72645981638373e-05
5	36	-4.72645981638373e-05
36	24	-0.00019345722283629186
24	36	-0.00019345722283629186
37	10	-0.00011919989515147577
10	37	-0.00011919989515147577
37	24	-4.6277739435961514e-05
24	37	-4.6277739435961514e-05
4	38	-1.6497358570950315e-07
38	4	-1.6497358570950315e-07
4	10	-1.7474523717471013e-07
10	4	-1.7474523717471013e-07
4	24	-1.7452988752565785e-07
24	4	-1.7452988752565785e-07
4	15	-1.789120282066711e-07
15	4	-1.789120282066711e-07
4	18	-1.718363429111586e-07
18	4	-1.718363429111586e-07
4	21	-1.7363312455825536e-07
21	4	-1.7363312455825536e-07
4	46	-1.8025918734589492e-07
46	4	-1.8025918734589492e-07
4	48	-1.6850568656095761e-07
48	4	-1.6850568656095761e-07
5	10	-4.622193633685592e-05
10	5	-4.622193633685592e-05
5	24	-1.894875074850056e-07
24	5	-1.894875074850056e-07
5	15	-4.514409130428986e-05
15	5	-4.514409130428986e-05
5	18	-4.7005378709461565e-05
18	5	-4.7005378709461565e-05
5	21	-4.651835826639755e-05
21	5	-4.651835826639755e-05
5	46	-4.4806274348333186e-05
46	5	-4.4806274348333186e-05
5	48	-4.793562882560362e-05
48	5	-4.793562882560362e-05
38	24	-0.00018675338839235466
24	38	-0.00018675338839235466
8	10	-1.2499687543740215e-09
10	8	-1.2499687543740215e-09
8	24	-4.696036706236037e-05
24	8	-4.696036706236037e-05
9	10	-1.5103813004450493e-09
10	9	-1.5103813004450493e-09
9	24	-4.6960701755530114e-05
24	9	-4.6960701755530114e-05
49	24	-4.6961658739170674e-05
24	49	-4.6961658739170674e-05
10	40	-0.00012088961867203125
40	10	-0.00012088961867203125
10	11	-0.00012089007012983048
11	10	-0.00012089007012983048
10	12	-0.00012089135794534274
12	10	-0.00012089135794534274
10	24	-0.00019732878076361826
24	10	-0.00019732878076361826
10	13	-0.00012163220091157196
13	10	-0.00012163220091157196
10	14	-0.00012163265629265061
14	10	-0.00012163265629265061
10	50	-5.063418904964177e-10
50	10	-5.063418904964177e-10
10	16	-0.00012043271334001096
16	10	-0.00012043271334001096
10	17	-0.00012043323613044995
17	10	-0.00012043323613044995
10	53	-0.00012043451700932959
53	10	-0.00012043451700932959
10	19	-0.00012075076167815601
19	10	-0.00012075076167815601
10	20	-0.00012075129711749045
20	10	-0.00012075129711749045
10	51	-5.026728834934391e-10
51	10	-5.026728834934391e-10
10	22	-0.0001208976630227876
22	10	-0.0001208976630227876
10	23	-0.00012089811450571872
23	10	-0.00012089811450571872
10	52	-0.00012089940239267717
52	10	-0.00012089940239267717
10	45	-0.00012183447640420283
45	10	-0.00012183447640420283
10	25	-0.00012183500840238648
25	10	-0.00012183500840238648
10	26	-0.00012183631056891004
26	10	-0.00012183631056891004
10	47	-0.00011984168885853726
47	10	-0.00011984168885853726
10	28	-0.00011984213476035155
28	10	-0.00011984213476035155
10	29	-0.0001198434067585249
29	10	-0.0001198434067585249
40	24	-4.6933765633264666e-05
24	40	-4.6933765633264666e-05
11	24	-4.6934100166274934e-05
24	11	-4.6934100166274934e-05
24	13	-4.722716449422725e-05
13	24	-4.722716449422725e-05
24	14	-4.722750152587755e-05
14	24	-4.722750152587755e-05
24	50	-4.72284651849298e-05
50	24	-4.72284651849298e-05
24	15	-0.0001927326578133544
15	24	-0.0001927326578133544
24	16	-4.675817256478803e-05
16	24	-4.675817256478803e-05
24	17	-4.675853419053075e-05
17	24	-4.675853419053075e-05
24	53	-4.675948629580218e-05
53	24	-4.675948629580218e-05
24	18	-0.0001945228528552424
18	24	-0.0001945228528552424
24	19	-4.688491332360278e-05
19	24	-4.688491332360278e-05
24	20	-4.688528027982718e-05
20	24	-4.688528027982718e-05
24	51	-4.688623542469879e-05
51	24	-4.688623542469879e-05
24	21	-0.00019655703429405648
21	24	-0.00019655703429405648
24	22	-4.6939776743310485e-05
22	24	-4.6939776743310485e-05
24	23	-4.69401112950234e-05
23	24	-4.69401112950234e-05
24	45	-4.729954248447922e-05
45	24	-4.729954248447922e-05
24	25	-4.729990953172402e-05
25	24	-4.729990953172402e-05
24	26	-4.730087520073422e-05
26	24	-4.730087520073422e-05
24	46	-0.00019129214622091864
46	24	-0.00019129214622091864
24	47	-4.652691239359053e-05
47	24	-4.652691239359053e-05
24	28	-4.6527243388925886e-05
28	24	-4.6527243388925886e-05
24	29	-4.652818981696822e-05
29	24	-4.652818981696822e-05
24	48	-0.00019075214344618346
48	24	-0.00019075214344618346
35	3	-0.00014964812621266478
3	35	-0.00014964812621266478
35	7	-0.00014964512160398096
7	35	-0.00014964512160398096
35	32	-0.00014963064558187424
32	35	-0.00014963064558187424
0	7	-2.2335571512034128e-09
7	0	-2.2335571512034128e-09
0	31	-1.5408013415852734e-08
31	0	-1.5408013415852734e-08
0	32	-1.310577586449386e-08
32	0	-1.310577586449386e-08
0	33	-6.085422304667453e-09
33	0	-6.085422304667453e-09
0	34	-8.433082422094428e-09
34	0	-8.433082422094428e-09
1	31	-1.3151514409684955e-08
31	1	-1.3151514409684955e-08
1	32	-1.0849303150433181e-08
32	1	-1.0849303150433181e-08
1	33	-3.8290297647345785e-09
33	1	-3.8290297647345785e-09
1	34	-6.176663071317814e-09
34	1	-6.176663071317814e-09
3	37	-0.00014832695576733624
37	3	-0.00014832695576733624
3	4	-0.00014832754662904638
4	3	-0.00014832754662904638
3	5	-0.0001483289380289821
5	3	-0.0001483289380289821
3	6	-0.0001975248505753618
6	3	-0.0001975248505753618
3	7	-0.00017554283532468602
7	3	-0.00017554283532468602
3	9	-0.00015048919712981317
9	3	-0.00015048919712981317
3	49	-0.00015049004964323603
49	3	-0.00015049004964323603
3	39	-0.0001975381618530785
39	3	-0.0001975381618530785
3	31	-0.00019754141611932752
31	3	-0.00019754141611932752
3	40	-0.0001504301646537997
40	3	-0.0001504301646537997
3	11	-0.00015043066295887956
11	3	-0.00015043066295887956
3	12	-0.00015043208351160948
12	3	-0.00015043208351160948
3	13	-0.00015134931341102552
13	3	-0.00015134931341102552
3	14	-0.0001513496155153754
14	3	-0.0001513496155153754
3	50	-0.00015135047352147877
50	3	-0.00015135047352147877
3	41	-0.0001975361331957734
41	3	-0.0001975361331957734
3	32	-0.0001975460208409342
32	3	-0.0001975460208409342
3	16	-0.00014986073185710877
16	3	-0.00014986073185710877
3	17	-0.00014986131919014363
17	3	-0.00014986131919014363
3	53	-0.0001498627317970687
53	3	-0.0001498627317970687
3	42	-0.0001975295230292306
42	3	-0.0001975295230292306
3	33	-0.0001975600636249915
33	3	-0.0001975600636249915
3	19	-0.00015025223470256687
19	3	-0.00015025223470256687
3	20	-0.0001502526398116727
20	3	-0.0001502526398116727
3	51	-0.00015025349082885685
51	3	-0.00015025349082885685
3	43	-0.0001975367940848129
43	3	-0.0001975367940848129
3	22	-0.0001504386535853241
22	3	-0.0001504386535853241
3	23	-0.00015043895363898503
23	3	-0.00015043895363898503
3	52	-0.00015043980586255628
52	3	-0.00015043980586255628
3	44	-0.00019753198469522283
44	3	-0.00019753198469522283
3	34	-0.00019755536738806702
34	3	-0.00019755536738806702
3	45	-0.00015160666515660342
45	3	-0.00015160666515660342
3	25	-0.00015160726321590125
25	3	-0.00015160726321590125
3	26	-0.000151608700209695
26	3	-0.000151608700209695
3	47	-0.00014912579824619842
47	3	-0.00014912579824619842
3	28	-0.0001491262901854789
28	3	-0.0001491262901854789
3	29	-0.00014912769262633263
29	3	-0.00014912769262633263
3	30	-0.0001975259216102138
30	3	-0.0001975259216102138
10	6	-6.155122493180363e-05
6	10	-6.155122493180363e-05
10	39	-8.499388936720483e-09
39	10	-8.499388936720483e-09
10	41	-6.197882200903857e-09
41	10	-6.197882200903857e-09
10	42	-0.00015873211558844124
42	10	-0.00015873211558844124
10	43	-6.1979029305153305e-09
43	10	-6.1979029305153305e-09
10	44	-1.526652173634017e-09
44	10	-1.526652173634017e-09
10	27	-0.00015872066402525196
27	10	-0.00015872066402525196
10	30	-0.00015872537256732502
30	10	-0.00015872537256732502
37	7	-0.00014832398905012238
7	37	-0.00014832398905012238
37	32	-0.00014830969558045508
32	37	-0.00014830969558045508
4	7	-0.00014832457990008224
7	4	-0.00014832457990008224
4	31	-2.2792280302588346e-09
31	4	-2.2792280302588346e-09
4	32	-0.00014831028637380444
32	4	-0.00014831028637380444
5	7	-0.00014832597127497596
7	5	-0.00014832597127497596
5	31	-0.00014830865124219742
31	5	-0.00014830865124219742
5	32	-4.6495710070902365e-09
32	5	-4.6495710070902365e-09
6	31	-0.0001974952931407982
31	6	-0.0001974952931407982
6	32	-6.997148525375999e-09
32	6	-6.997148525375999e-09
6	33	-0.0001975139339934365
33	6	-0.0001975139339934365
6	34	-0.00019750923943206734
34	6	-0.00019750923943206734
7	8	-0.00015048717783150003
8	7	-0.00015048717783150003
7	9	-0.00015048747798756905
9	7	-0.00015048747798756905
7	49	-5.55545036897018e-10
49	7	-5.55545036897018e-10
7	39	-6.266305516348882e-09
39	7	-6.266305516348882e-09
7	31	-7.225152855920501e-09
31	7	-7.225152855920501e-09
7	40	-0.00015042713757561376
40	7	-0.00015042713757561376
7	11	-0.00015042763587157172
11	7	-0.00015042763587157172
7	12	-0.00015042905639838045
12	7	-0.00015042905639838045
7	13	-0.00015134758441993478
13	7	-0.00015134758441993478
7	14	-0.00015134788652382616
14	7	-0.00015134788652382616
7	50	-0.00015134874452870682
50	7	-0.00015134874452870682
7	41	-3.9648217020487896e-09
41	7	-3.9648217020487896e-09
7	32	-4.923075183977901e-09
32	7	-4.923075183977901e-09
7	16	-0.00014985772123090222
16	7	-0.00014985772123090222
7	17	-0.0001498583085522597
17	7	-0.0001498583085522597
7	53	-0.0001498597211335045
53	7	-0.0001498597211335045
7	42	-0.00019752726648076236
42	7	-0.00019752726648076236
7	33	-0.00019756457758899847
33	7	-0.00019756457758899847
7	19	-0.00015025051824433318
19	7	-0.00015025051824433318
7	20	-0.0001502509233517821
20	7	-0.0001502509233517821
7	51	-0.00015025177436776122
51	7	-0.00015025177436776122
7	43	-3.964834962903188e-09
43	7	-3.964834962903188e-09
7	22	-0.0001504359964640833
22	7	-0.0001504359964640833
7	23	-0.00015043649478775642
23	7	-0.00015043649478775642
7	52	-0.0001504379153933308
52	7	-0.0001504379153933308
7	44	-0.00019752972814545292
44	7	-0.00019752972814545292
7	34	-2.507062332256524e-10
34	7	-2.507062332256524e-10
7	45	-0.00015160360405539885
45	7	-0.00015160360405539885
7	25	-0.00015160420210267713
25	7	-0.00015160420210267713
7	26	-0.00015160563907004888
26	7	-0.00015160563907004888
7	27	-0.00019751739797517183
27	7	-0.00019751739797517183
7	47	-0.00014912280866288165
47	7	-0.00014912280866288165
7	28	-0.000149123300593233
28	7	-0.000149123300593233
7	29	-0.00014912470300871303
29	7	-0.00014912470300871303
8	32	-0.00015047569408785437
32	8	-0.00015047569408785437
9	31	-0.0001504731030374897
31	9	-0.0001504731030374897
9	32	-0.00015047619261566612
32	9	-0.00015047619261566612
49	32	-0.0001504776138021012
32	49	-0.0001504776138021012
39	32	-0.00019752503288924847
32	39	-0.00019752503288924847
31	11	-0.00015040996362516998
11	31	-0.00015040996362516998
31	32	-0.00019756767814927773
32	31	-0.00019756767814927773
40	32	-0.00015041255330063957
32	40	-0.00015041255330063957
11	32	-4.786323095534089e-10
32	11	-4.786323095534089e-10
12	32	-0.00015041447195457533
32	12	-0.00015041447195457533
13	32	-0.00015133466539679543
32	13	-0.00015133466539679543
14	32	-0.0001513351681429286
32	14	-0.0001513351681429286
50	32	-0.00015133660133106046
32	50	-0.00015133660133106046
32	16	-0.00014984321621775123
16	32	-0.00014984321621775123
32	17	-0.00014984380348284944
17	32	-0.00014984380348284944
32	53	-0.0001498452159403715
53	32	-0.0001498452159403715
32	42	-0.00019750841890211983
42	32	-0.00019750841890211983
32	33	-0.00019755823983040333
33	32	-0.00019755823983040333
32	19	-0.00015023772588456706
19	32	-0.00015023772588456706
32	20	-0.00015023832872425186
20	32	-0.00015023832872425186
32	51	-0.0001502397466161509
51	32	-0.0001502397466161509
32	22	-0.00015042141141675434
22	32	-0.00015042141141675434
32	23	-0.00015042190969647622
23	32	-0.00015042190969647622
32	52	-0.00015042333017715713
52	32	-0.00015042333017715713
32	44	-0.00019751322738352113
44	32	-0.00019751322738352113
32	34	-0.00019756293613560852
34	32	-0.00019756293613560852
32	45	-0.0001515888558654766
45	32	-0.0001515888558654766
32	25	-0.00015158945385484708
25	32	-0.00015158945385484708
32	26	-0.00015159089069492266
26	32	-0.00015159089069492266
32	27	-0.0001974956576841494
27	32	-0.0001974956576841494
32	47	-0.00014910840502954133
47	32	-0.00014910840502954133
32	28	-0.0001491088969168737
28	32	-0.0001491088969168737
32	29	-0.00014911029921010812
29	32	-0.00014911029921010812
32	30	-0.00019750096705500474
30	32	-0.00019750096705500474
36	3	-6.295336567432058e-05
3	36	-6.295336567432058e-05
36	6	-6.293955576762118e-05
6	36	-6.293955576762118e-05
36	7	-6.295634097359098e-05
7	36	-6.295634097359098e-05
36	32	-6.297067745902745e-05
32	36	-6.297067745902745e-05
3	38	-6.521561415318228e-05
38	3	-6.521561415318228e-05
3	24	-1.671605235456865e-07
24	3	-1.671605235456865e-07
3	15	-6.012917886687926e-05
15	3	-6.012917886687926e-05
3	18	-6.260812549743365e-05
18	3	-6.260812549743365e-05
3	21	-6.195948967526557e-05
21	3	-6.195948967526557e-05
3	46	-5.967925898756021e-05
46	3	-5.967925898756021e-05
3	48	-6.384707461650881e-05
48	3	-6.384707461650881e-05
6	38	-6.520126131108498e-05
38	6	-6.520126131108498e-05
6	24	-1.9700279946458033e-07
24	6	-1.9700279946458033e-07
6	15	-6.011604675972414e-05
15	6	-6.011604675972414e-05
6	18	-6.25943984477301e-05
18	6	-6.25943984477301e-05
6	21	-6.194591829694448e-05
21	6	-6.194591829694448e-05
6	46	-5.966623486033346e-05
46	6	-5.966623486033346e-05
6	48	-6.383305022133714e-05
48	6	-6.383305022133714e-05
38	7	-6.521861528816701e-05
7	38	-6.521861528816701e-05
38	32	-6.523307626304426e-05
32	38	-6.523307626304426e-05
7	24	-6.164371590206793e-05
24	7	-6.164371590206793e-05
7	15	-6.013212191289177e-05
15	7	-6.013212191289177e-05
7	18	-6.261109685393354e-05
18	7	-6.261109685393354e-05
7	21	-6.196245362410447e-05
21	7	-6.196245362410447e-05
7	46	-5.9682196895321305e-05
46	7	-5.9682196895321305e-05
7	48	-6.385006012226587e-05
48	7	-6.385006012226587e-05
39	24	-6.164458269544668e-05
24	39	-6.164458269544668e-05
31	24	-6.166100067086381e-05
24	31	-6.166100067086381e-05
24	41	-6.164164844202283e-05
41	24	-6.164164844202283e-05
24	32	-6.165798015578608e-05
32	24	-6.165798015578608e-05
24	42	-6.163256862405193e-05
42	24	-6.163256862405193e-05
24	33	-6.164876951470084e-05
33	24	-6.164876951470084e-05
24	43	-6.164185461619551e-05
43	24	-6.164185461619551e-05
24	44	-6.163568332199515e-05
44	24	-6.163568332199515e-05
24	34	-6.165184962377903e-05
34	24	-6.165184962377903e-05
24	27	-6.162438661734039e-05
27	24	-6.162438661734039e-05
24	30	-6.162759475853059e-05
30	24	-6.162759475853059e-05
15	32	-6.014630298594116e-05
32	15	-6.014630298594116e-05
32	18	-6.262541434112249e-05
18	32	-6.262541434112249e-05
32	21	-6.197673541746425e-05
21	32	-6.197673541746425e-05
32	46	-5.969635320969599e-05
46	32	-5.969635320969599e-05
32	48	-6.386444578767858e-05
48	32	-6.386444578767858e-05
