0	1	-4.390495188511839e-05
1	0	-4.390495188511839e-05
10	0	-0.00016656124926458087
0	10	-0.00016656124926458087
1	3	-1.8790418437020857e-05
3	1	-1.8790418437020857e-05
10	3	-0.00015876131483555443
3	10	-0.00015876131483555443
2	36	-0.00017991857919460576
36	2	-0.00017991857919460576
0	2	-4.3420488578302735e-05
2	0	-4.3420488578302735e-05
2	1	-0.00013471991823618093
1	2	-0.00013471991823618093
7	1	-0.0001656382029586221
1	7	-0.0001656382029586221
2	7	-0.00018253960973975837
7	2	-0.00018253960973975837
10	7	-0.00015876538418296818
7	10	-0.00015876538418296818
2	38	-0.00017368442552919208
38	2	-0.00017368442552919208
0	6	-1.6179041902620065e-05
6	0	-1.6179041902620065e-05
0	4	-1.807017848933998e-05
4	0	-1.807017848933998e-05
0	3	-1.8790418437020857e-05
3	0	-1.8790418437020857e-05
1	10	-0.0001202627193248033
10	1	-0.0001202627193248033
2	10	-0.00015872055419963147
10	2	-0.00015872055419963147
8	2	-0.00015052664863241417
2	8	-0.00015052664863241417
2	24	-2.0935250284677524e-07
24	2	-2.0935250284677524e-07
40	2	-0.00019756688457858013
2	40	-0.00019756688457858013
2	4	-0.00017732768517547323
4	2	-0.00017732768517547323
10	32	-0.00015878499234151728
32	10	-0.00015878499234151728
2	15	-0.0001883588376023779
15	2	-0.0001883588376023779
13	2	-0.0001972278998939568
2	13	-0.0001972278998939568
2	18	-0.00018090954606585013
18	2	-0.00018090954606585013
16	2	-0.00019681515631499695
2	16	-0.00019681515631499695
2	21	-0.00018280120033786748
21	2	-0.00018280120033786748
2	19	-0.00019579826321565843
19	2	-0.00019579826321565843
0	5	-1.676581701387706e-05
5	0	-1.676581701387706e-05
5	2	-0.00018331090386541934
2	5	-0.00018331090386541934
2	46	-0.0001897771286590111
46	2	-0.0001897771286590111
2	48	-0.00017740302632614804
48	2	-0.00017740302632614804
35	2	-0.00019654201198248682
2	35	-0.00019654201198248682
37	2	-0.0001948045847948979
2	37	-0.0001948045847948979
2	47	-0.00019585376350964663
47	2	-0.00019585376350964663
2	11	-0.00019593638200142674
11	2	-0.00019593638200142674
2	17	-0.0001968155879904149
17	2	-0.0001968155879904149
2	20	-0.00019579871229063155
20	2	-0.00019579871229063155
2	28	-0.00019585407282792807
28	2	-0.00019585407282792807
9	2	-0.00015052694879889072
2	9	-0.00015052694879889072
14	2	-0.0001972282141647305
2	14	-0.0001972282141647305
1	4	-1.807017848933998e-05
4	1	-1.807017848933998e-05
1	5	-1.676581701387706e-05
5	1	-1.676581701387706e-05
1	6	-1.6179041902620065e-05
6	1	-1.6179041902620065e-05
2	49	-4.3674936950084754e-05
49	2	-4.3674936950084754e-05
2	12	-0.00019756808240219563
12	2	-0.00019756808240219563
2	50	-0.0001513884415041677
50	2	-0.0001513884415041677
2	53	-0.0001968164694309528
53	2	-0.0001968164694309528
2	51	-0.00015029118362099687
51	2	-0.00015029118362099687
2	29	-0.00019585494930539666
29	2	-0.00019585494930539666
4	10	-0.00017647558202636977
10	4	-0.00017647558202636977
8	10	-0.00015189625048797216
10	8	-0.00015189625048797216
9	10	-0.0001714525578700215
10	9	-0.0001714525578700215
0	7	-0.00016053132594432638
7	0	-0.00016053132594432638
10	6	-0.0001587245122318825
6	10	-0.0001587245122318825
